0
0
0
0
0
0
0
0
0
0
0
0
0
0
0
0
0
0
0
0
0
0
0
0
0
0
0
0
0
0
0
0
0
0
0
0
0
0
0
0
0
0
0
0
0
0
0
0
0
0
0
0
0
0
0
0
0
0
0
0
0
0
0
0
0
0
0
0
0
0
0
0
0
0
0
0
0
0
0
0
0
0
0
0
0
0
0
0
0
0
0
0
0
0
0
0
0
0
0
0
0
0
0
0
0
0
0
0
0
0
0
0
0
0
0
0
0
0
0
0
0
0
0
0
0
0
0
0
0
0
0
0
0
0
0
0
0
0
0
0
0
0
0
0
0
0
0
0
0
0
0
0
0
0
0
0
0
0
0
0
0
0
0
0
0
0
0
0
0
0
0
0
0
0
0
0
0
0
0
0
0
0
0
0
0
0
0
0
0
0
0
0
0
0
0
0
0
0
0
0
0
0
0
0
0
0
0
0
0
0
0
0
0
0
0
0
0
0
0
0
0
0
0
0
0
0
0
0
0
0
0
0
0
0
0
0
0
0
0
0
0
0
0
0
0
0
0
0
0
0
0
0
0
0
0
0
0
0
0
0
0
0
0
0
0
0
0
0
0
0
0
0
0
0
0
0
0
0
0
0
0
0
0
0
0
0
0
0
0
0
0
0
0
0
0
0
0
0
0
0
0
0
0
0
0
0
0
0
0
0
0
0
0
0
0
0
0
0
0
0
0
0
0
0
0
0
0
0
0
0
0
0
0
0
0
0
0
0
0
0
0
0
0
0
0
0
0
0
0
0
0
0
0
0
0
0
0
0
0
0
0
0
0
0
0
0
0
0
0
0
0
0
0
0
0
0
0
0
0
0
0
0
0
0
0
0
0
0
0
0
0
0
0
0
0
0
0
0
0
0
0
0
0
0
0
0
0
0
0
0
0
0
0
0
0
0
0
0
0
0
0
0
0
0
0
0
0
0
0
0
0
0
0
0
0
0
0
0
0
0
0
0
0
0
0
0
0
0
0
0
0
0
0
0
0
0
0
0
0
0
0
0
0
0
0
0
0
0
0
0
0
0
0
0
0
0
0
0
0
0
0
0
0
0
0
0
0
0
0
0
0
0
0
0
0
0
0
0
0
0
0
0
0
0
0
0
0
0
0
0
0
0
0
0
0
0
0
0
0
0
0
0
0
0
0
0
0
0
0
0
0
0
0
0
0
0
0
0
0
0
0
0
0
0
0
0
0
0
0
0
0
0
0
0
0
0
0
0
0
0
0
0
0
0
0
0
0
0
0
0
0
0
0
0
0
0
0
0
0
0
0
0
0
0
0
0
0
0
0
0
0
0
0
0
0
0
0
0
0
0
0
0
0
0
0
0
0
0
0
0
0
0
0
0
0
0
0
0
0
0
0
0
0
0
0
0
0
0
0
0
0
0
0
0
0
0
0
0
0
0
0
0
0
0
0
0
0
0
0
0
0
0
0
0
0
0
0
0
0
0
0
0
0
0
0
0
0
0
0
0
0
0
0
0
0
0
0
0
0
0
0
0
0
0
0
0
0
0
0
0
0
0
0
0
0
0
0
0
0
0
0
0
0
0
0
0
0
0
0
0
0
0
0
0
0
0
0
0
0
0
0
0
0
0
0
0
0
0
0
0
0
0
0
0
0
0
0
0
0
0
0
0
0
0
0
0
0
0
0
0
37
37
37
6.803000e+01
1.049300e+02
7.983000e+01
7.274000e+01
7.870000e+01
7.724000e+01
6.250000e+01
6.532000e+01
7.424000e+01
9.634000e+01
4.136000e+01
4.136000e+01
7.518000e+01
4.218000e+01
1.755000e+02
1.467400e+02
1.389700e+02
1.594500e+02
1.210100e+02
3.816000e+01
4.218000e+01
7.576000e+01
1.231400e+02
1.956900e+02
1.973300e+02
2.795000e+01
1.840100e+02
1.865500e+02
1.806800e+02
1.728700e+02
0
0
2.031700e+02
1.627100e+02
1.570600e+02
1.877600e+02
1.746200e+02
0
0
0
2.064600e+02
0
0
2.137700e+02
2.949400e+02
3.042200e+02
3.101400e+02
3.140100e+02
3.152300e+02
3.181700e+02
3.198000e+02
3.223300e+02
3.252600e+02
3.252600e+02
3.313200e+02
3.338600e+02
3.368800e+02
3.397700e+02
3.443400e+02
3.453100e+02
3.513000e+02
3.501600e+02
3.568600e+02
3.928300e+02
4.090200e+02
4.087400e+02
4.084600e+02
4.084100e+02
4.094000e+02
4.094000e+02
3.904000e+02
4.329000e+02
4.421000e+02
4.485200e+02
4.873200e+02
5.013100e+02
5.105100e+02
5.117100e+02
5.195700e+02
5.197900e+02
5.716000e+02
5.688500e+02
5.555900e+02
5.519300e+02
5.441700e+02
5.363100e+02
5.339700e+02
5.524000e+02
5.651000e+02
5.648300e+02
5.633200e+02
5.653700e+02
5.633800e+02
5.662900e+02
5.652700e+02
5.561900e+02
5.580500e+02
5.534500e+02
5.563500e+02
5.593500e+02
5.639900e+02
5.648800e+02
5.587200e+02
5.590200e+02
3.331800e+02
4.758000e+02
4.834500e+02
5.680700e+02
5.609400e+02
5.617100e+02
5.588900e+02
5.584500e+02
5.509100e+02
5.452900e+02
5.450900e+02
5.409900e+02
5.452500e+02
5.498300e+02
546
5.441400e+02
5.347300e+02
5.362400e+02
5.403600e+02
5.335800e+02
5.287400e+02
5.415500e+02
541
5.415800e+02
5.323100e+02
5.254800e+02
5.243000e+02
5.213600e+02
5.279900e+02
5.323100e+02
5.222000e+02
5.255700e+02
5.262000e+02
5.205800e+02
5.234200e+02
5.260500e+02
5.306400e+02
5.400600e+02
5.361000e+02
5.354700e+02
5.359400e+02
4.059300e+02
3.273800e+02
4.433900e+02
4.987500e+02
4.987500e+02
4.987500e+02
5.095200e+02
5.208700e+02
5.283000e+02
5.284300e+02
5.268300e+02
5.304500e+02
5.433100e+02
5.442200e+02
5.372800e+02
5.337100e+02
5.321100e+02
5.383300e+02
5.383300e+02
5.323100e+02
5.291700e+02
5.327200e+02
5.287900e+02
5.287900e+02
5.283500e+02
5.320900e+02
5.349900e+02
5.300900e+02
5.234900e+02
5.342700e+02
5.363200e+02
5.386400e+02
5.399500e+02
5.362800e+02
5.410300e+02
5.410300e+02
5.410300e+02
5.422400e+02
5.444300e+02
5.474900e+02
5.423400e+02
5.442600e+02
5.442600e+02
5.404000e+02
5.393000e+02
5.456300e+02
5.519000e+02
5.561900e+02
5.555300e+02
5.548100e+02
5.536700e+02
5.524000e+02
5.509100e+02
5.538000e+02
5.604100e+02
5.601500e+02
5.612300e+02
5.591700e+02
5.604800e+02
5.640400e+02
5.652000e+02
5.657100e+02
5.679500e+02
5.731100e+02
5.721800e+02
5.739100e+02
5.754300e+02
5.783700e+02
5.785700e+02
5.788800e+02
5.793100e+02
5.818800e+02
5.812500e+02
5.832900e+02
5.941400e+02
5.354100e+02
5.673000e+02
5.673000e+02
5.673000e+02
5.731100e+02
5.790400e+02
5.868500e+02
5.883100e+02
5.887400e+02
5.825400e+02
5.840400e+02
5.836300e+02
5.888700e+02
5.946600e+02
5.948700e+02
5.962700e+02
6.013300e+02
6.034500e+02
6.054200e+02
6.014500e+02
5.063400e+02
5.121600e+02
6.180700e+02
6.320300e+02
6.376600e+02
6.444100e+02
6.501500e+02
650
6.526500e+02
6.543500e+02
6.575900e+02
6.613200e+02
6.655800e+02
6.635000e+02
6.591300e+02
6.707100e+02
6.697100e+02
671
6.702300e+02
6.786400e+02
6.786000e+02
6.785800e+02
6.762300e+02
6.766400e+02
6.777600e+02
6.768300e+02
6.778200e+02
6.800700e+02
6.821500e+02
6.823600e+02
6.846500e+02
6.865700e+02
6.894900e+02
6.898000e+02
6.875000e+02
6.873200e+02
6.898800e+02
6.911300e+02
6.932800e+02
6.949700e+02
6.980500e+02
2.992300e+02
6.996400e+02
7.016500e+02
7.046800e+02
6.990900e+02
7.022300e+02
7.024900e+02
7.014600e+02
7.153400e+02
7.173400e+02
7.180600e+02
7.202500e+02
7.185100e+02
7.252600e+02
7.279900e+02
7.180600e+02
7.252600e+02
7.305600e+02
7.323100e+02
7.344400e+02
7.362400e+02
7.396000e+02
7.344500e+02
7.460700e+02
7.506600e+02
7.530600e+02
7.601400e+02
7.515600e+02
7.713400e+02
7.606964e+02
7.630793e+02
7.654621e+02
7.679800e+02
7.661200e+02
7.683300e+02
7.649000e+02
7.649000e+02
7.649000e+02
7.643000e+02
7.653700e+02
7.680900e+02
7.690100e+02
7.722600e+02
7.722600e+02
7.722600e+02
7.758300e+02
7.762500e+02
7.738400e+02
7.777300e+02
7.810100e+02
7.810100e+02
7.810100e+02
7.748600e+02
7.810400e+02
7.781100e+02
8.134400e+02
7.833200e+02
7.833200e+02
7.833200e+02
8.038000e+01
4.353100e+02
5.423200e+02
7.899200e+02
7.868700e+02
7.868700e+02
7.868700e+02
7.868700e+02
7.768500e+02
7.845800e+02
7.814700e+02
7.816600e+02
7.816600e+02
7.816600e+02
7.753600e+02
7.804600e+02
7.774900e+02
775
7.733900e+02
7.745200e+02
7.757700e+02
7.748600e+02
7.781900e+02
7.746100e+02
7.776300e+02
7.845500e+02
7.868400e+02
7.801900e+02
7.771300e+02
7.782200e+02
7.728000e+02
7.739700e+02
7.779200e+02
7.445100e+02
7.712000e+02
7.703700e+02
7.703700e+02
7.683900e+02
7.657300e+02
7.660400e+02
7.660400e+02
7.660400e+02
7.729800e+02
7.632100e+02
7.673400e+02
7.641100e+02
7.646700e+02
7.646700e+02
7.646700e+02
7.651700e+02
7.611700e+02
7.603700e+02
7.603700e+02
7.602600e+02
7.602600e+02
7.602600e+02
7.592400e+02
7.585700e+02
7.599800e+02
7.608200e+02
7.651900e+02
7.651900e+02
7.651900e+02
7.729300e+02
7.573700e+02
7.555900e+02
7.468200e+02
7.538100e+02
7.538100e+02
7.538100e+02
7.827800e+02
7.861800e+02
7.914400e+02
7.897800e+02
7.894600e+02
7.894600e+02
7.894600e+02
8.120100e+02
7.918800e+02
7.990100e+02
7.903900e+02
7.883000e+02
7.883000e+02
7.883000e+02
7.885500e+02
7.825900e+02
7.825900e+02
7.834100e+02
7.959600e+02
7.959600e+02
7.959600e+02
7.899000e+02
7.738900e+02
7.676400e+02
7.786700e+02
7.753700e+02
7.753700e+02
7.753700e+02
7.544500e+02
7.414900e+02
7.411700e+02
7.447300e+02
7.399400e+02
7.399400e+02
7.399400e+02
7.256400e+02
7.213400e+02
7.238960e+02
7.317200e+02
7.306000e+02
7.306000e+02
7.306000e+02
7.306000e+02
7.005700e+02
6.957100e+02
7.119400e+02
7.126400e+02
7.126400e+02
7.126400e+02
6.953000e+02
6.922200e+02
6.894700e+02
6.855500e+02
6.829900e+02
6.829900e+02
6.829900e+02
6.833300e+02
6.833300e+02
6.795100e+02
6.894900e+02
6.856700e+02
6.856700e+02
6.856700e+02
6.731300e+02
6.741700e+02
6.741700e+02
6.741700e+02
6.741700e+02
6.741700e+02
6.741700e+02
6.658800e+02
6.658500e+02
6.672500e+02
6.678000e+02
6.679200e+02
6.679200e+02
6.679200e+02
6.679200e+02
6.674200e+02
6.719300e+02
6.751800e+02
6.752500e+02
6.752500e+02
6.752500e+02
6.720200e+02
6.200300e+02
5.903100e+02
5.903100e+02
5.804600e+02
5.804600e+02
5.804600e+02
5.729900e+02
5.704500e+02
5.693300e+02
5.693300e+02
567
567
567
565
565
565
565
5.617000e+02
5.617000e+02
5.617000e+02
5.594100e+02
5.572900e+02
5.543200e+02
5.518900e+02
5.493600e+02
5.493600e+02
5.493600e+02
7.156200e+02
7.088800e+02
7.024200e+02
7.024200e+02
7.024200e+02
7.024200e+02
7.024200e+02
7.048800e+02
7.048800e+02
7.048800e+02
6.953100e+02
6.928900e+02
6.928900e+02
6.928900e+02
6.928900e+02
6.928900e+02
6.928900e+02
6.928900e+02
0
0
0
7.055600e+02
7.073900e+02
7.006300e+02
7.006300e+02
7.006300e+02
7.006300e+02
7.006300e+02
7.006300e+02
7.006300e+02
7.006300e+02
7.006300e+02
7.006300e+02
7.006300e+02
7.006300e+02
6.869300e+02
685
7.034000e+02
7.034000e+02
7.034000e+02
7.034000e+02
7.034000e+02
7.078200e+02
715
7.146000e+02
701
697
697
697
708
6.933300e+02
7.140300e+02
7.522400e+02
720
720
720
720
7.417800e+02
7.402300e+02
7.402100e+02
7.412100e+02
7.412100e+02
7.412100e+02
7.429900e+02
7.385900e+02
7.398100e+02
7.398100e+02
7.358400e+02
7.358400e+02
7.358400e+02
7.358400e+02
7.482400e+02
7.498800e+02
7.539500e+02
755
755
755
7.567600e+02
743
743
7.133600e+02
7.133600e+02
7.133600e+02
7.133600e+02
7.020100e+02
7.020100e+02
7.076600e+02
7.051700e+02
7.051700e+02
7.051700e+02
7.051700e+02
7.051700e+02
7.051700e+02
7.051700e+02
7.051700e+02
7.051700e+02
7.051700e+02
7.051700e+02
7.051700e+02
7.051700e+02
7.051700e+02
7.051700e+02
7.051700e+02
7.051700e+02
7.051700e+02
7.212700e+02
7.499400e+02
7.463900e+02
7.462200e+02
7.462200e+02
7.462200e+02
7.462200e+02
7.369900e+02
7.343300e+02
7.319500e+02
7.319200e+02
7.294000e+02
7.294000e+02
7.294000e+02
7.256800e+02
7.213900e+02
7.153000e+02
7.156700e+02
7.062600e+02
7.062600e+02
7.062600e+02
7.066300e+02
6.981800e+02
6.970800e+02
6.970800e+02
6.968600e+02
6.968600e+02
6.968600e+02
6.968700e+02
6.913100e+02
6.852200e+02
6.817200e+02
6.766800e+02
6.766800e+02
6.766800e+02
6.745400e+02
6.737400e+02
6.731400e+02
6.731600e+02
6.260700e+02
6.260700e+02
6.260700e+02
6.682500e+02
6.649900e+02
6.679000e+02
666
6.591300e+02
6.591300e+02
6.591300e+02
6.541600e+02
6.518600e+02
6.434300e+02
6.430400e+02
6.523100e+02
6.523100e+02
6.523100e+02
6.509600e+02
6.484500e+02
6.152500e+02
6.534800e+02
6.518400e+02
6.518400e+02
6.518400e+02
6.518400e+02
6.341100e+02
6.341100e+02
6.279700e+02
6.293600e+02
6.293600e+02
6.293600e+02
6.158700e+02
5.736300e+02
5.463400e+02
541
5.414900e+02
5.414900e+02
5.414900e+02
5.323700e+02
5.279900e+02
5.279900e+02
5.279900e+02
0
0
0
5.080800e+02
5.039900e+02
5.021700e+02
4.970600e+02
5.049900e+02
5.049900e+02
5.049900e+02
4.870800e+02
4.852800e+02
4.797000e+02
4.784200e+02
4.887500e+02
4.887500e+02
4.887500e+02
4.779400e+02
4.753400e+02
4.552700e+02
4.692000e+02
4.690900e+02
4.690900e+02
4.690900e+02
4.700500e+02
4.700500e+02
4.697100e+02
4.720700e+02
4.713500e+02
4.713500e+02
4.713500e+02
4.794400e+02
4.815800e+02
4.787400e+02
4.806700e+02
4.847700e+02
4.847700e+02
4.847700e+02
4.935100e+02
4.985800e+02
4.973400e+02
4.774300e+02
4.615200e+02
4.615200e+02
4.615200e+02
4.442300e+02
4.403900e+02
4.358500e+02
4.320800e+02
4.293100e+02
4.293100e+02
4.293100e+02
4.356700e+02
4.435100e+02
4.376900e+02
4.350100e+02
4.263300e+02
4.263300e+02
4.263300e+02
4.423500e+02
4.335300e+02
4.536200e+02
4.721900e+02
4.721900e+02
4.721900e+02
4.721900e+02
4.929700e+02
4.945800e+02
4.940400e+02
4.996000e+02
5.036600e+02
5.036600e+02
5.036600e+02
5.120700e+02
5.129600e+02
5.172600e+02
5.198400e+02
5.205000e+02
5.205000e+02
5.205000e+02
5.138800e+02
4.820300e+02
4.873600e+02
4.944500e+02
4.968900e+02
4.968900e+02
4.968900e+02
5.027800e+02
5.027800e+02
5.027800e+02
5.027800e+02
5.188100e+02
5.188100e+02
5.188100e+02
5.194500e+02
5.194500e+02
5.305600e+02
5.305600e+02
5.373000e+02
5.373000e+02
5.373000e+02
5.410900e+02
5.410900e+02
5.404300e+02
5.404300e+02
5.444900e+02
5.444900e+02
5.444900e+02
5.413100e+02
5.413100e+02
5.413100e+02
5.413100e+02
5.426700e+02
5.426700e+02
5.426700e+02
5.438900e+02
5.438900e+02
5.416700e+02
5.416700e+02
5.363800e+02
5.363800e+02
5.363800e+02
5.336200e+02
5.336200e+02
5.336200e+02
5.336200e+02
5.320900e+02
5.320900e+02
5.320900e+02
5.306500e+02
5.306500e+02
5.273200e+02
5.273200e+02
5.273200e+02
5.273200e+02
5.273200e+02
5.260600e+02
5.260600e+02
5.276000e+02
5.276000e+02
5.288400e+02
5.288400e+02
5.288400e+02
5.288400e+02
5.288400e+02
5.375900e+02
5.375900e+02
5.380800e+02
5.380800e+02
5.380800e+02
5.330800e+02
5.330800e+02
5.485800e+02
5.485800e+02
5.493200e+02
5.493200e+02
5.493200e+02
5.504500e+02
5.504500e+02
5.389100e+02
5.389100e+02
4.985900e+02
4.985900e+02
4.985900e+02
4.796200e+02
4.796200e+02
4.696200e+02
4.696200e+02
4.509900e+02
4.509900e+02
4.509900e+02
4.502400e+02
4.502400e+02
4.434000e+01
4.434000e+01
4.364200e+02
4.364200e+02
4.364200e+02
4.358600e+02
4.358600e+02
4.358600e+02
4.358600e+02
4.358600e+02
4.358600e+02
4.358600e+02
4.125700e+02
4.125700e+02
4.078400e+02
4.078400e+02
4.078400e+02
4.078400e+02
4.078400e+02
3.996500e+02
3.996500e+02
3.996500e+02
3.996500e+02
3.952500e+02
3.952500e+02
3.952500e+02
3.952500e+02
3.952500e+02
3.952500e+02
3.952500e+02
3.952500e+02
3.952500e+02
3.952500e+02
3.952500e+02
3.952500e+02
3.952500e+02
3.952500e+02
4.002300e+02
4.002300e+02
4.002300e+02
4.325200e+02
4.325200e+02
3.766900e+02
3.766900e+02
3.766900e+02
3.766900e+02
3.766900e+02
3.766900e+02
3.766900e+02
3.766900e+02
3.766900e+02
3.766900e+02
3.766900e+02
3.766900e+02
3.766900e+02
3.766900e+02
3.766900e+02
3.766900e+02
3.766900e+02
3.766900e+02
3.766900e+02
3.721600e+02
3.721600e+02
3.682600e+02
3.682600e+02
2.684300e+02
2.684300e+02
2.684300e+02
2.684300e+02
2.684300e+02
2.684300e+02
2.684300e+02
3.601300e+02
3.601300e+02
3.601300e+02
3.526000e+02
3.526000e+02
3.508100e+02
3.508100e+02
3.501900e+02
3.501900e+02
3.501900e+02
3.517600e+02
3.517600e+02
3.517600e+02
3.517600e+02
3.461900e+02
3.461900e+02
3.461900e+02
3.430500e+02
3.430500e+02
3.418400e+02
3.418400e+02
4.084000e+01
4.084000e+01
4.084000e+01
4.084000e+01
4.084000e+01
4.084000e+01
4.084000e+01
4.084000e+01
4.084000e+01
4.084000e+01
4.084000e+01
4.084000e+01
4.084000e+01
4.084000e+01
3.257000e+02
3.257000e+02
3.257000e+02
3.252400e+02
3.252400e+02
3.213000e+02
3.213000e+02
0
0
0
0
0
0
0
0
0
0
0
0
0
0
5.847400e+02
5.847400e+02
5.847400e+02
5.847400e+02
5.847400e+02
4.157000e+02
4.157000e+02
4.066800e+02
4.066800e+02
4.066800e+02
4.110100e+02
4.110100e+02
4.070400e+02
4.070400e+02
4.126600e+02
4.126600e+02
4.126600e+02
4.259600e+02
4.259600e+02
4.324700e+02
4.324700e+02
4.327600e+02
4.327600e+02
4.327600e+02
4.327600e+02
4.327600e+02
4.447300e+02
4.447300e+02
4.548200e+02
4.548200e+02
4.548200e+02
4.541800e+02
4.541800e+02
4.519300e+02
4.519300e+02
4.106400e+02
4.106400e+02
4.106400e+02
4.106400e+02
4.106400e+02
3.587800e+02
3.587800e+02
3.571200e+02
3.571200e+02
3.571200e+02
3.481100e+02
3.481100e+02
3.440700e+02
3.440700e+02
3.386700e+02
3.386700e+02
3.386700e+02
3.386700e+02
3.386700e+02
3.386700e+02
3.386700e+02
3.386700e+02
3.386700e+02
3.386700e+02
3.225700e+02
3.225700e+02
3.306500e+02
3.306500e+02
3.244000e+02
3.244000e+02
3.244000e+02
3.244000e+02
3.244000e+02
3.244000e+02
3.244000e+02
4.493700e+02
4.493700e+02
4.493700e+02
4.635400e+02
4.635400e+02
4.635400e+02
4.635400e+02
4.635400e+02
4.635400e+02
4.635400e+02
4.635400e+02
4.635400e+02
4.635400e+02
4.539900e+02
4.585200e+02
4.585200e+02
4.585200e+02
4.500200e+02
4.500200e+02
4.601700e+02
4.601700e+02
4.532400e+02
4.532400e+02
4.532400e+02
4.532400e+02
4.532400e+02
4.571000e+02
4.571000e+02
4.586700e+02
4.586700e+02
4.586700e+02
4.660700e+02
4.660700e+02
4.660700e+02
4.660700e+02
4.587700e+02
4.587700e+02
4.587700e+02
4.587700e+02
4.587700e+02
4.534600e+02
4.534600e+02
4.483200e+02
4.483200e+02
4.483200e+02
4.602200e+02
4.602200e+02
4.574500e+02
4.574500e+02
4.608500e+02
4.608500e+02
4.608500e+02
4.608500e+02
4.608500e+02
4.636700e+02
4.636700e+02
4.636700e+02
4.636700e+02
4.636700e+02
4.629400e+02
4.629400e+02
4.629400e+02
4.629400e+02
4.587400e+02
4.587400e+02
4.587400e+02
4.587400e+02
4.587400e+02
4.641900e+02
4.641900e+02
4.641900e+02
4.641900e+02
4.641900e+02
4.641900e+02
4.641900e+02
4.582400e+02
4.582400e+02
4.741600e+02
4.741600e+02
4.741600e+02
4.741600e+02
4.741600e+02
4.676200e+02
4.676200e+02
4.533600e+02
4.533600e+02
4.533600e+02
4.533600e+02
4.533600e+02
4.586900e+02
4.586900e+02
4.586900e+02
4.586900e+02
4.586900e+02
4.536900e+02
4.536900e+02
4.509100e+02
4.509100e+02
4.544200e+02
4.544200e+02
4.544200e+02
4.544200e+02
4.544200e+02
4.544200e+02
4.544200e+02
4.510700e+02
4.510700e+02
4.510700e+02
4.510700e+02
4.510700e+02
4.258200e+02
4.258200e+02
4.331800e+02
4.331800e+02
4.331800e+02
4.326300e+02
4.326300e+02
4.326300e+02
4.326300e+02
4.326300e+02
4.326300e+02
4.326300e+02
4.326300e+02
4.326300e+02
4.251400e+02
4.251400e+02
4.276600e+02
4.276600e+02
4.276600e+02
4.276600e+02
4.276600e+02
4.276600e+02
4.276600e+02
4.212800e+02
4.212800e+02
4.212800e+02
4.212800e+02
4.212800e+02
4.042000e+02
4.042000e+02
4.175500e+02
4.175500e+02
4.175500e+02
4.063400e+02
4.063400e+02
4.077100e+02
4.077100e+02
4.077500e+02
4.077500e+02
4.077500e+02
4.077500e+02
4.077500e+02
4.154700e+02
4.154700e+02
4.155200e+02
4.155200e+02
4.155200e+02
4.141600e+02
4.141600e+02
4.202800e+02
4.202800e+02
417
417
417
417
417
4.062200e+02
4.062200e+02
4.064400e+02
4.064400e+02
4.064400e+02
4.064400e+02
4.064400e+02
4.145000e+02
4.145000e+02
4.145000e+02
4.145000e+02
4.145000e+02
4.145000e+02
4.145000e+02
4.177500e+02
4.177500e+02
4.167100e+02
4.167100e+02
4.167100e+02
4.150200e+02
4.150200e+02
4.150200e+02
4.150200e+02
4.150200e+02
4.150200e+02
4.150200e+02
4.150200e+02
4.150200e+02
4.150200e+02
4.150200e+02
4.150200e+02
4.150200e+02
4.150200e+02
4.150200e+02
4.150200e+02
4.150200e+02
4.150200e+02
4.150200e+02
4.150200e+02
4.150200e+02
4.150200e+02
4.150200e+02
4.150200e+02
4.116500e+02
4.116500e+02
4.116500e+02
4.116500e+02
4.116500e+02
4.116500e+02
4.116500e+02
4.116500e+02
4.116500e+02
4.116500e+02
4.116500e+02
4.116500e+02
4.134600e+02
4.134600e+02
4.134600e+02
4.134600e+02
4.134600e+02
4.134600e+02
4.134600e+02
4.134600e+02
4.205800e+02
4.205800e+02
4.205800e+02
4.205800e+02
4.205800e+02
4.205800e+02
4.205800e+02
4.709500e+02
4.709500e+02
4.750700e+02
4.750700e+02
4.750700e+02
4.750700e+02
4.766600e+02
4.732300e+02
4.732300e+02
4.635000e+02
4.635000e+02
4.635000e+02
4.635000e+02
4.635000e+02
4.499900e+02
4.499900e+02
4.567600e+02
4.567600e+02
4.567600e+02
4.484800e+02
4.484800e+02
4.484800e+02
4.484800e+02
4.499900e+02
4.499900e+02
4.499900e+02
4.499900e+02
4.499900e+02
4.693000e+02
4.693000e+02
4.693000e+02
4.693000e+02
4.693000e+02
4.692000e+02
4.692000e+02
4.831100e+02
4.831100e+02
4.831100e+02
4.831100e+02
4.831100e+02
4.831100e+02
4.831100e+02
3.950400e+02
3.950400e+02
4.801900e+02
4.801900e+02
4.801900e+02
4.647900e+02
4.647900e+02
4.617600e+02
4.617600e+02
4.617600e+02
4.617600e+02
4.617600e+02
4.617600e+02
4.617600e+02
4.507600e+02
4.507600e+02
4.498200e+02
4.498200e+02
4.498200e+02
4.463500e+02
4.463500e+02
4.432000e+02
4.432000e+02
4.432000e+02
4.432000e+02
4.432000e+02
4.406900e+02
4.406900e+02
4.330200e+02
4.330200e+02
4.361000e+02
4.361000e+02
4.361000e+02
4.288400e+02
4.288400e+02
4.272000e+02
4.272000e+02
4.306100e+02
4.306100e+02
4.306100e+02
4.238300e+02
4.238300e+02
4.238300e+02
4.238300e+02
4.216900e+02
4.216900e+02
4.216900e+02
4.221100e+02
4.221100e+02
4.202900e+02
4.202900e+02
4.161300e+02
4.161300e+02
4.161300e+02
4.161300e+02
4.161300e+02
4.121600e+02
4.121600e+02
4.092000e+02
4.092000e+02
4.092000e+02
4.056700e+02
4.056700e+02
4.041500e+02
4.041500e+02
4.000500e+02
4.000500e+02
4.000500e+02
4.000500e+02
4.000500e+02
4.012300e+02
4.012300e+02
4.026600e+02
4.026600e+02
4.026600e+02
3.977600e+02
3.977600e+02
3.961300e+02
3.961300e+02
3.987300e+02
3.987300e+02
3.987300e+02
3.987300e+02
3.987300e+02
3.987300e+02
3.987300e+02
3.893900e+02
3.893900e+02
3.893900e+02
3.928600e+02
3.928600e+02
3.878600e+02
3.878600e+02
3.901700e+02
3.901700e+02
3.901700e+02
3.901700e+02
3.901700e+02
3.877000e+02
3.877000e+02
3.877000e+02
3.877000e+02
3.877000e+02
3.877000e+02
3.877000e+02
3.877000e+02
3.877000e+02
3.802900e+02
3.802900e+02
3.802900e+02
3.802900e+02
3.802900e+02
3.830700e+02
3.830700e+02
3.712700e+02
3.712700e+02
3.712700e+02
3.721000e+02
3.721000e+02
3.717700e+02
3.717700e+02
3.681800e+02
3.681800e+02
3.681800e+02
3.681800e+02
3.681800e+02
3.697000e+02
3.697000e+02
3.697000e+02
3.697000e+02
3.697000e+02
3.670200e+02
3.670200e+02
3.549500e+02
3.542600e+02
3.542600e+02
3.542600e+02
3.542600e+02
3.542600e+02
3.542600e+02
3.633200e+02
3.633200e+02
3.538700e+02
3.538700e+02
3.538700e+02
3.567300e+02
3.567300e+02
3.567300e+02
3.550700e+02
3.470700e+02
3.470700e+02
3.470700e+02
3.491900e+02
3.491900e+02
3.469400e+02
3.469400e+02
3.455900e+02
3.455900e+02
3.455900e+02
3.411600e+02
3.411600e+02
3.404000e+02
3.404000e+02
3.398700e+02
3.398700e+02
3.398700e+02
3.402100e+02
3.402100e+02
3.426800e+02
3.426800e+02
3.426800e+02
3.426800e+02
3.426800e+02
3.061600e+02
3.061600e+02
3.675300e+02
3.675300e+02
3.675300e+02
3.675300e+02
3.675300e+02
3.414500e+02
3.414500e+02
3.402200e+02
3.402200e+02
3.285500e+02
3.285500e+02
3.285500e+02
3.383700e+02
3.383700e+02
3.383700e+02
3.383700e+02
3.491100e+02
3.491100e+02
3.491100e+02
3.496500e+02
3.496500e+02
3.527400e+02
3.527400e+02
3.377900e+02
3.377900e+02
3.377900e+02
3.372000e+02
3.372000e+02
3.482600e+02
3.482600e+02
3.482600e+02
3.482600e+02
3.482600e+02
3.482600e+02
3.482600e+02
3.390800e+02
3.390800e+02
3.390800e+02
3.390800e+02
3.390800e+02
3.412500e+02
3.412500e+02
3.429500e+02
3.429500e+02
3.429500e+02
3.429500e+02
3.429500e+02
3.429500e+02
3.429500e+02
3.346900e+02
3.346900e+02
3.371500e+02
3.371500e+02
3.371500e+02
3.350700e+02
3.350700e+02
3.271200e+02
3.271200e+02
3.346400e+02
3.346400e+02
3.346400e+02
3.358200e+02
3.358200e+02
3.326000e+02
3.326000e+02
3.332900e+02
3.332900e+02
3.332900e+02
3.362000e+02
3.362000e+02
3.364900e+02
3.364900e+02
3.376200e+02
3.376200e+02
3.376200e+02
3.376200e+02
3.376200e+02
3.376200e+02
3.376200e+02
3.376200e+02
3.376200e+02
3.376200e+02
3.337500e+02
3.337500e+02
3.347900e+02
3.347900e+02
3.288800e+02
3.288800e+02
3.288800e+02
3.288800e+02
3.288800e+02
3.288800e+02
3.288800e+02
3.357000e+02
3.357000e+02
3.357000e+02
3.357000e+02
3.357000e+02
3.357000e+02
3.357000e+02
3.357000e+02
3.357000e+02
3.357000e+02
3.357000e+02
3.357000e+02
3.112800e+02
3.112800e+02
3.435100e+02
3.435100e+02
3.435100e+02
3.435100e+02
3.435100e+02
3.412700e+02
3.412700e+02
3.443600e+02
3.443600e+02
3.443600e+02
3.399500e+02
3.399500e+02
3.283000e+02
3.283000e+02
3.325800e+02
3.325800e+02
3.325800e+02
3.310400e+02
3.310400e+02
3.310400e+02
3.310400e+02
3.310400e+02
3.310400e+02
3.310400e+02
3.310400e+02
3.310400e+02
3.122100e+02
3.122100e+02
3.122100e+02
3.122100e+02
3.122100e+02
3.209800e+02
3.209800e+02
3.007100e+02
3.007100e+02
3.007100e+02
3.007100e+02
3.007100e+02
3.007100e+02
3.007100e+02
2.893100e+02
2.893100e+02
2.865700e+02
2.865700e+02
2.865700e+02
2.939600e+02
2.939600e+02
2.793300e+02
2.793300e+02
2.726000e+02
2.726000e+02
2.726000e+02
2.726000e+02
2.726000e+02
2.513700e+02
2.513700e+02
2.513700e+02
2.513700e+02
2.513700e+02
2.446300e+02
2.446300e+02
2.350400e+02
2.350400e+02
2.394800e+02
2.394800e+02
2.394800e+02
2.385500e+02
2.385500e+02
2.390800e+02
2.390800e+02
2.403800e+02
2.403800e+02
2.403800e+02
2.405000e+02
2.405000e+02
2.367700e+02
2.367700e+02
2.359400e+02
2.359400e+02
2.359400e+02
2.329600e+02
2.329600e+02
2.303900e+02
2.303900e+02
2.311400e+02
2.311400e+02
2.311400e+02
2.301400e+02
2.301400e+02
2.179500e+02
2.179500e+02
2.179500e+02
2.179500e+02
2.179500e+02
2.163600e+02
2.163600e+02
2.164400e+02
2.164400e+02
2.154800e+02
2.154800e+02
2.154800e+02
2.141500e+02
2.141500e+02
2.041600e+02
2.041600e+02
2.041600e+02
2.041600e+02
2.041600e+02
2.041600e+02
2.041600e+02
2.041600e+02
2.041600e+02
2.019100e+02
2.019100e+02
2.019100e+02
2.007100e+02
2.007100e+02
1.995900e+02
1.995900e+02
1.995900e+02
1.995900e+02
1.995900e+02
1.918100e+02
1.918100e+02
1.961400e+02
1.961400e+02
1.918100e+02
1.918100e+02
1.918100e+02
1.902000e+02
1.902000e+02
1.884200e+02
1.884200e+02
1.890400e+02
1.890400e+02
1.890400e+02
1.890400e+02
1.890400e+02
1.818600e+02
1.818600e+02
1.818600e+02
1.818600e+02
1.818600e+02
1.763800e+02
1.763800e+02
1.732600e+02
1.732600e+02
1.710500e+02
1.710500e+02
1.710500e+02
1.686800e+02
1.686800e+02
1.663700e+02
1.663700e+02
1.663700e+02
1.663700e+02
1.663700e+02
1.625000e+02
1.625000e+02
1.625000e+02
1.625000e+02
1.534000e+02
1.534000e+02
1.534000e+02
1.566000e+02
1.566000e+02
1.567900e+02
1.567900e+02
1.554100e+02
1.554100e+02
1.554100e+02
1.491100e+02
1.491100e+02
1.491100e+02
1.491100e+02
1.473100e+02
1.473100e+02
1.473100e+02
1.448000e+02
1.448000e+02
1.418700e+02
1.418700e+02
1.418700e+02
1.418700e+02
1.418700e+02
1.614400e+02
1.614400e+02
1.614400e+02
1.614400e+02
1.516200e+02
1.516200e+02
1.516200e+02
1.442200e+02
1.442200e+02
1.398100e+02
1.398100e+02
1.369200e+02
1.369200e+02
1.369200e+02
1.322800e+02
1.322800e+02
1.346300e+02
1.346300e+02
1.395200e+02
1.395200e+02
1.395200e+02
1.378500e+02
1.378500e+02
1.351600e+02
1.351600e+02
1.370300e+02
1.370300e+02
1.370300e+02
1.380800e+02
1.380800e+02
1.380800e+02
1.380800e+02
1.364500e+02
1.364500e+02
1.364500e+02
1.334700e+02
1.334700e+02
1.334700e+02
1.334700e+02
1.342000e+02
1.342000e+02
1.342000e+02
1.342000e+02
1.342000e+02
1.287100e+02
1.287100e+02
1.299600e+02
1.299600e+02
1.299600e+02
1.280100e+02
1.280100e+02
1.270100e+02
1.270100e+02
1.292500e+02
1.292500e+02
1.292500e+02
1.292500e+02
1.292500e+02
1.292500e+02
1.292500e+02
1.297600e+02
1.297600e+02
1.297600e+02
1.297600e+02
1.297600e+02
1.317900e+02
1.317900e+02
1.321300e+02
1.321300e+02
1.321300e+02
1.321300e+02
1.321300e+02
1.321300e+02
1.321300e+02
1.321300e+02
1.321300e+02
1.321300e+02
1.321300e+02
1.321300e+02
2.889000e+02
2.889000e+02
3.206500e+02
3.206500e+02
3.206500e+02
3.231600e+02
3.231600e+02
3.231600e+02
3.231600e+02
3.428100e+02
3.428100e+02
3.428100e+02
3.585600e+02
3.585600e+02
3.628800e+02
3.628800e+02
3.794500e+02
3.794500e+02
3.794500e+02
3.794500e+02
3.794500e+02
3.832500e+02
3.832500e+02
3.893800e+02
3.893800e+02
3.893800e+02
4.005900e+02
4.005900e+02
3.974600e+02
3.974600e+02
3.974600e+02
3.974600e+02
3.974600e+02
4.131100e+02
4.131100e+02
415
415
415
415
415
415
415
4.256000e+02
4.256000e+02
4.256000e+02
4.256000e+02
4.256000e+02
4.256000e+02
4.256000e+02
4.256000e+02
4.256000e+02
4.357800e+02
4.357800e+02
4.357800e+02
4.357800e+02
4.357800e+02
4.357800e+02
4.357800e+02
4.389500e+02
4.389500e+02
4.389500e+02
4.376800e+02
4.376800e+02
4.376800e+02
4.376800e+02
4.376800e+02
4.376800e+02
4.376800e+02
4.376800e+02
4.376800e+02
4.485700e+02
4.485700e+02
4.485700e+02
4.485700e+02
4.485700e+02
4.485700e+02
4.485700e+02
448
448
448
448
448
4.542100e+02
4.542100e+02
4.545200e+02
4.545200e+02
4.571700e+02
4.571700e+02
4.571700e+02
4.616900e+02
4.616900e+02
4.616900e+02
4.616900e+02
4.616900e+02
4.616900e+02
4.616900e+02
4.612400e+02
4.612400e+02
4.612400e+02
4.612400e+02
4.447700e+02
4.447700e+02
4.447700e+02
4.513900e+02
4.513900e+02
4.674400e+02
4.674400e+02
4.674400e+02
4.674400e+02
4.674400e+02
4.637500e+02
4.637500e+02
4.616700e+02
4.616700e+02
4.648700e+02
4.648700e+02
4.648700e+02
4.624000e+02
4.624000e+02
4.586800e+02
4.586800e+02
4.655300e+02
4.655300e+02
4.655300e+02
4.685800e+02
4.685800e+02
4.726200e+02
4.726200e+02
4.726200e+02
4.726200e+02
4.726200e+02
4.832100e+02
4.832100e+02
4.869200e+02
4.869200e+02
4.779500e+02
4.779500e+02
4.779500e+02
4.779500e+02
4.779500e+02
4.779500e+02
4.779500e+02
4.779500e+02
4.779500e+02
4.779500e+02
4.807400e+02
4.807400e+02
4.795400e+02
4.795400e+02
4.795400e+02
4.795400e+02
4.795400e+02
5.003700e+02
5.003700e+02
5.002700e+02
5.002700e+02
5.086100e+02
5.086100e+02
5.086100e+02
5.096100e+02
5.096100e+02
5.234200e+02
5.234200e+02
5.251900e+02
5.251900e+02
5.251900e+02
5.251900e+02
5.251900e+02
5.259600e+02
5.259600e+02
5.259600e+02
