0
0
0
0
0
0
0
0
0
0
0
0
0
0
0
0
0
0
0
0
0
0
0
0
0
0
0
0
0
0
0
0
0
0
0
0
0
0
0
0
0
0
0
0
0
0
0
0
0
0
0
0
0
0
0
0
0
0
0
0
0
0
0
0
0
0
0
0
0
0
0
0
0
0
0
0
0
0
0
0
0
0
0
0
0
0
0
0
0
0
0
0
0
0
0
0
0
0
0
0
0
0
0
0
0
0
0
0
0
0
0
0
0
0
0
0
0
0
0
0
0
0
0
0
0
0
0
0
0
0
0
0
0
0
0
0
0
0
0
0
0
0
0
0
0
0
0
0
0
0
0
0
0
0
0
0
0
0
0
0
0
0
0
0
0
0
0
0
0
0
0
0
0
0
0
0
0
0
0
0
0
0
0
0
0
0
0
0
0
0
0
0
0
0
0
0
0
0
0
0
0
0
0
0
0
0
0
0
0
0
0
0
0
0
0
0
0
0
0
0
0
0
0
0
0
0
0
0
0
0
0
0
0
0
0
0
0
0
0
0
0
0
0
0
0
0
0
0
0
0
0
0
0
0
0
0
0
0
0
0
0
0
0
0
0
0
0
0
0
0
0
0
0
0
0
0
0
0
0
0
0
0
0
0
0
0
0
0
0
0
0
0
0
0
0
0
0
0
0
0
0
0
0
0
0
0
0
0
0
0
0
0
0
0
0
0
0
0
0
0
0
0
0
0
0
0
0
0
0
0
0
0
0
0
0
0
0
0
0
0
0
0
0
0
0
0
0
0
0
0
0
0
0
0
0
0
0
0
0
0
0
0
0
0
0
0
0
0
0
0
0
0
0
0
0
0
0
0
0
0
0
0
0
0
0
0
0
0
0
0
0
0
0
0
0
0
0
0
0
0
0
0
0
0
0
0
0
0
0
0
0
0
0
0
0
0
0
0
0
0
0
0
0
0
0
0
0
0
0
0
0
0
0
0
0
0
0
0
0
0
0
0
0
0
0
0
0
0
0
0
0
0
0
0
0
0
0
0
0
0
0
0
0
0
0
0
0
0
0
0
0
0
0
0
0
0
0
0
0
0
0
0
0
0
0
0
0
0
0
0
0
0
0
0
0
0
0
0
0
0
0
0
0
0
0
0
0
0
0
0
0
0
0
0
0
0
0
0
0
0
0
0
0
0
0
0
0
0
0
0
0
0
0
0
0
0
0
0
0
0
0
0
0
0
0
0
0
0
0
0
0
0
0
0
0
0
0
0
0
0
0
0
0
0
0
0
0
0
0
0
0
0
0
0
0
0
0
0
0
0
0
0
0
0
0
0
0
0
0
0
0
0
0
0
0
0
0
0
0
0
0
0
0
0
0
0
0
0
0
0
0
0
0
0
0
0
0
0
0
0
0
0
0
0
0
0
0
0
0
0
0
0
0
0
0
0
0
0
0
0
0
0
0
0
0
0
0
0
0
0
0
0
0
0
0
0
0
0
0
0
0
0
0
0
0
0
0
0
0
0
0
0
0
0
0
0
0
0
0
0
0
0
0
0
0
0
0
0
0
0
0
0
0
0
0
0
0
0
0
0
0
0
0
0
0
0
0
0
0
0
0
0
0
0
0
0
0
0
0
0
0
0
0
0
0
0
0
0
0
0
0
0
0
0
0
0
0
0
0
0
0
0
0
0
0
0
869
679
724
679
679
679
679
679
679
639
749
679
659
679
701
659
898
863
659
701
701
836
724
898
836
836
836
679
679
869
776
876
805
659
639
701
724
749
625
679
626
629
640
639
637
641
639
638
650
656
656
654
648
645
650
648
654
649
647
647
647
647
642
641
639
640
633
634
630
634
663
664
658
653
653
651
651
651
644
646
644
663
666
662
656
658
649
706
708
712
722
724
714
7.308000e+02
587
703
706
716
715
695
715
722
712
691
709
710
676
657
676
665
651
933
737
825
521
516
536
490
562
579
516
520
524
494
634
557
530
622
602
467
634
611
611
432
425
365
426
418
420
392
418
416
420
422
412
411
378
403
396
347
397
400
394
1035
536
836
836
836
393
403
330
350
403
410
415
377
357
331
355
268
268
344
344
342
268
268
343
342
351
319
325
347
338
332
350
328
338
338
338
318
320
226
295
301
301
311
313
322
334
335
309
295
304
298
309
292
301
299
294
283
298
296
278
298
307
294
300
295
291
292
300
300
288
281
279
279
236
236
455
455
455
444
435
441
434
387
307
406
377
465
477
485
587
446
439
588
400
397
395
663
230
475
410
493
465
471
453
443
489
568
592
571
653
349
184
398
262
251
606
181
124
102
92
91
90
88
91
93
592
450
192
254
278
290
236
34
49
55
509
504
490
288
110
45
160
320
120
146
329
351
409
363
410
329
363
109
311
239
334
468
472
494
183
151
988
679
329
5.250200e+02
5.401385e+02
5.552569e+02
604
543
435
403
403
403
286
282
543
400
418
418
418
351
329
86
406
178
178
178
74
87
131
131
145
145
145
169
169
169
169
153
153
153
153
209
259
265
265
265
265
294
435
272
253
242
242
242
242
403
460
454
435
351
322
322
329
302
286
329
329
329
253
253
297
311
294
294
294
279
286
294
276
211
211
211
751
765
106
106
112
112
112
112
765
750
750
742
742
742
198
145
403
390
78
78
78
145
198
68
70
72
72
72
311
305
305
249
275
275
275
128
124
124
122
122
122
122
118
110
116
125
126
126
126
120
127
329
320
320
320
320
253
235
245
236
289
289
289
289
278
145
154
200
200
200
240
240
240
244
240
240
240
242
242
241
200
200
200
200
231
235
235
235
235
235
235
238
240
247
247
256
256
256
256
200
165
204
200
200
200
212
212
212
212
212
212
212
212
212
212
212
212
212
212
212
212
212
212
212
212
212
212
212
212
212
212
212
212
245
270
270
270
270
270
270
278
278
278
315
245
245
245
245
245
245
245
245
245
245
160
146
146
146
146
146
146
146
146
146
146
146
146
146
164
164
164
164
164
164
164
164
191
175
388
302
302
302
253
435
231
400
418
418
418
418
351
332
112
114
114
114
113
122
117
117
117
117
117
117
114
109
106
106
106
106
105
104
104
101
101
101
101
82
82
119
109
109
109
109
109
109
109
109
109
109
109
109
109
109
109
109
109
109
543
543
129
132
132
132
132
115
117
116
1.106500e+02
109
109
109
112
108
242
115
209
209
209
118
118
118
118
118
118
118
110
111
111
118
265
265
265
265
107
108
108
222
222
222
231
231
198
198
213
213
213
221
242
174
174
174
174
174
123
123
123
153
231
231
231
231
302
302
302
262
262
262
133
133
133
133
133
133
133
133
133
133
133
133
133
133
133
133
133
133
133
133
133
133
133
133
133
133
133
133
133
133
133
133
133
133
133
133
133
133
133
133
133
133
133
133
133
133
133
133
133
133
133
133
133
133
133
133
133
133
133
133
133
133
133
133
133
133
21
21
21
21
21
21
52
52
52
52
52
52
20
20
24
24
24
24
24
24
24
24
24
24
24
24
24
24
24
24
24
24
24
24
24
24
24
24
24
24
24
24
24
24
24
24
24
24
24
24
63
63
63
63
63
63
63
63
63
63
63
63
63
63
63
63
63
63
63
63
63
63
63
63
63
63
63
63
63
63
63
63
63
63
63
63
63
63
63
63
63
63
63
63
63
63
63
63
63
63
63
63
63
63
63
63
63
63
63
63
63
63
63
63
63
63
63
63
63
63
63
63
63
63
63
63
63
63
63
63
63
63
63
63
63
63
63
63
63
63
63
63
63
63
63
63
63
63
63
63
63
63
63
63
63
63
63
63
63
63
63
63
63
63
63
63
63
63
63
63
63
63
63
63
63
63
63
63
63
63
63
63
63
63
63
63
63
63
63
63
63
63
63
63
63
63
63
63
63
63
63
63
63
63
63
63
63
63
63
63
63
63
63
63
63
63
63
63
63
63
63
63
63
63
63
63
63
63
63
63
63
63
63
63
63
63
63
63
63
63
63
63
63
63
63
63
63
63
63
63
63
63
63
63
63
63
1.263000e+02
1.263000e+02
180
180
180
180
180
180
180
180
180
180
180
180
180
180
180
180
180
180
180
180
180
160
160
160
160
160
160
160
160
160
160
160
160
160
160
160
160
160
160
160
160
160
160
160
160
160
160
160
160
160
160
160
160
160
160
160
160
160
160
160
160
160
160
160
160
160
160
160
160
160
160
160
160
160
160
213
213
213
213
184
184
184
184
184
184
184
184
184
184
184
184
184
184
184
184
184
184
184
184
184
184
184
184
184
184
184
184
184
184
184
184
184
184
184
184
184
184
184
184
184
184
184
184
184
184
184
184
184
184
184
184
184
184
184
184
184
184
184
184
184
184
184
184
184
184
184
184
184
184
184
184
184
184
184
184
184
184
184
184
184
184
184
184
184
184
184
184
184
128
128
128
128
128
128
128
128
128
128
128
128
128
128
128
128
128
128
128
128
128
128
128
128
128
128
128
128
128
128
133
133
133
133
133
133
133
133
133
133
133
133
149
149
149
149
149
139
139
147
147
147
147
147
147
147
147
147
147
147
147
147
147
147
147
147
147
147
147
147
153
153
153
153
153
155
155
155
155
155
155
155
155
155
155
155
155
155
155
155
155
155
155
155
155
155
155
155
155
149
149
149
149
149
149
149
149
149
149
149
149
133
133
133
133
133
133
133
133
133
133
133
133
133
133
133
133
133
133
133
133
133
153
169
169
170
170
170
170
170
162
162
165
165
165
168
168
168
168
168
168
168
168
168
165
165
165
165
165
165
165
153
153
153
153
153
153
153
153
153
165
165
165
162
162
168
168
168
168
168
168
168
168
168
170
170
170
170
170
141
141
141
141
141
141
141
141
141
145
145
145
146
146
40
40
40
40
40
40
40
40
40
40
40
40
113
113
118
118
118
118
118
118
118
108
108
108
108
108
114
114
252
252
252
252
252
252
252
252
252
252
252
252
252
252
252
252
252
252
252
252
252
252
252
252
252
252
231
231
116
116
116
116
116
116
116
116
116
116
116
116
116
116
116
116
116
116
116
116
116
126
126
126
126
126
119
119
119
119
119
119
119
119
119
119
119
119
119
119
119
119
102
108
108
108
108
108
108
134
134
139
139
139
125
125
125
125
128
128
128
128
128
87
87
90
90
90
95
95
113
113
118
118
118
118
118
122
122
122
122
122
122
122
122
122
122
122
122
122
122
130
130
133
133
133
138
138
138
138
122
122
122
122
122
122
122
125
125
125
123
123
123
123
123
123
123
123
123
123
123
123
123
123
123
123
44
44
44
44
44
44
44
444
444
426
426
426
155
155
160
160
160
160
160
160
160
155
155
151
151
151
149
149
146
146
146
146
146
146
146
146
146
146
146
146
149
149
149
149
175
175
175
175
175
175
175
175
175
175
175
175
175
175
175
175
175
175
175
169
169
169
169
169
169
169
169
169
169
169
169
169
169
169
169
169
169
169
175
175
175
175
175
175
175
175
175
177
177
177
177
177
177
177
177
177
177
177
177
177
177
180
180
174
174
174
99
99
100
100
100
100
100
100
100
100
100
100
100
100
100
100
100
100
100
100
100
70
70
70
70
70
70
70
70
70
70
70
70
70
70
70
70
70
70
70
70
70
70
70
70
70
70
70
70
70
70
70
70
70
70
70
70
70
70
70
70
70
70
70
70
70
70
70
70
70
70
70
70
70
70
70
70
70
70
70
70
70
70
70
70
70
70
70
70
70
70
70
70
70
70
70
70
70
70
70
70
70
70
70
70
70
70
70
70
70
70
70
70
70
70
70
70
70
70
70
70
70
70
70
70
70
70
70
70
70
70
70
70
70
70
70
70
70
70
70
70
70
70
70
70
70
70
70
70
70
70
70
70
70
70
70
70
70
70
70
70
70
70
70
70
70
70
70
70
70
70
70
70
70
70
70
70
70
70
70
70
70
70
70
70
70
70
70
70
70
70
70
70
70
70
70
70
70
70
70
70
70
70
70
70
70
70
70
70
70
70
70
70
70
70
70
70
70
70
70
70
70
70
70
70
70
70
70
70
70
70
70
70
49
49
51
51
51
51
51
50
50
50
50
50
50
50
50
50
50
50
50
50
50
50
50
50
50
50
50
50
50
50
50
50
50
50
50
50
50
50
50
50
50
50
50
50
50
50
50
50
50
50
50
50
50
50
50
50
50
50
50
50
50
50
50
50
50
50
50
50
50
50
168
168
168
168
168
168
168
168
168
168
168
168
168
168
168
168
168
168
168
168
168
168
168
168
168
168
168
168
162
162
162
162
162
121
121
121
121
121
121
121
121
121
119
119
119
119
119
119
119
119
119
119
119
119
119
119
119
119
119
119
119
119
119
119
119
119
119
119
119
119
139
139
139
139
139
139
139
139
139
139
139
139
139
139
139
139
139
