0
0
0
0
0
0
0
0
0
0
0
0
0
0
0
0
0
0
0
0
0
0
0
0
0
0
0
0
0
0
0
0
0
0
0
0
0
0
0
0
0
0
0
0
0
0
0
0
0
0
0
0
0
0
0
0
0
0
0
0
0
0
0
0
0
0
0
0
0
0
0
0
0
0
0
0
0
0
0
0
0
0
0
0
0
0
0
0
0
0
0
0
0
0
0
0
0
0
0
0
0
0
0
0
0
0
0
0
0
0
0
0
0
0
0
0
0
0
0
0
0
0
0
0
0
0
0
0
0
0
0
0
0
0
0
0
0
0
0
0
0
0
0
0
0
0
0
0
0
0
0
0
0
0
0
0
0
0
0
0
0
0
0
0
0
0
0
0
0
0
0
0
0
0
0
0
0
0
0
0
0
0
0
0
0
0
0
0
0
0
0
0
0
0
0
0
0
0
0
0
0
0
0
0
0
0
0
0
0
0
0
0
0
0
0
0
0
0
0
0
0
0
0
0
0
0
0
0
0
0
0
0
0
0
0
0
0
0
0
0
0
0
0
0
0
0
0
0
0
0
0
0
0
0
0
0
0
0
0
0
0
0
0
0
0
0
0
0
0
0
0
0
0
0
0
0
0
0
0
0
0
0
0
0
0
0
0
0
0
0
0
0
0
0
0
0
0
0
0
0
0
0
0
0
0
0
0
0
0
0
0
0
0
0
0
0
0
0
0
0
0
0
0
0
0
0
0
0
0
0
0
0
0
0
0
0
0
0
0
0
0
0
0
0
0
0
0
0
0
0
0
0
0
0
0
0
0
0
0
0
0
0
0
0
0
0
0
0
0
0
0
0
0
0
0
0
0
0
0
0
0
0
0
0
0
0
0
0
0
0
0
0
0
0
0
0
0
0
0
0
0
0
0
0
0
0
0
0
0
0
0
0
0
0
0
0
0
0
0
0
0
0
0
0
0
0
0
0
0
0
0
0
0
0
0
0
0
0
0
0
0
0
0
0
0
0
2
0
0
0
0
0
0
0
0
0
0
2.000000e-02
0
0
0
0
0
0
0
0
0
0
0
0
0
0
0
0
0
0
0
0
0
0
0
0
0
0
0
0
0
0
0
0
0
0
0
0
0
0
0
0
0
0
0
0
0
0
0
0
0
0
0
0
0
0
0
0
0
0
0
0
0
0
0
0
0
0
0
0
0
0
1.000000e-02
1.000000e-02
1.000000e-02
1.000000e-02
8.200000e-01
4.450000e+00
6.910000e+00
8.470000e+00
9.320000e+00
1.052000e+01
1.157000e+01
1.494000e+01
1.728000e+01
1.882000e+01
1.993000e+01
2.173000e+01
2.285000e+01
2.563000e+01
2.686000e+01
2.698000e+01
2.723000e+01
2.799000e+01
2.924000e+01
3.002000e+01
3.146000e+01
3.265000e+01
3.526000e+01
3.630000e+01
3.651000e+01
3.721000e+01
3.775000e+01
3.734000e+01
3.769000e+01
3.882000e+01
3.433000e+01
2.742000e+01
3.742000e+01
3.412000e+01
3.601000e+01
4.512000e+01
5.203000e+01
5.579000e+01
6.292000e+01
6.767000e+01
7.224000e+01
7.624000e+01
8.293000e+01
8.904000e+01
9.705000e+01
1.019900e+02
1.077500e+02
1.136600e+02
1.267400e+02
1.332300e+02
1.362200e+02
1.408100e+02
1.436800e+02
1.426600e+02
1.286400e+02
1.324900e+02
1.300400e+02
1.303800e+02
1.321900e+02
1.322400e+02
1.337800e+02
1.432700e+02
1.532800e+02
1.588300e+02
1.589700e+02
1.621600e+02
1.763700e+02
1.924200e+02
1.920700e+02
1.942400e+02
2.004200e+02
2.035000e+02
2.156000e+02
2.444800e+02
2.624700e+02
2.569100e+02
2.415900e+02
3.148500e+02
2.980700e+02
3.970800e+02
3.633600e+02
3.121200e+02
3.164200e+02
3.062300e+02
3.140300e+02
3.067800e+02
2.957800e+02
2.933700e+02
2.893500e+02
2.874400e+02
2.770800e+02
2.809600e+02
2.500100e+02
2.630900e+02
2.654000e+02
2.767500e+02
2.808600e+02
2.813300e+02
2.766500e+02
2.740800e+02
2.742600e+02
2.739800e+02
2.712300e+02
2.714300e+02
2.743100e+02
2.713400e+02
2.731400e+02
2.715900e+02
2.635000e+02
2.673000e+02
2.693200e+02
2.723000e+02
276
277
2.779000e+02
2.783900e+02
2.758000e+02
295
2.913600e+02
2.905700e+02
289
2.856800e+02
2.848600e+02
2.789400e+02
2.812000e+02
2.858800e+02
2.891400e+02
2.893900e+02
2.876500e+02
2.884600e+02
2.864400e+02
2.900500e+02
2.881200e+02
2.884500e+02
2.904900e+02
2.885900e+02
2.888700e+02
2.908500e+02
2.930300e+02
2.943000e+02
2.934000e+02
2.920500e+02
2.959700e+02
2.920800e+02
2.882100e+02
2.900200e+02
289
2.916700e+02
2.878100e+02
2.895100e+02
2.938900e+02
2.974000e+02
2.985500e+02
2.999000e+02
3.002000e+02
2.981500e+02
2.998400e+02
3.020500e+02
2.990500e+02
2.997400e+02
3.112100e+02
3.416900e+02
3.371300e+02
3.286700e+02
3.232900e+02
3.384400e+02
3.310300e+02
3.198200e+02
3.160800e+02
3.098900e+02
3.076300e+02
3.125900e+02
3.183400e+02
3.227200e+02
3.333000e+02
3.333800e+02
3.422300e+02
3.484900e+02
3.512700e+02
3.529700e+02
3.537700e+02
3.575000e+02
3.550600e+02
3.543000e+02
3.531300e+02
3.533200e+02
3.528500e+02
3.531200e+02
3.561200e+02
3.612900e+02
3.686000e+02
3.709100e+02
3.665400e+02
3.626700e+02
3.642100e+02
367
3.725000e+02
3.677900e+02
3.618700e+02
3.621300e+02
3.607600e+02
3.589400e+02
3.538100e+02
3.557900e+02
3.573200e+02
3.554800e+02
3.547800e+02
3.569800e+02
3.557600e+02
3.574400e+02
3.511500e+02
3.546800e+02
3.600200e+02
3.584800e+02
3.670100e+02
3.714400e+02
3.786000e+02
3.754300e+02
3.761900e+02
3.761900e+02
3.761900e+02
3.784400e+02
3.806200e+02
3.764900e+02
3.828300e+02
4.050800e+02
4.094100e+02
3.977000e+02
3.960800e+02
3.935100e+02
3.907800e+02
3.939600e+02
3.909000e+02
3.916400e+02
3.940500e+02
3.950600e+02
3.940800e+02
3.984700e+02
4.008300e+02
4.027500e+02
3.947300e+02
3.893000e+02
3.949800e+02
3.885100e+02
3.919500e+02
3.985600e+02
3.930100e+02
3.913700e+02
3.929400e+02
3.949900e+02
3.936500e+02
3.906900e+02
3.958000e+02
4.012700e+02
4.008700e+02
4.034400e+02
3.992500e+02
3.967800e+02
4.006400e+02
3.951100e+02
3.946100e+02
3.935600e+02
3.945400e+02
3.975500e+02
4.031300e+02
4.005900e+02
4.005900e+02
3.992600e+02
4.011000e+02
4.007100e+02
1.021200e+02
4.065400e+02
4.084700e+02
4.049300e+02
4.049300e+02
4.142300e+02
4.115300e+02
4.126800e+02
4.176800e+02
4.267500e+02
4.275400e+02
4.252000e+02
4.295700e+02
4.349000e+02
4.730200e+02
4.749000e+02
4.646100e+02
4.616000e+02
4.519600e+02
4.504500e+02
4.504500e+02
4.504500e+02
4.461900e+02
4.440100e+02
4.492900e+02
4.529600e+02
4.825300e+02
4.921600e+02
4.850900e+02
4.813600e+02
4.752600e+02
4.742600e+02
4.750800e+02
4.769700e+02
4.836000e+02
4.811800e+02
4.808900e+02
4.938000e+02
4.939900e+02
4.896000e+02
4.944600e+02
4.944600e+02
4.949000e+02
4.952900e+02
4.905600e+02
4.839100e+02
4.818500e+02
4.821300e+02
4.806000e+02
4.809400e+02
4.818600e+02
4.795200e+02
4.774700e+02
4.790800e+02
4.843900e+02
4.811200e+02
4.809300e+02
4.811200e+02
4.734900e+02
4.803600e+02
4.814900e+02
4.804600e+02
4.824300e+02
4.856800e+02
4.859300e+02
4.853700e+02
306
1.692100e+02
3.322800e+02
4.754900e+02
4.647000e+02
4.711900e+02
4.784000e+02
4.865400e+02
4.846100e+02
4.764800e+02
4.868300e+02
492
4.913400e+02
4.919300e+02
4.945600e+02
4.955100e+02
4.966200e+02
4.927300e+02
4.955100e+02
5.000700e+02
5.072600e+02
5.036700e+02
4.945200e+02
5.009000e+02
5.036800e+02
5.056100e+02
5.057100e+02
5.055300e+02
5.082200e+02
5.078200e+02
5.014200e+02
4.975600e+02
4.927900e+02
4.855500e+02
4.855500e+02
4.855500e+02
4.913000e+02
4.901000e+02
4.912600e+02
4.853100e+02
4.837600e+02
4.855700e+02
4.863900e+02
4.896200e+02
4.917200e+02
4.911300e+02
4.878800e+02
4.935000e+02
4.935000e+02
4.771200e+02
4.780600e+02
4.815700e+02
4.872400e+02
4.872400e+02
4.900900e+02
4.913800e+02
4.964400e+02
4.922000e+02
4.871700e+02
4.972800e+02
5.031400e+02
5.062000e+02
5.054900e+02
5.096000e+02
5.126100e+02
5.126100e+02
5.126100e+02
5.141200e+02
5.245300e+02
5.280800e+02
5.222300e+02
5.245500e+02
5.245500e+02
5.199400e+02
5.205500e+02
5.277800e+02
5.396300e+02
5.456600e+02
5.418300e+02
5.414700e+02
5.406100e+02
5.418800e+02
5.405900e+02
5.403200e+02
5.440300e+02
5.429600e+02
5.448800e+02
5.384400e+02
5.406300e+02
5.444600e+02
5.477900e+02
5.482600e+02
5.443100e+02
5.467300e+02
5.436000e+02
5.484000e+02
5.504500e+02
5.511200e+02
5.513900e+02
5.527900e+02
5.514700e+02
5.506200e+02
5.458200e+02
4.566100e+02
5.495000e+02
5.506600e+02
1.522900e+02
1.522900e+02
1.522900e+02
5.325700e+02
5.339100e+02
5.397900e+02
5.406100e+02
5.390400e+02
5.289100e+02
5.282800e+02
5.266900e+02
5.326200e+02
5.324200e+02
5.293700e+02
5.295500e+02
5.290600e+02
5.305200e+02
5.292400e+02
5.251000e+02
5.284900e+02
5.331700e+02
5.322200e+02
5.412700e+02
548
5.500300e+02
5.565800e+02
5.553600e+02
5.557300e+02
5.586400e+02
5.583300e+02
5.580300e+02
5.618600e+02
5.622000e+02
5.581400e+02
5.572400e+02
5.583300e+02
5.580500e+02
5.557200e+02
5.588300e+02
5.617900e+02
5.653400e+02
5.630500e+02
5.622100e+02
5.651400e+02
5.664100e+02
5.685300e+02
5.702800e+02
5.680400e+02
5.675900e+02
5.682500e+02
5.682800e+02
5.729300e+02
5.743800e+02
5.721500e+02
5.714200e+02
5.727400e+02
5.733400e+02
5.725700e+02
5.733100e+02
5.741700e+02
5.722700e+02
5.697700e+02
5.696100e+02
5.699600e+02
5.626400e+02
5.615800e+02
5.605900e+02
5.596000e+02
5.722500e+02
5.837100e+02
5.841600e+02
5.826100e+02
5.715500e+02
5.715500e+02
5.824700e+02
5.824700e+02
5.843100e+02
5.767300e+02
5.782500e+02
5.798800e+02
5.798700e+02
5.796000e+02
580
5.793100e+02
5.814300e+02
5.735300e+02
5.781300e+02
5.704200e+02
5.766400e+02
5.767422e+02
5.765820e+02
5.827500e+02
5.837600e+02
5.820500e+02
5.851300e+02
5.844100e+02
5.844100e+02
5.844100e+02
5.890500e+02
5.890900e+02
5.880600e+02
5.872200e+02
5.892600e+02
5.892600e+02
5.892600e+02
5.878000e+02
5.873700e+02
5.812000e+02
5.881300e+02
5.895200e+02
5.895200e+02
5.895200e+02
5.741100e+02
5.769100e+02
5.751400e+02
5.790500e+02
5.869900e+02
5.869900e+02
5.869900e+02
5.842600e+02
5.842600e+02
5.842600e+02
5.864800e+02
5.830400e+02
5.830400e+02
5.830400e+02
5.830400e+02
5.736900e+02
5.736900e+02
5.736900e+02
5.801200e+02
5.801200e+02
5.801200e+02
5.762600e+02
5.808400e+02
5.676300e+02
5.712200e+02
5.728000e+02
5.759900e+02
5.764800e+02
5.762400e+02
5.819500e+02
5.774000e+02
5.795900e+02
5.852100e+02
5.844000e+02
5.810600e+02
5.767300e+02
5.825100e+02
5.744300e+02
5.758000e+02
5.797300e+02
5.768600e+02
5.709000e+02
5.709000e+02
5.709000e+02
5.668600e+02
5.678700e+02
5.665100e+02
5.665100e+02
5.665100e+02
5.769700e+02
5.681100e+02
5.726200e+02
5.709600e+02
5.713700e+02
5.713700e+02
5.713700e+02
5.731300e+02
5.664100e+02
5.665700e+02
5.665700e+02
5.680400e+02
5.680400e+02
5.680400e+02
5.687100e+02
5.699600e+02
5.755800e+02
5.766100e+02
2.836500e+02
2.836500e+02
2.836500e+02
5.921500e+02
5.863700e+02
5.823200e+02
5.797200e+02
5.682800e+02
5.682800e+02
5.682800e+02
5.863700e+02
5.631200e+02
5.678900e+02
5.636700e+02
5.651400e+02
5.651400e+02
5.651400e+02
5.867800e+02
5.690700e+02
5.737100e+02
5.737100e+02
5.759000e+02
5.759000e+02
5.759000e+02
4.274500e+02
4.986500e+02
4.986500e+02
3.909800e+02
5.224600e+02
5.224600e+02
5.224600e+02
3.924700e+02
5.527700e+02
5.845400e+02
5.912300e+02
5.911500e+02
5.911500e+02
5.911500e+02
5.749400e+02
5.665700e+02
5.712300e+02
5.812100e+02
580
580
580
5.747400e+02
5.747400e+02
5.730500e+02
5.839600e+02
5.825600e+02
5.825600e+02
5.825600e+02
5.825600e+02
5.586600e+02
5.674200e+02
5.843200e+02
5.816700e+02
5.816700e+02
5.816700e+02
5.647700e+02
5.629000e+02
5.649800e+02
5.639400e+02
5.627400e+02
5.627400e+02
5.627400e+02
5.634300e+02
5.634300e+02
5.661000e+02
5.818600e+02
5.780500e+02
5.780500e+02
5.780500e+02
5.637700e+02
5.667900e+02
5.667900e+02
5.667900e+02
5.667900e+02
5.667900e+02
5.667900e+02
5.661100e+02
5.660400e+02
5.644400e+02
3.602700e+02
5.582400e+02
5.582400e+02
5.582400e+02
5.610500e+02
5.592800e+02
5.598100e+02
5.603900e+02
5.609800e+02
5.609800e+02
5.609800e+02
5.551200e+02
5.547600e+02
5.579100e+02
5.579100e+02
5.559200e+02
5.559200e+02
5.559200e+02
3.689200e+02
5.753800e+02
5.769800e+02
5.769800e+02
5.616600e+02
5.616600e+02
5.616600e+02
5.595600e+02
5.625600e+02
5.625600e+02
5.625600e+02
5.495800e+02
5.495800e+02
5.495800e+02
3.407100e+02
3.386000e+02
3.255600e+02
3.086900e+02
2.894300e+02
2.894300e+02
2.894300e+02
2.656200e+02
2.610900e+02
2.604500e+02
2.604500e+02
2.604500e+02
2.604500e+02
2.604500e+02
2.695900e+02
2.695900e+02
2.695900e+02
2.653200e+02
2.644000e+02
2.644000e+02
2.644000e+02
2.644000e+02
2.563700e+02
2.555000e+02
2.555000e+02
2.533800e+02
2.533800e+02
2.533800e+02
2.541800e+02
2.465800e+02
2.411300e+02
2.411300e+02
2.411300e+02
2.411300e+02
2.411300e+02
2.411300e+02
2.411300e+02
2.411300e+02
2.411300e+02
2.411300e+02
2.411300e+02
2.411300e+02
2.385800e+02
234
2.392000e+02
2.392000e+02
2.392000e+02
2.392000e+02
2.392000e+02
2.317400e+02
2.295000e+02
230
230
2.247300e+02
2.247300e+02
2.247300e+02
2.247300e+02
2.247300e+02
232
2.368600e+02
2.368600e+02
2.368600e+02
2.368600e+02
2.334600e+02
2.347100e+02
236
236
2.364100e+02
2.364100e+02
2.364100e+02
247
2.513000e+02
2.635700e+02
2.635700e+02
2.661600e+02
2.661600e+02
0
0
0
1.672800e+02
3.103100e+02
3.072900e+02
3.072900e+02
3.072900e+02
3.072900e+02
0
0
0
0
0
0
0
0
0
2.422600e+02
2.422600e+02
2.422600e+02
2.422600e+02
2.979700e+02
2.946600e+02
2.946600e+02
2.946600e+02
2.946600e+02
2.946600e+02
2.946600e+02
2.946600e+02
2.946600e+02
2.951500e+02
2.953000e+02
2.953000e+02
2.953000e+02
2.953000e+02
2.976000e+02
3.097300e+02
3.232200e+02
3.153900e+02
3.153900e+02
3.153900e+02
3.153900e+02
3.094000e+02
3.097200e+02
3.097600e+02
298
3.043900e+02
3.043900e+02
3.043900e+02
3.015400e+02
3.013500e+02
3.235500e+02
3.282000e+02
3.214000e+02
3.214000e+02
3.214000e+02
3.562800e+02
3.471000e+02
3.419900e+02
3.419900e+02
3.431600e+02
3.431600e+02
3.431600e+02
3.449000e+02
3.451500e+02
3.455200e+02
3.513200e+02
3.437600e+02
3.437600e+02
3.437600e+02
3.475100e+02
3.423300e+02
3.395900e+02
3.177800e+02
3.241000e+02
3.241000e+02
3.241000e+02
3.292300e+02
3.265300e+02
3.215100e+02
325
3.261900e+02
3.261900e+02
3.261900e+02
3.367100e+02
3.355100e+02
2.871800e+02
3.132000e+02
2.728700e+02
2.728700e+02
2.728700e+02
3.001700e+02
2.694700e+02
2.551100e+02
2.552800e+02
2.529600e+02
2.529600e+02
2.529600e+02
2.529600e+02
2.373900e+02
2.373900e+02
2.099100e+02
2.105300e+02
2.105300e+02
2.105300e+02
2.066200e+02
2.098100e+02
2.040200e+02
2.007700e+02
1.988700e+02
1.988700e+02
1.988700e+02
2.118400e+02
2.156900e+02
2.156900e+02
2.323500e+02
2.384400e+02
2.384400e+02
2.384400e+02
2.163400e+02
2.337700e+02
2.114300e+02
1.930600e+02
2.202100e+02
2.202100e+02
2.202100e+02
2.361900e+02
2.325300e+02
2.331900e+02
2.552500e+02
2.043400e+02
2.043400e+02
2.043400e+02
2.468500e+02
2.104000e+02
2.216500e+02
2.297600e+02
2.854700e+02
2.854700e+02
2.854700e+02
2.023600e+02
2.023600e+02
1.978000e+02
2.229500e+02
2.734500e+02
2.734500e+02
2.734500e+02
2.902700e+02
2.963800e+02
2.956000e+02
3.057500e+02
3.088400e+02
3.088400e+02
3.088400e+02
2.669400e+02
3.073900e+02
3.036000e+02
2.987100e+02
2.884000e+02
2.884000e+02
2.884000e+02
1.904500e+02
2.764500e+02
3.155000e+02
3.048200e+02
3.037000e+02
3.037000e+02
3.037000e+02
2.702000e+02
2.800500e+02
3.032400e+02
2.868600e+02
2.971900e+02
2.971900e+02
2.971900e+02
1.998600e+02
2.679400e+02
2.962800e+02
2.852700e+02
2.852700e+02
2.852700e+02
2.852700e+02
2.954900e+02
2.956300e+02
2.959000e+02
2.941100e+02
2.954800e+02
2.954800e+02
2.954800e+02
1.909700e+02
2.814500e+02
2.998100e+02
2.974600e+02
2.967300e+02
2.967300e+02
2.967300e+02
2.967300e+02
3.069000e+02
3.091600e+02
3.028800e+02
3.014700e+02
3.014700e+02
3.014700e+02
2.982500e+02
2.982500e+02
2.982500e+02
2.982500e+02
1.922100e+02
1.922100e+02
1.922100e+02
2.929700e+02
2.929700e+02
2.839600e+02
2.839600e+02
2.911800e+02
2.911800e+02
2.911800e+02
2.912700e+02
2.912700e+02
2.857300e+02
2.857300e+02
2.824700e+02
2.824700e+02
2.824700e+02
2.302900e+02
2.302900e+02
2.302900e+02
2.302900e+02
1.831600e+02
1.831600e+02
1.831600e+02
1.807500e+02
1.817500e+02
1.824800e+02
1.824800e+02
2.562800e+02
2.562800e+02
2.562800e+02
1.809700e+02
1.809700e+02
1.809700e+02
1.809700e+02
1.987100e+02
1.987100e+02
1.987100e+02
1.998800e+02
1.998800e+02
1.769800e+02
1.769800e+02
1.769800e+02
1.769800e+02
1.769800e+02
2.147900e+02
2.147900e+02
2.227200e+02
2.227200e+02
2.049100e+02
2.049100e+02
2.049100e+02
2.049100e+02
2.049100e+02
2.076600e+02
2.076600e+02
0
0
0
0
0
0
0
1.855000e+02
1.855000e+02
1.855000e+02
1.835500e+02
1.835500e+02
1.808800e+02
1.808800e+02
1.878200e+02
1.878200e+02
1.878200e+02
1.830200e+02
1.830200e+02
1.823200e+02
1.823200e+02
1.828800e+02
1.828800e+02
1.828800e+02
1.860200e+02
1.860200e+02
1.821200e+02
1.821200e+02
1.825200e+02
1.825200e+02
1.825200e+02
1.800300e+02
1.800300e+02
1.798700e+02
1.798700e+02
1.798700e+02
1.798700e+02
1.798700e+02
1.811400e+02
1.811400e+02
1.800400e+02
1.800400e+02
1.800400e+02
1.800400e+02
1.800400e+02
1.800400e+02
1.800400e+02
1.800400e+02
1.800400e+02
1.845700e+02
1.845700e+02
1.845700e+02
1.845700e+02
1.845700e+02
1.830800e+02
1.830800e+02
1.830800e+02
1.830800e+02
1.830800e+02
1.830800e+02
1.830800e+02
1.830800e+02
1.830800e+02
1.830800e+02
1.830800e+02
1.830800e+02
2.546200e+02
2.546200e+02
202
202
202
202
202
202
202
202
202
202
202
202
202
202
202
202
202
202
202
2.006200e+02
2.006200e+02
2.007400e+02
2.007400e+02
2.029300e+02
2.029300e+02
2.029300e+02
2.029300e+02
2.029300e+02
2.029300e+02
2.029300e+02
1.957700e+02
1.957700e+02
1.957700e+02
1.930500e+02
1.930500e+02
1.937600e+02
1.937600e+02
1.939400e+02
1.939400e+02
1.939400e+02
1.947400e+02
1.947400e+02
1.947400e+02
1.947400e+02
1.935600e+02
1.935600e+02
1.935600e+02
1.857100e+02
1.857100e+02
1.882400e+02
1.882400e+02
1.912200e+02
1.912200e+02
1.912200e+02
185
185
185
185
185
185
185
185
185
185
185
1.832700e+02
1.832700e+02
1.832700e+02
1.834100e+02
1.834100e+02
1.806300e+02
1.806300e+02
1.802000e+02
1.802000e+02
1.802000e+02
1.802000e+02
1.802000e+02
1.802000e+02
1.802000e+02
2.748500e+02
2.748500e+02
2.748500e+02
2.748500e+02
2.748500e+02
2.748500e+02
2.748500e+02
2.445600e+02
2.445600e+02
2.445600e+02
2.445600e+02
2.445600e+02
2.473400e+02
2.473400e+02
2.451700e+02
2.451700e+02
2.451700e+02
2.447400e+02
2.447400e+02
2.437100e+02
2.437100e+02
2.425100e+02
2.425100e+02
2.425100e+02
2.399400e+02
2.399400e+02
2.397900e+02
2.397900e+02
2.360100e+02
2.360100e+02
2.360100e+02
2.360100e+02
2.360100e+02
2.336300e+02
2.336300e+02
2.249100e+02
2.249100e+02
2.249100e+02
2.211900e+02
2.211900e+02
2.235100e+02
2.235100e+02
2.265700e+02
2.265700e+02
2.265700e+02
2.265700e+02
2.265700e+02
2.214900e+02
2.214900e+02
2.165000e+02
2.165000e+02
2.165000e+02
1.950600e+02
1.950600e+02
1.951500e+02
1.951500e+02
2.187400e+02
2.187400e+02
2.187400e+02
2.187400e+02
2.187400e+02
2.187400e+02
2.187400e+02
2.187400e+02
2.187400e+02
2.187400e+02
2.099800e+02
2.099800e+02
2.100600e+02
2.100600e+02
2.075300e+02
2.075300e+02
2.075300e+02
2.075300e+02
2.075300e+02
2.075300e+02
2.075300e+02
2.074300e+02
2.074300e+02
2.074300e+02
2.020400e+02
2.020400e+02
2.020400e+02
2.020400e+02
2.020400e+02
2.020400e+02
2.020400e+02
2.020400e+02
2.020400e+02
2.020400e+02
1.979200e+02
1.999400e+02
1.999400e+02
1.999400e+02
1.974400e+02
1.974400e+02
2.024200e+02
2.024200e+02
2.019500e+02
2.019500e+02
2.019500e+02
2.019500e+02
2.019500e+02
1.926300e+02
1.926300e+02
1.924000e+02
1.924000e+02
1.924000e+02
1.911400e+02
1.911400e+02
1.911400e+02
1.911400e+02
1.922500e+02
1.922500e+02
1.922500e+02
1.922500e+02
1.922500e+02
1.922500e+02
1.922500e+02
1.885400e+02
1.885400e+02
1.976300e+02
1.976300e+02
1.976300e+02
1.994900e+02
1.994900e+02
1.994900e+02
2.034200e+02
2.034200e+02
2.034200e+02
2.034200e+02
2.038000e+02
2.038000e+02
2.038000e+02
2.038000e+02
2.038000e+02
1.736900e+02
1.736900e+02
1.736900e+02
1.736900e+02
2.105200e+02
2.105200e+02
2.105200e+02
2.105200e+02
2.105200e+02
2.071500e+02
2.071500e+02
2.071500e+02
2.071500e+02
2.071500e+02
2.071500e+02
2.071500e+02
2.081000e+02
2.081000e+02
2.127900e+02
2.127900e+02
2.127900e+02
2.127900e+02
2.127900e+02
2.117900e+02
2.117900e+02
2.125400e+02
2.125400e+02
2.125400e+02
2.125400e+02
2.125400e+02
2.068400e+02
2.068400e+02
2.068400e+02
2.068400e+02
2.068400e+02
1.994100e+02
1.994100e+02
2.009700e+02
2.009700e+02
1.941900e+02
1.941900e+02
1.941900e+02
1.941900e+02
1.941900e+02
1.941900e+02
1.941900e+02
1.948200e+02
1.948200e+02
1.948200e+02
1.948200e+02
1.948200e+02
1.936700e+02
1.936700e+02
1.966100e+02
1.966100e+02
1.966100e+02
1.964800e+02
1.964800e+02
1.964800e+02
1.964800e+02
1.985800e+02
1.985800e+02
1.985800e+02
1.985800e+02
1.985800e+02
1.961500e+02
1.961500e+02
1.979100e+02
1.979100e+02
1.979100e+02
1.979100e+02
1.979100e+02
1.938900e+02
1.938900e+02
1.905100e+02
1.905100e+02
1.905100e+02
1.905100e+02
1.905100e+02
1.962900e+02
1.962900e+02
1.984300e+02
1.984300e+02
1.984300e+02
1.938300e+02
1.938300e+02
1.930300e+02
1.930300e+02
1.934200e+02
1.934200e+02
1.934200e+02
1.934200e+02
1.934200e+02
1.948300e+02
1.948300e+02
2.077200e+02
2.077200e+02
2.077200e+02
2.308100e+02
2.308100e+02
2.251000e+02
2.251000e+02
2.219500e+02
2.219500e+02
2.219500e+02
2.219500e+02
2.219500e+02
2.263500e+02
2.263500e+02
2.246500e+02
2.246500e+02
2.246500e+02
2.246500e+02
2.246500e+02
2.260200e+02
2.260200e+02
2.260200e+02
2.260200e+02
2.260200e+02
2.260200e+02
2.260200e+02
2.228200e+02
2.228200e+02
2.228000e+02
2.228000e+02
2.228000e+02
2.260300e+02
2.260300e+02
2.260300e+02
2.260300e+02
2.260300e+02
2.260300e+02
2.260300e+02
2.260300e+02
2.260300e+02
2.260300e+02
2.260300e+02
2.260300e+02
2.260300e+02
2.260300e+02
2.260300e+02
2.260300e+02
2.260300e+02
2.260300e+02
2.260300e+02
2.260300e+02
2.260300e+02
2.260300e+02
2.260300e+02
2.260300e+02
2.331600e+02
2.331600e+02
2.331600e+02
2.331600e+02
2.331600e+02
2.331600e+02
2.331600e+02
2.331600e+02
2.331600e+02
2.331600e+02
2.331600e+02
2.331600e+02
2.377300e+02
2.377300e+02
2.377300e+02
2.377300e+02
2.377300e+02
2.377300e+02
2.377300e+02
2.377300e+02
2.399700e+02
2.399700e+02
2.399700e+02
2.399700e+02
2.399700e+02
2.399700e+02
2.399700e+02
2.394600e+02
2.394600e+02
2.425300e+02
2.425300e+02
2.425300e+02
2.437400e+02
2.437400e+02
2.413100e+02
2.413100e+02
3.232600e+02
3.232600e+02
3.232600e+02
3.232600e+02
3.232600e+02
3.311900e+02
3.311900e+02
3.269500e+02
3.269500e+02
3.269500e+02
3.365800e+02
3.365800e+02
3.365800e+02
3.365800e+02
3.697700e+02
3.697700e+02
3.697700e+02
3.697700e+02
3.697700e+02
3.726400e+02
3.726400e+02
3.726400e+02
3.726400e+02
3.726400e+02
3.858300e+02
3.858300e+02
3.778300e+02
3.778300e+02
3.778300e+02
3.778300e+02
3.778300e+02
3.778300e+02
3.778300e+02
4.003200e+02
4.003200e+02
4.017800e+02
4.017800e+02
4.017800e+02
4.097700e+02
4.097700e+02
4.112100e+02
4.112100e+02
4.112100e+02
4.112100e+02
4.112100e+02
4.112100e+02
4.112100e+02
4.763600e+02
4.763600e+02
4.757600e+02
4.757600e+02
4.757600e+02
4.712800e+02
4.712800e+02
4.680700e+02
4.680700e+02
4.680700e+02
4.680700e+02
4.680700e+02
4.630900e+02
4.630900e+02
4.565200e+02
4.565200e+02
4.581700e+02
4.581700e+02
4.581700e+02
4.552200e+02
4.552200e+02
4.551100e+02
4.551100e+02
4.581600e+02
4.581600e+02
4.581600e+02
4.531000e+02
4.531000e+02
4.531000e+02
4.531000e+02
4.495000e+02
4.495000e+02
4.495000e+02
4.521100e+02
4.521100e+02
4.512900e+02
4.512900e+02
4.499100e+02
4.499100e+02
4.499100e+02
4.499100e+02
4.499100e+02
4.442900e+02
4.442900e+02
4.455400e+02
4.455400e+02
4.455400e+02
4.427200e+02
4.427200e+02
4.428500e+02
4.428500e+02
4.409100e+02
4.409100e+02
4.409100e+02
4.409100e+02
4.409100e+02
4.368900e+02
4.368900e+02
438
438
438
4.369700e+02
4.369700e+02
4.343400e+02
4.343400e+02
4.363500e+02
4.363500e+02
4.363500e+02
4.363500e+02
4.363500e+02
4.363500e+02
4.363500e+02
4.300900e+02
4.300900e+02
4.300900e+02
4.323200e+02
4.323200e+02
4.292800e+02
4.292800e+02
4.298400e+02
4.298400e+02
4.298400e+02
4.298400e+02
4.298400e+02
4.313700e+02
4.313700e+02
4.313700e+02
4.313700e+02
4.313700e+02
4.313700e+02
4.313700e+02
4.263700e+02
4.263700e+02
4.246700e+02
4.246700e+02
4.246700e+02
4.246700e+02
4.246700e+02
4.241300e+02
4.241300e+02
4.107100e+02
4.107100e+02
4.107100e+02
2.907800e+02
2.907800e+02
2.395900e+02
2.395900e+02
3.638400e+02
3.638400e+02
3.638400e+02
3.638400e+02
3.638400e+02
4.168100e+02
4.168100e+02
4.168100e+02
4.168100e+02
4.168100e+02
3.135000e+02
3.135000e+02
3.401000e+02
2.705100e+02
2.705100e+02
2.705100e+02
2.705100e+02
2.705100e+02
2.705100e+02
4.013300e+02
4.013300e+02
4.039200e+02
4.039200e+02
4.039200e+02
4.072100e+02
4.072100e+02
4.072100e+02
4.077700e+02
3.953100e+02
3.953100e+02
3.953100e+02
3.997700e+02
3.997700e+02
3.998900e+02
3.998900e+02
3.990600e+02
3.990600e+02
3.990600e+02
3.999500e+02
3.999500e+02
4.046100e+02
4.046100e+02
4.034500e+02
4.034500e+02
4.034500e+02
4.025800e+02
4.025800e+02
4.053000e+02
4.053000e+02
4.053000e+02
4.053000e+02
4.053000e+02
4.042600e+02
4.042600e+02
4.024000e+02
4.024000e+02
4.024000e+02
4.024000e+02
4.024000e+02
3.984900e+02
3.984900e+02
3.978400e+02
3.978400e+02
3.886900e+02
3.886900e+02
3.886900e+02
3.927000e+02
3.927000e+02
3.927000e+02
3.927000e+02
4.017700e+02
4.017700e+02
4.017700e+02
3.996600e+02
3.996600e+02
3.992800e+02
3.992800e+02
3.974100e+02
3.974100e+02
3.974100e+02
3.971700e+02
3.971700e+02
3.958700e+02
3.958700e+02
3.958700e+02
3.958700e+02
3.958700e+02
3.958700e+02
3.958700e+02
3.945500e+02
3.945500e+02
3.945500e+02
3.945500e+02
3.945500e+02
3.920200e+02
3.920200e+02
3.896600e+02
3.896600e+02
3.896600e+02
3.896600e+02
3.896600e+02
3.896600e+02
3.896600e+02
2.891200e+02
2.891200e+02
3.827200e+02
3.827200e+02
3.827200e+02
3.850100e+02
3.850100e+02
3.776600e+02
3.776600e+02
3.848600e+02
3.848600e+02
3.848600e+02
3.825300e+02
3.825300e+02
3.766700e+02
3.766700e+02
3.768600e+02
3.768600e+02
3.768600e+02
2.822700e+02
2.822700e+02
3.716000e+02
3.716000e+02
3.778400e+02
3.778400e+02
3.778400e+02
3.778400e+02
3.778400e+02
3.778400e+02
3.778400e+02
3.778400e+02
3.778400e+02
3.778400e+02
3.242100e+02
3.242100e+02
3.197300e+02
3.197300e+02
3.125600e+02
3.125600e+02
3.125600e+02
3.125600e+02
3.125600e+02
3.125600e+02
3.125600e+02
2.990800e+02
2.990800e+02
2.990800e+02
2.990800e+02
2.990800e+02
2.990800e+02
2.990800e+02
2.990800e+02
2.990800e+02
2.990800e+02
2.990800e+02
2.990800e+02
3.227200e+02
3.227200e+02
3.313700e+02
3.313700e+02
3.313700e+02
3.313700e+02
3.313700e+02
2.406200e+02
2.406200e+02
1.847000e+02
1.847000e+02
1.847000e+02
3.495200e+02
3.495200e+02
3.500800e+02
3.500800e+02
3.408300e+02
3.408300e+02
3.408300e+02
3.319900e+02
3.319900e+02
3.319900e+02
3.319900e+02
3.319900e+02
3.319900e+02
3.319900e+02
3.319900e+02
3.319900e+02
2.076700e+02
2.076700e+02
2.076700e+02
2.076700e+02
2.076700e+02
3.297100e+02
3.297100e+02
3.038700e+02
3.038700e+02
3.038700e+02
3.038700e+02
3.038700e+02
3.038700e+02
3.038700e+02
2.748800e+02
2.748800e+02
2.729600e+02
2.729600e+02
2.729600e+02
2.534500e+02
2.534500e+02
3.089400e+02
3.089400e+02
2.995200e+02
2.995200e+02
2.995200e+02
2.995200e+02
2.995200e+02
3.174600e+02
3.174600e+02
3.174600e+02
3.174600e+02
3.174600e+02
3.212200e+02
3.212200e+02
2.614800e+02
2.614800e+02
2.584400e+02
2.584400e+02
2.584400e+02
3.297900e+02
3.297900e+02
3.221600e+02
3.221600e+02
3.241500e+02
3.241500e+02
3.241500e+02
3.239200e+02
3.239200e+02
2.908300e+02
2.908300e+02
2.906700e+02
2.906700e+02
2.906700e+02
1.614000e+02
1.614000e+02
1.578600e+02
1.578600e+02
1.495200e+02
1.495200e+02
1.495200e+02
1.449000e+02
1.449000e+02
1.538200e+02
1.538200e+02
1.538500e+02
1.538500e+02
1.538500e+02
1.586200e+02
1.586200e+02
1.590200e+02
1.590200e+02
1.632800e+02
1.632800e+02
1.632800e+02
1.628300e+02
1.628300e+02
1.563300e+02
1.563300e+02
1.563300e+02
1.563300e+02
1.563300e+02
1.563300e+02
1.563300e+02
1.563300e+02
1.563300e+02
1.622200e+02
1.622200e+02
1.622200e+02
1.579100e+02
1.579100e+02
1.596300e+02
1.596300e+02
1.600200e+02
1.600200e+02
1.600200e+02
1.661500e+02
1.661500e+02
1.608600e+02
1.608600e+02
1.667200e+02
1.667200e+02
1.667200e+02
1.637500e+02
1.637500e+02
1.652900e+02
1.652900e+02
1.707200e+02
1.707200e+02
1.707200e+02
1.707200e+02
1.707200e+02
1.692000e+02
1.692000e+02
1.692000e+02
1.692000e+02
1.692000e+02
1.683900e+02
1.683900e+02
1.647900e+02
1.647900e+02
1.662400e+02
1.662400e+02
1.662400e+02
1.667900e+02
1.667900e+02
1.560200e+02
1.560200e+02
1.560200e+02
1.560200e+02
1.560200e+02
1.601300e+02
1.601300e+02
1.601300e+02
1.601300e+02
1.601700e+02
1.601700e+02
1.601700e+02
1.569900e+02
1.569900e+02
1.545700e+02
1.545700e+02
1.530700e+02
1.530700e+02
1.530700e+02
1.561400e+02
1.561400e+02
1.561400e+02
1.561400e+02
1.604300e+02
1.604300e+02
1.604300e+02
1.630600e+02
1.630600e+02
1.616600e+02
1.616600e+02
1.616600e+02
1.616600e+02
1.616600e+02
1.560900e+02
1.560900e+02
1.560900e+02
1.560900e+02
6.564200e+02
6.564200e+02
6.564200e+02
1.538800e+02
1.538800e+02
1.569100e+02
1.569100e+02
1.567800e+02
1.567800e+02
1.567800e+02
1.518800e+02
1.518800e+02
1.518000e+02
1.518000e+02
1.518200e+02
1.518200e+02
1.518200e+02
1.523500e+02
1.523500e+02
1.512100e+02
1.512100e+02
1.466600e+02
1.466600e+02
1.466600e+02
1.495200e+02
1.495200e+02
1.495200e+02
1.495200e+02
1.509900e+02
1.509900e+02
1.509900e+02
1.502700e+02
1.502700e+02
1.502700e+02
1.502700e+02
1.482900e+02
1.482900e+02
1.482900e+02
1.482900e+02
1.482900e+02
1.496600e+02
1.496600e+02
1.565900e+02
1.565900e+02
1.565900e+02
1.528400e+02
1.528400e+02
1.522600e+02
1.522600e+02
1.572600e+02
1.572600e+02
1.572600e+02
1.572600e+02
1.572600e+02
1.572600e+02
1.572600e+02
1.529400e+02
1.529400e+02
1.529400e+02
1.529400e+02
1.529400e+02
1.567900e+02
1.567900e+02
1.540100e+02
1.540100e+02
1.540100e+02
1.540100e+02
1.540100e+02
1.540100e+02
1.540100e+02
1.540100e+02
1.540100e+02
1.540100e+02
1.540100e+02
1.540100e+02
1.540100e+02
1.540100e+02
1.585100e+02
1.585100e+02
1.585100e+02
1.565600e+02
1.565600e+02
1.565600e+02
1.565600e+02
1.570300e+02
1.570300e+02
1.570300e+02
1.552200e+02
1.552200e+02
1.579600e+02
1.579600e+02
1.505900e+02
1.505900e+02
1.505900e+02
1.505900e+02
1.505900e+02
1.524300e+02
1.524300e+02
1.578100e+02
1.578100e+02
1.578100e+02
1.573700e+02
1.573700e+02
1.351100e+02
1.351100e+02
1.351100e+02
1.351100e+02
1.351100e+02
1.476400e+02
1.476400e+02
153
153
153
153
153
153
153
1.467400e+02
1.467400e+02
1.467400e+02
1.467400e+02
1.467400e+02
1.467400e+02
1.467400e+02
1.467400e+02
1.467400e+02
145
145
145
145
145
145
145
1.446600e+02
1.446600e+02
1.446600e+02
1.356800e+02
1.356800e+02
1.356800e+02
1.356800e+02
1.356800e+02
1.356800e+02
1.356800e+02
1.356800e+02
1.356800e+02
143
143
143
143
143
143
143
143
143
143
143
143
1.395100e+02
1.395100e+02
1.425900e+02
1.425900e+02
1.491900e+02
1.491900e+02
1.491900e+02
1.418500e+02
1.418500e+02
1.418500e+02
1.418500e+02
1.418500e+02
1.418500e+02
1.418500e+02
1.455300e+02
1.455300e+02
1.455300e+02
1.455300e+02
1.382500e+02
1.382500e+02
1.382500e+02
1.289600e+02
1.289600e+02
1.384400e+02
1.384400e+02
1.384400e+02
1.384400e+02
1.384400e+02
1.328200e+02
1.328200e+02
1.402300e+02
1.402300e+02
1.496100e+02
1.496100e+02
1.496100e+02
1.482300e+02
1.482300e+02
1.445000e+02
1.445000e+02
1.401700e+02
1.401700e+02
1.401700e+02
1.482700e+02
1.482700e+02
1.419100e+02
1.419100e+02
1.425700e+02
1.425700e+02
1.425700e+02
1.413700e+02
1.413700e+02
1.458000e+02
1.458000e+02
1.294600e+02
1.294600e+02
1.294600e+02
1.294600e+02
1.294600e+02
1.294600e+02
1.294600e+02
1.294600e+02
1.294600e+02
1.294600e+02
1.380700e+02
1.380700e+02
1.372200e+02
1.372200e+02
1.372200e+02
1.372200e+02
1.372200e+02
1.380700e+02
1.380700e+02
1.422700e+02
1.422700e+02
1.493000e+02
1.493000e+02
1.493000e+02
1.448600e+02
1.448600e+02
1.386700e+02
1.386700e+02
1.367700e+02
1.367700e+02
1.367700e+02
1.356400e+02
1.356400e+02
1.208300e+02
1.208300e+02
1.208300e+02
