0
0
0
0
0
0
0
0
0
0
0
0
0
0
0
0
0
0
0
0
0
0
0
0
0
0
0
0
0
0
0
0
0
0
0
0
0
0
0
0
0
0
0
0
0
0
0
0
0
0
0
0
0
0
0
0
0
0
0
0
0
0
0
0
0
0
0
0
0
0
0
0
0
0
0
0
0
0
0
0
0
0
0
0
0
0
0
0
0
0
0
0
0
0
0
0
0
0
0
0
0
0
0
0
0
0
0
0
0
0
0
0
0
0
0
0
0
0
0
0
0
0
0
0
0
0
0
0
0
0
0
0
0
0
0
0
0
0
0
0
0
0
0
0
0
0
0
0
0
0
0
0
0
0
0
0
0
0
0
0
0
0
0
0
0
0
0
0
0
0
0
0
0
0
0
0
0
0
0
0
0
0
0
0
0
0
0
0
0
0
0
0
0
0
0
0
0
0
0
0
0
0
0
0
0
0
0
0
0
0
0
0
0
0
0
0
0
0
0
0
0
0
0
0
0
0
0
0
0
0
0
0
0
0
0
0
0
0
0
0
0
0
0
0
0
0
0
0
0
0
0
0
0
0
0
0
0
0
0
0
0
0
0
0
0
0
0
0
0
0
0
0
0
0
0
0
0
0
0
0
0
0
0
0
0
0
0
0
0
0
0
0
0
0
0
0
0
0
0
0
0
0
0
0
0
0
0
0
0
0
0
0
0
0
0
0
0
0
0
0
0
0
0
0
0
0
0
0
0
0
0
0
0
0
0
0
0
0
0
0
0
0
0
0
0
0
0
0
0
0
0
0
0
0
0
0
0
0
0
0
0
0
0
0
0
0
0
0
0
0
0
0
0
0
0
0
0
0
0
0
0
0
0
0
0
0
0
0
0
0
0
0
0
0
0
0
0
0
0
0
0
0
0
0
0
0
0
0
0
0
0
0
0
0
0
0
0
0
0
0
0
0
0
0
0
0
0
0
0
0
0
0
0
0
0
0
0
0
0
620
0
0
0
749
760
760
718
795
797
796
871
871
872
870
851
876
872
850
876
876
893
567
885
884
347
347
407
353
438
387
409
561
496
643
641
643
644
647
637
630
645
651
649
643
644
645
644
682
745
744
813
806
858
904
943
1016
1004
1007
1003
1043
1042
1044
1043
1044
1042
1041
1013
1014
1010
1007
1008
987
1043
958
1114
1188
1188
1230
1034
975
1227
1226
1223
1229
1220
1216
1221
1204
1288
1296
1289
1292
1241
1287
1285
1284
1287
1282
1242
1259
1324
1275
1272
1273
1270
1311
1315
1311
1312
1312
1340
1339
1338
1336
1342
1337
1339
1340
1346
1345
1344
1344
1339
1335
1362
1324
1367
1369
1375
1384
1385
1405
1410
1427
1417
1399
1387
1409
1413
1398
1257
1207
1224
1212
1254
1397
1458
1705
1598
1622
1609
1301
1438
1321
1318
1320
1330
1359
1361
1352
1320
1320
1257
1304
1307
1347
1454
1441
1322
1579
1362
1404
1375
1359
1351
1326
1293
1302
1183
1197
1217
1157
1153
1042
1085
1090
1094
962
971
890
928
807
758
736
901
897
687
1089
797
956
912
914
791
801
784
782
767
764
823
785
768
773
763
746
725
720
726
727
713
699
711
689
666
698
663
652
658
662
662
636
640
633
622
617
602
598
604
601
604
598
584
584
598
592
588
579
563
585
585
587
585
592
592
592
580
561
575
671
681
622
626
607
638
518
515
533
509
452
499
492
503
493
495
491
490
473
483
477
469
470
402
474
467
460
458
450
451
409
450
443
441
438
442
433
433
427
427
433
438
430
415
415
411
416
375
437
400
419
422
406
404
404
404
397
398
397
4.946900e+02
436
436
435
429
434
431
426
428
426
421
415
418
423
422
424
427
411
418
402
395
395
390
395
391
400
396
392
392
396
406
401
402
406
404
400
405
405
406
402
398
402
326
313
316
311
303
314
310
310
310
310
301
306
298
304
297
295
288
494
315
303
303
293
293
290
290
290
280
287
284
137
265
281
272
272
276
277
276
287
336
293
280
280
278
260
271
271
257
262
259
256
250
257
253
240
250
250
255
248
241
226
237
226
244
246
244
240
245
240
239
239
239
239
437
332
278
253
257
250
250
245
245
235
214
230
230
230
230
215
221
221
227
208
222
221
219
215
212
215
215
210
208
169
202
201
201
201
200
195
187
192
195
197
205
186
138
179
128
184
184
181
181
179
184
184
150
184
190
162
167
184
191
183
189
185
187
187
187
176
185
156
168
173
173
180
175
179
186
192
164
169
167
169
162
171
180
146
151
148
157
153
178
157
152
148
115
149
144
148
142
135
146
139
142
128
152
148
142
142
142
204
234
237
241
236
200
199
193
186
196
205
197
207
215
143
183
179
184
192
202
170
177
204
198
207
187
175
185
188
155
158
148
181
193
189
190
190
201
192
173
183
175
165
172
173
161
194
198
133
159
167
165
185
181
158
171
159
161
149
152
182
159
173
153
171
174
191
159
226
183
174
173
181
179
116
187
171
144
148
187
122
173
178
143
168
191
1.551111e+02
1.536374e+02
200
132
135
196
166
166
166
129
175
172
160
124
124
124
158
149
156
177
140
140
140
143
144
175
173
194
194
194
143
143
143
143
160
160
160
160
166
166
166
164
164
164
168
142
164
233
137
137
186
115
138
189
193
126
157
138
172
138
200
159
136
133
133
133
133
267
145
125
125
125
125
172
115
145
117
117
117
161
87
110
110
45
45
45
121
113
162
210
116
116
116
143
157
97
95
115
115
115
157
143
119
108
119
119
119
150
132
132
132
116
116
116
116
109
109
82
82
82
82
107
106
88
78
84
84
84
66
71
74
78
72
72
72
69
69
67
109
85
85
85
85
70
64
64
60
60
60
82
46
47
43
45
45
45
46
46
116
58
58
58
58
68
72
72
72
72
72
72
44
45
50
49
47
47
47
44
170
168
173
170
170
170
174
168
170
170
172
172
172
170
184
187
187
180
180
180
184
182
182
182
182
182
182
182
184
184
184
184
184
184
184
184
184
184
184
184
184
184
184
184
184
184
184
184
184
184
184
184
184
184
184
184
184
184
184
184
184
184
184
184
184
184
184
184
184
184
184
184
184
184
184
184
184
184
184
184
184
184
184
184
184
184
184
184
184
184
184
184
184
184
184
184
184
184
184
184
184
184
184
184
184
184
184
61
16
16
16
16
16
16
16
16
16
16
16
16
16
16
16
16
16
16
16
16
16
16
16
16
16
16
16
16
16
16
16
16
16
16
16
16
16
16
16
16
16
16
16
16
16
16
16
78
78
84
84
84
78
78
84
84
84
84
84
84
84
84
84
75
75
75
75
84
84
84
117
117
117
121
121
133
133
138
138
138
140
114
114
114
114
114
114
88
88
88
86
104
104
104
104
104
104
104
104
104
104
104
104
104
104
101
101
101
101
101
101
101
84
84
84
84
84
84
84
84
84
84
84
84
84
84
84
84
84
89
89
89
136
136
136
136
136
136
136
108
615
615
615
89
89
94
94
94
94
94
94
94
94
94
127
127
127
127
127
117
117
117
117
117
117
117
117
106
106
106
106
106
106
106
106
106
106
106
106
112
112
118
118
118
118
118
118
118
118
118
118
118
118
118
118
118
118
118
118
118
118
118
118
118
118
118
118
118
118
118
118
118
118
118
118
137
137
137
137
137
137
137
137
137
137
137
137
137
137
137
137
137
137
137
137
137
137
137
137
137
137
137
137
137
137
137
137
137
137
137
137
137
137
137
137
137
137
137
137
137
137
137
137
137
137
137
137
137
137
137
137
137
137
137
137
137
137
137
137
137
137
137
137
137
137
137
137
137
137
137
137
137
137
137
137
137
137
137
137
137
137
137
137
137
137
137
137
137
137
137
137
137
137
137
137
137
137
137
137
137
137
137
137
137
137
137
137
137
137
137
137
137
137
137
137
137
137
137
137
137
137
137
137
137
137
137
137
137
137
137
137
137
137
137
137
137
137
137
137
137
137
137
137
137
137
137
137
137
137
137
137
137
137
137
137
137
137
137
137
137
137
137
137
137
137
137
137
137
137
137
137
137
137
137
137
137
137
137
137
137
137
137
137
137
137
137
137
137
137
137
137
137
137
137
137
137
137
137
137
137
137
137
137
159
159
138
138
138
138
138
138
138
138
138
138
138
138
138
138
138
138
138
138
138
138
138
90
90
90
90
90
90
90
90
90
90
90
90
90
90
90
90
90
90
90
90
90
90
90
90
90
90
90
90
90
90
90
90
90
90
90
90
90
90
90
90
90
90
90
90
90
90
90
90
90
90
90
90
90
90
90
90
90
90
90
90
90
90
90
90
90
90
90
90
90
90
90
90
90
90
90
90
90
90
90
90
90
90
90
90
90
90
90
90
90
90
90
90
90
90
90
90
90
90
90
90
90
90
90
90
90
90
90
90
90
90
90
90
90
90
90
90
90
90
90
90
90
90
90
90
90
90
90
90
90
90
90
90
90
90
90
90
90
90
90
90
90
90
90
90
90
90
90
128
128
128
128
128
128
128
128
128
128
128
128
128
128
128
128
128
128
128
128
128
128
128
128
128
128
128
128
128
128
131
131
131
131
131
131
131
131
131
131
131
131
133
133
133
133
133
147
147
151
151
151
151
151
151
151
151
151
151
151
151
151
151
151
151
151
151
151
151
151
147
147
147
147
147
143
143
143
143
143
143
143
143
143
143
143
143
143
143
143
143
143
143
143
143
143
143
143
143
143
143
143
143
143
143
143
143
143
143
143
143
98
98
98
98
98
98
98
98
98
98
98
98
98
98
98
98
98
98
98
98
149
149
117
117
122
122
122
122
122
104
104
110
110
110
108
108
108
108
108
108
108
108
108
180
180
180
180
180
180
180
58
58
58
58
58
58
58
100
100
100
100
100
104
104
110
110
110
110
110
110
110
110
110
119
119
119
119
119
118
118
118
118
118
118
118
118
118
110
110
110
114
114
116
116
116
116
116
116
116
116
116
116
116
116
117
117
119
119
119
119
119
119
119
146
146
146
146
146
148
148
123
123
123
123
123
123
123
123
123
123
123
123
123
123
123
123
123
123
123
123
123
123
123
123
123
123
123
123
139
139
139
139
139
139
139
139
139
139
139
139
139
139
141
141
141
141
141
141
141
138
138
138
138
138
138
138
138
138
138
138
138
138
138
138
138
138
138
138
138
138
136
138
138
138
138
138
138
117
117
119
119
119
112
112
112
112
117
117
117
117
117
84
84
80
80
80
86
86
101
101
108
108
108
108
108
103
103
103
103
103
106
106
145
145
145
145
145
145
145
147
147
141
141
141
147
147
147
147
37
37
37
37
37
40
40
42
42
42
44
44
44
44
44
44
44
44
44
44
44
44
44
44
44
44
44
44
44
44
44
44
44
40
40
41
41
41
30
30
34
34
34
34
34
34
34
32
32
30
30
30
30
30
29
29
29
29
29
29
29
29
29
29
29
29
30
30
30
30
30
30
30
30
30
30
30
30
30
30
30
30
30
30
30
30
30
30
30
29
29
29
29
29
29
29
29
29
29
29
29
29
29
29
29
29
29
29
30
30
30
30
30
30
30
30
30
34
34
34
34
34
34
34
34
34
34
34
34
34
34
30
30
31
31
31
33
33
31
31
31
31
31
31
31
31
31
31
31
31
32
32
21
21
21
21
21
21
21
31
31
31
31
31
31
31
30
30
30
30
30
30
30
30
30
30
30
30
30
30
30
30
30
30
30
30
30
30
30
30
30
30
30
30
30
30
30
30
30
30
30
30
30
30
30
30
30
30
30
30
30
30
30
30
30
30
30
30
30
30
30
30
30
30
30
30
30
30
30
30
30
30
30
30
30
30
30
30
30
30
30
30
30
30
30
30
30
30
30
30
30
30
30
30
30
30
30
30
30
30
30
30
30
30
30
30
30
30
30
30
30
30
30
30
30
30
30
30
30
30
30
30
30
30
30
30
30
30
30
30
30
30
30
30
30
30
30
30
30
30
30
30
30
30
30
30
30
30
30
30
30
30
30
30
30
30
30
30
30
30
30
30
30
30
30
30
30
30
30
30
30
30
30
30
30
30
30
30
30
30
30
30
30
30
30
30
30
30
30
30
30
30
30
30
30
30
30
30
30
30
30
30
30
30
30
30
30
30
30
30
30
30
30
30
30
30
30
30
30
30
30
30
30
30
30
30
30
30
30
30
30
30
30
30
30
30
30
30
30
30
30
30
30
30
30
30
30
30
30
30
30
30
30
30
30
30
30
30
30
30
30
30
30
30
30
30
30
30
30
30
30
30
30
30
30
30
30
30
30
35
35
35
35
35
35
35
35
35
35
35
35
35
35
35
35
35
35
35
35
35
35
35
35
35
35
35
35
35
35
35
35
35
35
35
35
35
35
35
35
35
35
35
35
35
35
35
35
35
35
35
35
35
35
35
35
35
35
35
35
35
35
35
35
35
35
35
35
35
35
25
25
25
25
25
25
25
25
25
25
25
25
25
25
25
25
25
