0
0
0
0
0
0
0
0
0
0
0
0
0
0
0
0
0
0
0
0
0
0
0
0
0
0
0
0
0
0
0
0
0
0
0
0
0
0
0
0
0
0
0
0
0
0
0
0
0
0
0
0
0
0
0
0
0
0
0
0
0
0
0
0
0
0
0
0
0
0
0
0
0
0
0
0
0
0
0
0
0
0
0
0
0
0
0
0
0
0
0
0
0
0
0
0
0
0
0
0
0
0
0
0
0
0
0
0
0
0
0
0
0
0
0
0
0
0
0
0
0
0
0
0
0
0
0
0
0
0
0
0
0
0
0
0
0
0
0
0
0
0
0
0
0
0
0
0
0
0
0
0
0
0
0
0
0
0
0
0
0
0
0
0
0
0
0
0
0
0
0
0
0
0
0
0
0
0
0
0
0
0
0
0
0
0
0
0
0
0
0
0
0
0
0
0
0
0
0
0
0
0
0
0
0
0
0
0
0
0
0
0
0
0
0
0
0
0
0
0
0
0
0
0
0
0
0
0
0
0
0
0
0
0
0
0
0
0
0
0
0
0
0
0
0
0
0
0
0
0
0
0
0
0
0
0
0
0
0
0
0
0
0
0
0
0
0
0
0
0
0
0
0
0
0
0
0
0
0
0
0
0
0
0
0
0
0
0
0
0
0
0
0
0
0
0
0
0
0
0
0
0
0
0
0
0
0
0
0
0
0
0
0
0
0
0
0
0
0
0
0
0
0
0
0
0
0
0
0
0
0
0
0
0
0
0
0
0
0
0
0
0
0
0
0
0
0
0
0
0
0
0
0
0
0
0
0
0
0
0
0
0
0
0
0
0
0
0
0
0
0
0
0
0
0
0
0
0
0
0
0
0
0
0
0
0
0
0
0
0
0
0
0
0
0
0
0
0
0
0
0
0
0
0
0
0
0
0
0
0
0
0
0
0
0
0
0
0
0
0
0
0
0
0
0
0
0
0
0
0
0
0
0
0
0
0
0
0
0
0
0
0
0
0
0
0
0
0
0
0
0
0
0
0
0
0
0
0
0
0
0
0
0
0
0
0
0
0
0
0
0
0
0
0
0
0
0
0
0
0
0
0
0
0
0
0
0
0
0
0
0
0
0
0
0
0
0
0
0
0
0
0
0
0
0
0
0
0
0
0
0
0
0
0
0
0
0
0
0
0
0
0
0
0
0
0
0
0
0
0
0
0
0
0
0
0
0
0
0
0
0
0
0
0
0
0
0
0
0
0
0
0
0
0
0
0
0
0
0
0
0
0
0
0
0
0
0
0
0
0
0
0
0
0
0
0
0
0
0
0
0
0
0
0
0
0
0
0
0
0
0
0
0
0
0
0
0
0
0
0
0
0
0
0
0
0
0
0
0
0
0
0
0
0
0
0
0
0
0
0
0
0
0
0
0
0
0
0
0
0
0
0
0
0
0
0
0
0
0
0
0
0
0
0
0
0
0
0
0
0
0
0
0
0
0
0
0
0
0
0
0
0
0
0
0
0
0
0
0
0
0
0
0
0
0
0
0
0
0
0
0
0
0
0
0
0
0
0
0
0
0
0
0
0
0
0
0
0
0
0
0
0
0
0
0
0
0
0
0
0
0
0
0
0
0
0
0
0
0
0
0
0
0
0
0
0
0
0
0
0
0
0
0
0
0
0
0
0
0
0
0
0
0
0
0
0
0
10
20
30
50
60
80
1.463300e+02
1.374200e+02
1.952000e+02
2.037600e+02
253
2.585600e+02
2.822100e+02
3.137100e+02
3.477800e+02
3.786500e+02
9.893000e+01
3.380600e+02
0
2.211800e+02
1.842700e+02
8.134000e+01
8.175000e+01
1.037700e+02
2.493000e+01
3.198800e+02
5.214400e+02
6.963200e+02
7.541200e+02
7.565200e+02
7.659100e+02
7.174600e+02
7.008700e+02
7.008700e+02
6.917100e+02
6.844500e+02
675
6.774500e+02
6.653800e+02
6.600400e+02
6.600400e+02
6.448500e+02
6.410200e+02
6.410200e+02
6.409900e+02
6.306000e+02
6.287000e+02
6.207000e+02
6.135300e+02
6.142700e+02
6.057400e+02
6.179100e+02
6.063400e+02
5.960600e+02
5.888400e+02
5.806300e+02
5.806300e+02
5.776100e+02
5.743600e+02
5.743600e+02
5.663800e+02
5.607700e+02
5.548200e+02
5.537200e+02
5.517000e+02
5.548000e+02
4.147400e+02
5.315300e+02
5.297400e+02
5.218100e+02
5.181700e+02
5.182700e+02
5.146700e+02
5.111000e+02
5.068100e+02
5.068100e+02
5.073000e+02
5.023300e+02
4.981800e+02
5.008700e+02
4.951100e+02
491
4.885500e+02
4.852200e+02
4.843200e+02
4.781700e+02
4.768000e+02
4.717200e+02
4.743000e+02
4.741400e+02
4.673000e+02
4.655500e+02
4.653400e+02
4.603900e+02
4.564800e+02
4.562600e+02
4.445700e+02
4.503300e+02
4.427900e+02
4.376300e+02
4.323000e+02
4.316300e+02
4.272500e+02
4.272500e+02
4.200700e+02
4.154700e+02
4.132600e+02
4.039200e+02
4.089500e+02
4.044000e+02
4.068200e+02
3.977900e+02
4.039200e+02
3.828700e+02
3.868800e+02
3.865500e+02
3.836600e+02
3.813700e+02
3.781200e+02
3.730800e+02
3.708000e+02
3.647600e+02
3.648900e+02
3.631800e+02
3.590600e+02
3.613800e+02
3.527200e+02
3.541500e+02
3.527200e+02
3.428800e+02
3.369400e+02
3.450500e+02
3.415600e+02
3.313400e+02
3.381500e+02
3.347500e+02
3.336500e+02
3.302100e+02
3.239500e+02
3.277200e+02
3.237900e+02
3.252600e+02
3.204000e+02
3.129200e+02
3.155600e+02
3.174100e+02
3.183200e+02
3.185900e+02
3.114700e+02
3.109100e+02
3.090400e+02
3.073700e+02
3.054200e+02
2.907900e+02
2.869200e+02
2.869200e+02
2.869200e+02
2.943400e+02
2.898300e+02
2.882500e+02
2.846900e+02
2.850300e+02
2.851900e+02
2.855100e+02
2.855100e+02
2.826600e+02
2.786800e+02
2.758700e+02
2.786800e+02
2.786800e+02
2.643100e+02
2.638400e+02
2.664600e+02
2.642800e+02
2.642800e+02
2.681400e+02
2.672400e+02
2.725900e+02
2.625800e+02
2.540500e+02
2.689300e+02
2.661100e+02
2.656900e+02
2.661200e+02
2.618200e+02
2.641500e+02
2.641500e+02
2.641500e+02
2.587700e+02
2.564400e+02
2.562000e+02
2.465600e+02
2.487800e+02
2.487800e+02
2.436400e+02
2.397500e+02
2.470400e+02
2.507200e+02
2.519100e+02
2.462200e+02
2.478000e+02
2.467200e+02
2.431900e+02
2.426800e+02
2.428100e+02
2.454100e+02
2.428600e+02
2.397500e+02
2.339900e+02
2.353900e+02
2.376300e+02
2.375300e+02
2.385800e+02
2.350100e+02
2.366200e+02
2.341500e+02
2.348800e+02
2.323200e+02
2.312000e+02
2.307600e+02
2.295000e+02
2.286600e+02
2.278200e+02
2.249600e+02
2.205700e+02
2.252500e+02
2.255900e+02
2.222200e+02
2.222200e+02
2.222200e+02
2.048300e+02
2.052600e+02
2.119300e+02
2.105900e+02
2.059700e+02
1.986500e+02
1.998700e+02
1.987300e+02
2.042900e+02
2.041500e+02
2.022700e+02
2.012100e+02
1.993900e+02
1.958200e+02
1.964400e+02
1.926100e+02
1.949900e+02
1.958700e+02
1.942300e+02
2.038600e+02
2.008900e+02
2.045500e+02
2.057300e+02
2.046400e+02
2.027000e+02
2.011100e+02
2.009800e+02
1.999300e+02
1.971500e+02
1.938600e+02
1.834100e+02
1.837600e+02
1.832800e+02
1.825600e+02
1.787200e+02
1.885500e+02
1.860700e+02
1.845400e+02
1.863300e+02
1.866800e+02
1.877500e+02
1.843400e+02
1.854200e+02
1.852000e+02
1.853000e+02
1.840800e+02
1.846500e+02
1.831200e+02
1.844800e+02
1.836400e+02
1.815500e+02
1.801300e+02
1.812800e+02
1.811400e+02
1.797300e+02
1.793000e+02
1.802100e+02
1.784000e+02
1.775700e+02
1.767200e+02
1.761100e+02
1.602900e+02
1.627900e+02
1.622800e+02
1.622600e+02
1.766200e+02
1.749300e+02
1.740900e+02
1.788000e+01
1.641700e+02
1.728900e+02
1.718500e+02
1.766200e+02
1.749300e+02
1.688100e+02
1.681000e+02
1.680400e+02
1.671000e+02
1.665500e+02
1.670300e+02
1.663400e+02
167
1.642600e+02
1.620800e+02
1.499500e+02
1.576000e+02
1.583647e+02
1.574424e+02
1.565200e+02
1.577800e+02
2.562400e+02
1.555400e+02
1.502800e+02
1.502800e+02
1.502800e+02
1.531500e+02
1.513100e+02
1.507700e+02
1.481400e+02
1.515200e+02
1.515200e+02
1.515200e+02
1.464500e+02
1.447700e+02
1.422500e+02
1.458800e+02
1.481700e+02
1.481700e+02
1.481700e+02
1.395900e+02
1.391400e+02
1.367100e+02
1.425900e+02
1.400800e+02
1.400800e+02
1.400800e+02
1.345900e+02
1.345900e+02
1.345900e+02
1.378400e+02
1.375000e+02
1.375000e+02
1.375000e+02
1.375000e+02
1.267100e+02
1.376700e+02
1.323700e+02
1.338200e+02
1.338200e+02
1.338200e+02
8.783000e+01
8.249000e+01
9.703000e+01
8.232000e+01
8.444000e+01
8.333000e+01
9.206000e+01
9.022000e+01
8.523000e+01
8.768000e+01
8.053000e+01
8.061000e+01
8.037000e+01
8.010000e+01
8.242000e+01
1.195600e+02
1.198600e+02
1.237100e+02
1.252200e+02
1.188200e+02
1.178700e+02
1.176700e+02
1.176700e+02
1.196800e+02
1.162300e+02
1.168500e+02
1.168500e+02
1.168500e+02
1.256600e+02
1.142400e+02
1.217200e+02
1.180500e+02
1.181700e+02
1.181700e+02
1.181700e+02
1.203300e+02
1.163200e+02
1.168200e+02
1.168200e+02
1.180300e+02
1.180300e+02
1.180300e+02
1.168900e+02
1.155700e+02
1.163600e+02
1.543600e+02
1.182700e+02
1.182700e+02
1.182700e+02
1.306400e+02
1.118400e+02
1.127300e+02
1.064600e+02
1.149600e+02
1.149600e+02
1.149600e+02
1.146900e+02
1.606300e+02
1.124700e+02
1.125200e+02
1.114000e+02
1.114000e+02
1.114000e+02
1.266500e+02
1.078900e+02
1.164000e+02
1.096800e+02
1.093700e+02
1.093700e+02
1.093700e+02
1.147500e+02
1.100600e+02
1.100600e+02
1.125500e+02
1.270300e+02
1.270300e+02
1.270300e+02
1.232900e+02
1.110800e+02
1.098800e+02
1.229700e+02
1.152000e+02
1.152000e+02
1.152000e+02
1.120200e+02
1.073000e+02
1.100600e+02
1.169900e+02
1.123600e+02
1.123600e+02
1.123600e+02
1.109200e+02
1.080300e+02
1.136000e+02
1.197300e+02
1.182100e+02
1.182100e+02
1.182100e+02
1.182100e+02
9.533000e+01
1.063900e+02
1.189200e+02
1.188200e+02
1.188200e+02
1.188200e+02
1.082700e+02
1.068200e+02
1.049200e+02
1.067600e+02
1.046100e+02
1.046100e+02
1.046100e+02
1.058200e+02
1.058200e+02
1.038800e+02
1.142900e+02
1.045800e+02
1.045800e+02
1.045800e+02
1.031100e+02
1.056400e+02
1.056400e+02
1.056400e+02
1.056400e+02
1.056400e+02
1.056400e+02
1.079300e+02
1.078600e+02
1.072700e+02
1.052300e+02
1.047400e+02
1.047400e+02
1.047400e+02
1.047400e+02
1.058300e+02
1.083400e+02
1.103500e+02
1.194700e+02
1.194700e+02
1.194700e+02
1.085700e+02
1.097200e+02
1.109200e+02
1.109200e+02
1.099000e+02
1.099000e+02
1.099000e+02
1.098500e+02
1.078300e+02
1.077900e+02
1.077900e+02
1.072800e+02
1.072800e+02
1.072800e+02
1.111100e+02
1.111100e+02
1.111100e+02
1.111100e+02
1.111100e+02
1.111100e+02
1.111100e+02
1.120800e+02
1.045400e+02
1.111700e+02
1.126200e+02
1.988700e+02
1.988700e+02
1.988700e+02
1.104600e+02
1.080600e+02
1.071000e+02
1.071000e+02
1.071000e+02
1.071000e+02
1.071000e+02
1.128200e+02
1.128200e+02
1.128200e+02
1.067000e+02
1.011900e+02
1.011900e+02
1.011900e+02
1.011900e+02
1.186100e+02
1.203700e+02
1.203700e+02
1.202400e+02
1.202400e+02
1.202400e+02
1.158200e+02
1.175000e+02
1.125000e+02
1.125000e+02
1.125000e+02
1.125000e+02
1.125000e+02
1.125000e+02
1.125000e+02
1.125000e+02
1.125000e+02
1.125000e+02
1.125000e+02
1.125000e+02
9.596000e+01
1.008100e+02
1.167300e+02
1.167300e+02
1.167300e+02
1.167300e+02
1.167300e+02
1.174600e+02
1.209000e+02
1.207000e+02
1.068000e+02
105
105
105
113
1.064500e+02
1.208000e+02
1.214900e+02
9.755000e+01
9.755000e+01
9.755000e+01
9.755000e+01
1.219200e+02
1.178800e+02
1.175200e+02
1.144300e+02
1.144300e+02
1.144300e+02
0
0
0
0
0
0
0
0
1.265900e+02
1.176800e+02
1.171000e+02
1.157300e+02
1.157300e+02
1.157300e+02
114
1.082500e+02
1.082500e+02
1.035700e+02
1.035700e+02
1.035700e+02
1.035700e+02
1.054800e+02
1.054800e+02
1.132100e+02
1.095800e+02
1.095800e+02
1.095800e+02
1.095800e+02
1.094500e+02
1.094500e+02
1.094500e+02
1.094500e+02
1.094500e+02
1.094500e+02
1.094500e+02
1.094500e+02
1.094500e+02
1.169200e+02
1.185900e+02
1.185900e+02
1.185900e+02
1.185900e+02
1.184800e+02
1.175800e+02
1.171300e+02
1.184100e+02
1.184100e+02
1.184100e+02
1.184100e+02
1.153100e+02
1.154000e+02
1.138700e+02
1.153100e+02
1.145100e+02
1.145100e+02
1.145100e+02
1.159600e+02
1.146900e+02
1.124300e+02
1.152700e+02
1.086000e+02
1.086000e+02
1.086000e+02
1.138400e+02
1.075400e+02
1.074800e+02
1.074800e+02
1.087000e+02
1.087000e+02
1.087000e+02
1.123800e+02
1.130300e+02
1.133000e+02
1.140900e+02
1.109600e+02
1.109600e+02
1.109600e+02
1.126700e+02
1.127700e+02
1.129000e+02
1.138200e+02
1.126400e+02
1.126400e+02
1.126400e+02
1.047700e+02
1.038800e+02
1.103400e+02
1.109700e+02
1.092600e+02
1.092600e+02
1.092600e+02
1.107000e+02
1.057300e+02
1.063400e+02
1.058600e+02
1.129800e+02
1.129800e+02
1.129800e+02
1.095700e+02
1.089700e+02
9.738000e+01
9.336000e+01
9.726000e+01
9.726000e+01
9.726000e+01
9.726000e+01
9.558000e+01
9.558000e+01
9.493000e+01
9.470000e+01
9.470000e+01
9.470000e+01
9.181000e+01
1.009800e+02
9.356000e+01
9.612000e+01
9.338000e+01
9.338000e+01
9.338000e+01
8.851000e+01
8.713000e+01
8.713000e+01
8.713000e+01
0
0
0
8.618000e+01
8.489000e+01
8.778000e+01
8.199000e+01
9.820000e+01
9.820000e+01
9.820000e+01
8.668000e+01
8.499000e+01
8.179000e+01
8.544000e+01
9.951000e+01
9.951000e+01
9.951000e+01
9.042000e+01
8.603000e+01
9.237000e+01
8.350000e+01
8.952000e+01
8.952000e+01
8.952000e+01
9.012000e+01
9.012000e+01
9.297000e+01
9.770000e+01
9.770000e+01
9.770000e+01
9.770000e+01
9.494000e+01
9.349000e+01
8.835000e+01
9.242000e+01
9.298000e+01
9.298000e+01
9.298000e+01
9.530000e+01
1.030600e+02
9.959000e+01
8.889000e+01
9.633000e+01
9.633000e+01
9.633000e+01
9.362000e+01
9.386000e+01
9.871000e+01
9.862000e+01
9.344000e+01
9.344000e+01
9.344000e+01
8.696000e+01
1.003200e+02
8.897000e+01
8.514000e+01
8.522000e+01
8.522000e+01
8.522000e+01
8.828000e+01
8.189000e+01
8.497000e+01
8.004000e+01
8.004000e+01
8.004000e+01
8.004000e+01
8.579000e+01
8.284000e+01
8.170000e+01
8.469000e+01
9.765000e+01
9.765000e+01
9.765000e+01
9.081000e+01
8.749000e+01
8.448000e+01
8.559000e+01
8.767000e+01
8.767000e+01
8.767000e+01
8.960000e+01
9.128000e+01
8.538000e+01
8.440000e+01
8.403000e+01
8.403000e+01
8.403000e+01
8.328000e+01
8.328000e+01
8.328000e+01
8.328000e+01
8.328000e+01
8.328000e+01
8.328000e+01
0
0
0
0
1.492800e+02
1.492800e+02
1.492800e+02
1.068500e+02
1.068500e+02
1.001900e+02
1.001900e+02
1.012600e+02
1.012600e+02
1.012600e+02
9.312000e+01
9.312000e+01
9.312000e+01
9.312000e+01
9.171000e+01
9.171000e+01
9.171000e+01
8.942000e+01
8.942000e+01
9.372000e+01
9.372000e+01
1.073100e+02
1.073100e+02
1.073100e+02
9.889000e+01
9.889000e+01
9.889000e+01
9.889000e+01
9.110000e+01
9.110000e+01
9.110000e+01
9.068000e+01
9.068000e+01
9.068000e+01
9.068000e+01
9.068000e+01
9.068000e+01
9.068000e+01
8.994000e+01
8.994000e+01
8.869000e+01
8.869000e+01
9.051000e+01
9.051000e+01
9.051000e+01
9.051000e+01
9.051000e+01
8.989000e+01
8.989000e+01
8.948000e+01
8.948000e+01
8.948000e+01
8.947000e+01
8.947000e+01
8.968000e+01
8.968000e+01
8.954000e+01
8.954000e+01
8.954000e+01
9.142000e+01
9.142000e+01
8.921000e+01
8.921000e+01
9.647000e+01
9.647000e+01
9.647000e+01
9.065000e+01
9.065000e+01
8.975000e+01
8.975000e+01
8.937000e+01
8.937000e+01
8.937000e+01
9.490000e+01
9.490000e+01
9.273000e+01
9.273000e+01
93
93
93
9.385000e+01
9.385000e+01
9.385000e+01
9.385000e+01
9.485000e+01
9.585000e+01
9.685000e+01
9.194000e+01
9.194000e+01
9.138000e+01
9.138000e+01
9.138000e+01
9.138000e+01
9.138000e+01
8.963000e+01
8.963000e+01
8.963000e+01
8.963000e+01
8.963000e+01
8.963000e+01
8.963000e+01
8.963000e+01
8.963000e+01
8.963000e+01
8.963000e+01
8.963000e+01
8.963000e+01
8.963000e+01
8.963000e+01
8.963000e+01
8.963000e+01
8.963000e+01
8.963000e+01
8.963000e+01
8.963000e+01
9.869000e+01
9.869000e+01
9.869000e+01
9.869000e+01
9.869000e+01
9.869000e+01
9.869000e+01
9.869000e+01
9.869000e+01
8.763000e+01
8.763000e+01
8.763000e+01
8.763000e+01
8.763000e+01
8.763000e+01
8.763000e+01
8.763000e+01
8.763000e+01
8.763000e+01
8.763000e+01
8.763000e+01
8.961000e+01
8.961000e+01
8.681000e+01
8.681000e+01
8.983000e+01
8.983000e+01
8.983000e+01
8.983000e+01
8.983000e+01
8.983000e+01
8.983000e+01
8.983000e+01
8.983000e+01
8.983000e+01
8.869000e+01
8.869000e+01
8.901000e+01
8.901000e+01
8.859000e+01
8.859000e+01
8.859000e+01
8.719000e+01
8.719000e+01
8.719000e+01
8.719000e+01
8.886000e+01
8.886000e+01
8.886000e+01
8.582000e+01
8.582000e+01
8.563000e+01
8.563000e+01
8.550000e+01
8.550000e+01
8.550000e+01
8.550000e+01
8.550000e+01
8.550000e+01
8.550000e+01
8.550000e+01
8.550000e+01
8.550000e+01
8.550000e+01
8.550000e+01
8.550000e+01
8.550000e+01
8.397000e+01
8.397000e+01
8.397000e+01
8.423000e+01
8.423000e+01
8.360000e+01
8.360000e+01
8.359000e+01
0
0
0
0
0
0
0
0
0
0
0
0
0
1.750800e+02
1.750800e+02
1.750800e+02
1.750800e+02
1.750800e+02
9.972000e+01
9.972000e+01
9.760000e+01
9.760000e+01
9.760000e+01
9.485000e+01
9.485000e+01
9.066000e+01
9.066000e+01
9.137000e+01
9.137000e+01
9.137000e+01
9.026000e+01
9.026000e+01
0
0
8.788000e+01
8.788000e+01
8.788000e+01
8.788000e+01
8.788000e+01
8.618000e+01
8.618000e+01
8.831000e+01
8.831000e+01
8.831000e+01
8.752000e+01
8.752000e+01
8.678000e+01
8.678000e+01
8.730000e+01
8.730000e+01
8.730000e+01
8.730000e+01
8.730000e+01
8.815000e+01
8.815000e+01
8.796000e+01
8.796000e+01
8.796000e+01
8.762000e+01
8.762000e+01
8.772000e+01
8.772000e+01
8.668000e+01
8.668000e+01
8.668000e+01
8.668000e+01
8.668000e+01
8.668000e+01
8.668000e+01
8.668000e+01
8.668000e+01
8.668000e+01
8.471000e+01
8.471000e+01
8.618000e+01
8.618000e+01
8.608000e+01
8.608000e+01
8.608000e+01
8.608000e+01
8.608000e+01
8.608000e+01
8.608000e+01
8.245000e+01
8.245000e+01
8.245000e+01
7.932000e+01
7.932000e+01
7.932000e+01
7.932000e+01
7.932000e+01
7.932000e+01
7.932000e+01
7.932000e+01
7.932000e+01
7.932000e+01
7.948000e+01
7.994000e+01
7.994000e+01
7.994000e+01
0
0
7.908000e+01
7.908000e+01
0
0
0
0
0
8.793000e+01
8.793000e+01
8.352000e+01
8.352000e+01
8.352000e+01
8.247000e+01
8.247000e+01
8.247000e+01
8.247000e+01
8.213000e+01
8.213000e+01
8.213000e+01
8.213000e+01
8.213000e+01
8.067000e+01
8.067000e+01
7.809000e+01
7.809000e+01
7.809000e+01
8.202000e+01
8.202000e+01
8.015000e+01
8.015000e+01
8.132000e+01
8.132000e+01
8.132000e+01
8.132000e+01
8.132000e+01
8.121000e+01
8.121000e+01
8.121000e+01
8.121000e+01
8.121000e+01
8.053000e+01
8.053000e+01
8.053000e+01
8.053000e+01
7.783000e+01
7.783000e+01
7.783000e+01
7.783000e+01
7.783000e+01
8.055000e+01
8.055000e+01
8.055000e+01
8.055000e+01
8.055000e+01
8.055000e+01
8.055000e+01
7.232000e+01
7.232000e+01
7.575000e+01
7.575000e+01
7.575000e+01
7.575000e+01
7.575000e+01
8.197000e+01
8.197000e+01
7.748000e+01
7.748000e+01
7.748000e+01
7.748000e+01
7.748000e+01
7.946000e+01
7.946000e+01
7.946000e+01
7.946000e+01
7.946000e+01
8.252000e+01
8.252000e+01
8.025000e+01
8.025000e+01
7.981000e+01
7.981000e+01
7.981000e+01
7.981000e+01
7.981000e+01
7.981000e+01
7.981000e+01
8.203000e+01
8.203000e+01
8.203000e+01
8.203000e+01
8.203000e+01
1.085900e+02
1.085900e+02
8.856000e+01
8.856000e+01
8.856000e+01
7.970000e+01
7.970000e+01
7.970000e+01
7.970000e+01
7.970000e+01
7.970000e+01
7.970000e+01
7.970000e+01
7.970000e+01
7.633000e+01
7.633000e+01
7.903000e+01
7.903000e+01
7.903000e+01
7.903000e+01
7.903000e+01
7.903000e+01
7.903000e+01
3.478000e+01
3.478000e+01
3.478000e+01
3.478000e+01
3.478000e+01
7.373000e+01
7.373000e+01
8.144000e+01
8.144000e+01
8.144000e+01
7.451000e+01
7.451000e+01
7.526000e+01
7.526000e+01
7.816000e+01
7.816000e+01
7.816000e+01
7.816000e+01
7.816000e+01
7.324000e+01
7.324000e+01
7.480000e+01
7.480000e+01
7.480000e+01
7.645000e+01
7.645000e+01
8.720000e+01
8.720000e+01
7.713000e+01
7.713000e+01
7.713000e+01
7.713000e+01
7.713000e+01
7.554000e+01
7.554000e+01
8.131000e+01
8.131000e+01
8.131000e+01
8.131000e+01
8.131000e+01
7.671000e+01
7.671000e+01
7.671000e+01
7.671000e+01
7.671000e+01
7.671000e+01
7.671000e+01
8.338000e+01
8.338000e+01
8.591000e+01
8.591000e+01
8.591000e+01
7.899000e+01
7.899000e+01
7.899000e+01
7.899000e+01
7.899000e+01
7.899000e+01
7.899000e+01
7.899000e+01
7.899000e+01
7.899000e+01
7.899000e+01
7.899000e+01
7.899000e+01
7.899000e+01
7.899000e+01
7.899000e+01
7.899000e+01
7.899000e+01
7.899000e+01
7.899000e+01
7.899000e+01
7.899000e+01
7.899000e+01
7.899000e+01
7.906000e+01
7.906000e+01
7.906000e+01
7.906000e+01
7.906000e+01
7.906000e+01
7.906000e+01
7.906000e+01
7.906000e+01
7.906000e+01
7.906000e+01
7.906000e+01
8.337000e+01
8.337000e+01
8.337000e+01
8.337000e+01
8.337000e+01
8.337000e+01
8.337000e+01
8.337000e+01
7.996000e+01
7.996000e+01
7.996000e+01
7.996000e+01
7.996000e+01
7.996000e+01
7.996000e+01
8.617000e+01
8.617000e+01
8.157000e+01
8.157000e+01
8.157000e+01
8.220000e+01
8.220000e+01
8.124000e+01
8.124000e+01
7.937000e+01
7.937000e+01
7.937000e+01
7.937000e+01
7.937000e+01
7.775000e+01
7.775000e+01
7.963000e+01
7.963000e+01
7.963000e+01
7.978000e+01
7.978000e+01
7.978000e+01
7.978000e+01
7.724000e+01
7.724000e+01
7.724000e+01
7.724000e+01
7.724000e+01
8.449000e+01
8.449000e+01
8.449000e+01
8.449000e+01
8.449000e+01
8.210000e+01
8.210000e+01
8.216000e+01
8.216000e+01
8.216000e+01
8.216000e+01
8.216000e+01
8.216000e+01
8.216000e+01
8.195000e+01
8.195000e+01
8.118000e+01
8.118000e+01
8.118000e+01
8.360000e+01
8.360000e+01
8.133000e+01
8.133000e+01
8.133000e+01
8.133000e+01
8.133000e+01
8.133000e+01
8.133000e+01
7.938000e+01
7.938000e+01
8.035000e+01
8.035000e+01
8.035000e+01
7.971000e+01
7.971000e+01
7.927000e+01
7.927000e+01
7.927000e+01
7.927000e+01
7.927000e+01
7.972000e+01
7.972000e+01
7.857000e+01
7.857000e+01
7.833000e+01
7.833000e+01
7.833000e+01
7.767000e+01
7.767000e+01
7.781000e+01
7.781000e+01
7.889000e+01
7.889000e+01
7.889000e+01
7.885000e+01
7.885000e+01
7.885000e+01
7.885000e+01
7.799000e+01
7.799000e+01
7.799000e+01
7.948000e+01
7.948000e+01
7.940000e+01
7.940000e+01
7.876000e+01
7.876000e+01
7.876000e+01
7.876000e+01
7.876000e+01
7.979000e+01
7.979000e+01
7.860000e+01
7.860000e+01
7.860000e+01
7.796000e+01
7.796000e+01
7.846000e+01
7.846000e+01
7.811000e+01
7.811000e+01
7.811000e+01
7.811000e+01
7.811000e+01
8.023000e+01
8.023000e+01
8.106000e+01
8.106000e+01
8.106000e+01
7.858000e+01
7.858000e+01
7.784000e+01
7.784000e+01
7.885000e+01
7.885000e+01
7.885000e+01
7.885000e+01
7.885000e+01
7.885000e+01
7.885000e+01
7.706000e+01
7.706000e+01
7.706000e+01
7.846000e+01
7.846000e+01
7.667000e+01
7.667000e+01
7.853000e+01
7.853000e+01
7.853000e+01
7.853000e+01
7.853000e+01
7.998000e+01
7.998000e+01
7.998000e+01
7.998000e+01
7.998000e+01
7.998000e+01
7.998000e+01
7.620000e+01
7.620000e+01
7.571000e+01
7.571000e+01
7.571000e+01
7.571000e+01
7.571000e+01
7.545000e+01
7.545000e+01
7.199000e+01
7.199000e+01
7.199000e+01
7.402000e+01
7.402000e+01
7.533000e+01
7.533000e+01
7.410000e+01
7.410000e+01
7.410000e+01
7.410000e+01
7.410000e+01
77
77
77
77
77
7.481000e+01
7.481000e+01
7.075000e+01
7.107000e+01
7.107000e+01
7.107000e+01
7.107000e+01
7.107000e+01
7.107000e+01
7.476000e+01
7.476000e+01
7.157000e+01
7.157000e+01
7.157000e+01
7.465000e+01
7.465000e+01
7.465000e+01
7.290000e+01
7.033000e+01
7.033000e+01
7.033000e+01
7.224000e+01
7.224000e+01
7.148000e+01
7.148000e+01
7.126000e+01
7.126000e+01
7.126000e+01
7.194000e+01
7.194000e+01
7.106000e+01
7.106000e+01
7.085000e+01
7.085000e+01
7.085000e+01
7.076000e+01
7.076000e+01
7.135000e+01
7.135000e+01
7.135000e+01
7.135000e+01
7.135000e+01
7.168000e+01
7.168000e+01
7.033000e+01
7.033000e+01
7.033000e+01
7.033000e+01
7.033000e+01
6.936000e+01
6.936000e+01
7.046000e+01
7.046000e+01
6.544000e+01
6.544000e+01
6.544000e+01
7.160000e+01
7.160000e+01
7.160000e+01
7.160000e+01
7.394000e+01
7.394000e+01
7.394000e+01
7.355000e+01
7.355000e+01
7.522000e+01
7.522000e+01
7.079000e+01
7.079000e+01
7.079000e+01
7.294000e+01
7.294000e+01
7.091000e+01
7.091000e+01
7.091000e+01
7.091000e+01
7.091000e+01
7.091000e+01
7.091000e+01
7.634000e+01
7.634000e+01
7.634000e+01
7.634000e+01
7.634000e+01
7.674000e+01
7.674000e+01
7.694000e+01
7.694000e+01
7.694000e+01
7.694000e+01
7.694000e+01
7.694000e+01
7.694000e+01
7.663000e+01
7.663000e+01
7.321000e+01
7.321000e+01
7.321000e+01
7.413000e+01
7.413000e+01
7.155000e+01
7.155000e+01
7.768000e+01
7.768000e+01
7.768000e+01
7.448000e+01
7.448000e+01
7.271000e+01
7.271000e+01
7.253000e+01
7.253000e+01
7.253000e+01
7.309000e+01
7.309000e+01
4.403000e+01
4.403000e+01
7.836000e+01
7.836000e+01
7.836000e+01
7.836000e+01
7.836000e+01
7.836000e+01
7.836000e+01
7.836000e+01
7.836000e+01
7.836000e+01
7.934000e+01
7.934000e+01
8.274000e+01
8.274000e+01
7.912000e+01
7.912000e+01
7.912000e+01
7.912000e+01
7.912000e+01
7.912000e+01
7.912000e+01
8.212000e+01
8.212000e+01
8.212000e+01
8.212000e+01
8.212000e+01
8.212000e+01
8.212000e+01
8.212000e+01
8.212000e+01
8.212000e+01
8.212000e+01
8.212000e+01
8.255000e+01
8.255000e+01
7.818000e+01
7.818000e+01
7.818000e+01
7.818000e+01
7.818000e+01
8.015000e+01
8.015000e+01
7.675000e+01
7.675000e+01
7.675000e+01
7.655000e+01
7.655000e+01
7.234000e+01
7.234000e+01
7.387000e+01
7.387000e+01
7.387000e+01
7.216000e+01
7.216000e+01
7.216000e+01
7.216000e+01
7.216000e+01
7.216000e+01
7.216000e+01
7.216000e+01
7.216000e+01
7.224000e+01
7.224000e+01
7.224000e+01
7.224000e+01
7.224000e+01
7.650000e+01
7.650000e+01
7.397000e+01
7.397000e+01
7.397000e+01
7.397000e+01
7.397000e+01
7.397000e+01
7.397000e+01
74
74
7.309000e+01
7.309000e+01
7.309000e+01
7.656000e+01
7.656000e+01
7.619000e+01
7.619000e+01
7.425000e+01
7.425000e+01
7.425000e+01
7.425000e+01
7.425000e+01
7.253000e+01
7.253000e+01
7.253000e+01
7.253000e+01
7.253000e+01
7.459000e+01
7.459000e+01
7.288000e+01
7.288000e+01
7.393000e+01
7.393000e+01
7.393000e+01
7.012000e+01
7.012000e+01
6.873000e+01
6.873000e+01
6.984000e+01
6.984000e+01
6.984000e+01
7.060000e+01
7.060000e+01
5.687000e+01
5.687000e+01
7.075000e+01
7.075000e+01
7.075000e+01
7.080000e+01
7.080000e+01
7.132000e+01
7.132000e+01
7.145000e+01
7.145000e+01
7.145000e+01
7.310000e+01
7.310000e+01
6.943000e+01
6.943000e+01
7.191000e+01
7.191000e+01
7.191000e+01
7.260000e+01
7.260000e+01
7.155000e+01
7.155000e+01
6.253000e+01
6.253000e+01
6.253000e+01
7.151000e+01
7.151000e+01
6.906000e+01
6.906000e+01
6.906000e+01
6.906000e+01
6.906000e+01
6.906000e+01
6.906000e+01
6.906000e+01
6.906000e+01
6.860000e+01
6.860000e+01
6.860000e+01
7.036000e+01
7.036000e+01
7.311000e+01
7.311000e+01
7.295000e+01
7.295000e+01
7.295000e+01
7.295000e+01
7.295000e+01
7.295000e+01
7.295000e+01
7.295000e+01
7.295000e+01
7.295000e+01
6.832000e+01
6.832000e+01
6.877000e+01
6.877000e+01
6.770000e+01
6.770000e+01
6.770000e+01
6.770000e+01
6.770000e+01
6.653000e+01
6.653000e+01
6.653000e+01
6.653000e+01
6.653000e+01
6.586000e+01
6.586000e+01
6.441000e+01
6.441000e+01
6.541000e+01
6.541000e+01
6.541000e+01
6.418000e+01
6.418000e+01
6.599000e+01
6.599000e+01
6.599000e+01
6.599000e+01
6.599000e+01
6.314000e+01
6.314000e+01
6.314000e+01
6.314000e+01
6.314000e+01
6.314000e+01
6.314000e+01
6.268000e+01
6.268000e+01
5.688000e+01
5.688000e+01
6.018000e+01
6.018000e+01
6.018000e+01
5.795000e+01
5.795000e+01
5.795000e+01
5.795000e+01
5.961000e+01
5.961000e+01
5.961000e+01
5.899000e+01
5.899000e+01
5.740000e+01
5.740000e+01
5.740000e+01
5.740000e+01
5.740000e+01
6.765000e+01
6.765000e+01
6.765000e+01
6.765000e+01
6.562000e+01
6.562000e+01
6.562000e+01
6.513000e+01
6.513000e+01
6.637000e+01
6.637000e+01
7.389000e+01
7.389000e+01
7.389000e+01
8.876000e+01
8.876000e+01
9.363000e+01
9.363000e+01
8.876000e+01
8.876000e+01
8.876000e+01
9.982000e+01
9.982000e+01
9.982000e+01
9.982000e+01
7.598000e+01
7.598000e+01
7.598000e+01
6.916000e+01
6.916000e+01
6.916000e+01
6.916000e+01
6.610000e+01
6.610000e+01
6.610000e+01
6.273000e+01
6.273000e+01
6.273000e+01
6.273000e+01
6.306000e+01
6.306000e+01
6.306000e+01
6.306000e+01
6.306000e+01
6.348000e+01
6.348000e+01
5.304000e+01
5.304000e+01
5.304000e+01
6.385000e+01
6.385000e+01
6.409000e+01
6.409000e+01
6.549000e+01
6.549000e+01
6.549000e+01
6.549000e+01
6.549000e+01
6.549000e+01
6.549000e+01
6.444000e+01
6.444000e+01
6.444000e+01
6.444000e+01
6.444000e+01
6.391000e+01
6.391000e+01
6.903000e+01
6.903000e+01
6.903000e+01
6.903000e+01
6.903000e+01
6.903000e+01
6.903000e+01
6.903000e+01
6.903000e+01
6.903000e+01
6.903000e+01
6.903000e+01
6.365000e+01
6.365000e+01
6.516000e+01
6.516000e+01
6.516000e+01
6.625000e+01
6.625000e+01
6.625000e+01
6.625000e+01
6.636000e+01
6.636000e+01
6.636000e+01
6.536000e+01
6.536000e+01
6.013000e+01
6.013000e+01
6.492000e+01
6.492000e+01
6.492000e+01
6.492000e+01
6.492000e+01
6.512000e+01
6.512000e+01
6.372000e+01
6.372000e+01
6.372000e+01
6.729000e+01
6.729000e+01
6.629000e+01
6.629000e+01
6.629000e+01
6.629000e+01
6.629000e+01
6.488000e+01
6.488000e+01
63
63
63
63
63
63
63
6.322000e+01
6.322000e+01
6.322000e+01
6.322000e+01
6.322000e+01
6.322000e+01
6.322000e+01
6.322000e+01
6.322000e+01
6.248000e+01
6.248000e+01
6.248000e+01
6.248000e+01
6.248000e+01
6.248000e+01
6.248000e+01
6.251000e+01
6.251000e+01
6.251000e+01
6.088000e+01
6.088000e+01
6.088000e+01
6.088000e+01
6.088000e+01
6.088000e+01
6.088000e+01
6.088000e+01
6.088000e+01
6.642000e+01
6.642000e+01
6.642000e+01
6.642000e+01
6.642000e+01
6.642000e+01
6.642000e+01
49
49
49
49
49
6.463000e+01
6.463000e+01
6.399000e+01
6.399000e+01
6.357000e+01
6.357000e+01
6.357000e+01
6.301000e+01
6.301000e+01
6.301000e+01
6.301000e+01
6.301000e+01
6.301000e+01
6.301000e+01
6.512000e+01
6.512000e+01
6.512000e+01
6.512000e+01
6.660000e+01
6.660000e+01
6.660000e+01
6.529000e+01
6.529000e+01
5.537000e+01
5.537000e+01
5.537000e+01
5.537000e+01
5.537000e+01
6.610000e+01
6.610000e+01
65
65
6.360000e+01
6.360000e+01
6.360000e+01
5.985000e+01
5.985000e+01
4.742000e+01
4.742000e+01
5.294000e+01
5.294000e+01
5.294000e+01
6.674000e+01
6.674000e+01
5.973000e+01
5.973000e+01
5.933000e+01
5.933000e+01
5.933000e+01
6.120000e+01
6.120000e+01
6.452000e+01
6.452000e+01
6.371000e+01
6.371000e+01
6.371000e+01
6.371000e+01
6.371000e+01
6.371000e+01
6.371000e+01
6.371000e+01
6.371000e+01
6.371000e+01
6.315000e+01
6.315000e+01
6.242000e+01
6.242000e+01
6.242000e+01
6.242000e+01
6.242000e+01
6.273000e+01
6.273000e+01
6.381000e+01
6.381000e+01
6.283000e+01
6.283000e+01
6.283000e+01
7.065000e+01
7.065000e+01
6.527000e+01
6.527000e+01
6.507000e+01
6.507000e+01
6.507000e+01
6.507000e+01
6.507000e+01
6.507000e+01
6.507000e+01
6.507000e+01
