0
0
0
0
0
0
0
0
0
0
0
0
0
0
0
0
0
0
0
0
0
0
0
0
0
0
0
0
0
0
0
0
0
0
0
0
0
0
0
0
0
0
0
0
0
0
0
0
0
0
0
0
0
0
0
0
0
0
0
0
0
0
0
0
0
0
0
0
0
0
0
0
0
0
0
0
0
0
0
0
0
0
0
0
0
0
0
0
0
0
0
0
0
0
0
0
0
0
0
0
0
0
0
0
0
0
0
0
0
0
0
0
0
0
0
0
0
0
0
0
0
0
0
0
0
0
0
0
0
0
0
0
0
0
0
0
0
0
0
0
0
0
0
0
0
0
0
0
0
0
0
0
0
0
0
0
0
0
0
0
0
0
0
0
0
0
0
0
0
0
0
0
0
0
0
0
0
0
0
0
0
0
0
0
0
0
0
0
0
0
0
0
0
0
0
0
0
0
0
0
0
0
0
0
0
0
0
0
0
0
0
0
0
0
0
0
0
0
0
0
0
0
0
0
0
0
0
0
0
0
0
0
0
0
0
0
0
0
0
0
0
0
0
0
0
0
0
0
0
0
0
0
0
0
0
0
0
0
0
0
0
0
0
0
0
0
0
0
0
0
0
0
0
0
0
0
0
0
0
0
0
0
0
0
0
0
0
0
0
0
0
0
0
0
0
0
0
0
0
0
0
0
0
0
0
0
0
0
0
0
0
0
0
0
0
0
0
0
0
0
0
0
0
0
0
0
0
0
0
0
0
0
0
0
0
0
0
0
0
0
0
0
0
0
0
0
0
0
0
0
0
0
0
0
0
0
0
0
0
0
0
0
0
0
0
0
0
0
0
0
0
0
0
0
0
0
0
0
0
0
0
0
0
0
0
0
0
0
0
0
0
0
0
0
0
0
0
0
0
0
0
0
0
0
0
0
0
0
0
0
0
0
0
0
0
0
0
0
0
0
0
0
0
0
0
0
0
0
0
0
0
0
0
0
0
0
0
0
0
0
0
0
0
0
0
0
0
0
0
0
0
0
0
0
0
0
0
0
0
0
0
0
0
0
0
0
0
0
0
0
0
0
0
0
0
0
0
0
0
0
0
0
0
0
0
0
0
0
0
0
0
0
0
0
0
0
0
0
0
0
0
0
0
0
0
0
0
0
0
0
0
0
0
0
0
0
0
0
0
0
0
0
0
0
0
0
0
0
0
0
0
0
0
0
0
0
0
0
0
0
0
0
0
0
0
0
0
0
0
0
0
0
0
0
0
0
0
0
0
0
0
0
0
0
0
0
0
0
0
0
0
0
0
0
0
0
0
0
0
0
0
0
0
0
0
0
0
0
0
0
0
0
0
0
0
0
0
0
0
0
0
0
0
0
0
0
0
0
0
0
0
0
0
0
0
0
0
0
0
0
0
0
0
0
0
0
0
0
0
0
0
0
0
0
0
0
0
0
0
0
0
0
0
0
0
0
0
0
0
0
0
0
0
0
0
0
0
0
0
0
0
0
0
0
0
0
0
0
0
0
0
0
0
0
0
0
0
0
0
0
0
0
0
0
0
0
0
0
0
0
0
0
0
0
0
0
0
0
0
0
0
0
0
0
0
0
0
0
0
0
0
0
0
0
0
0
0
0
0
0
0
0
0
0
0
0
0
0
0
0
0
0
0
0
0
0
0
0
0
0
0
0
0
0
0
0
0
701
849
724
776
776
776
659
724
805
776
776
855
749
815
776
836
961
836
836
776
805
805
993
842
937
749
749
659
659
604
724
505
453
483
453
453
639
462
517
298
453
272
290
402
410
402
462
572
241
472
472
332
298
339
418
472
557
338
338
338
338
557
388
472
520
498
275
557
199
453
302
272
472
426
241
241
241
494
478
409
324
472
144
494
435
517
472
324
402
572
375
253
505
361
517
453
494
319
290
472
494
418
362
483
294
426
380
597
388
572
472
375
597
472
505
604
572
724
701
836
817
805
830
114
494
517
557
557
453
604
587
587
639
639
135
137
197
200
265
265
302
311
876
604
388
320
306
356
265
279
279
282
453
59
485
485
485
339
350
334
350
462
437
442
473
584
587
679
679
679
587
587
632
647
647
453
572
578
403
522
499
572
572
517
279
473
473
473
572
725
771
473
518
518
604
473
572
329
342
85
776
776
679
311
324
311
543
572
639
543
362
387
639
572
604
570
320
94
103
100
105
115
115
142
65
102
119
140
140
140
50
62
63
66
80
23
7.830000e+01
27
101
127
170
116
147
137
301
38
202
214
198
149
152
109
96
81
28
78
100
113
56
129
132
138
281
107
126
179
134
21
164
38
168
173
26
99
103
111
93
191
55
139
117
140
97
108
170
106
92
301
327
331
36
52
418
65
776
146
58
165
164
150
178
148
146
58
265
836
114
138
148
30
45
96
162
834
316
174
2.524729e+02
2.545041e+02
2.565352e+02
145
180
203
864
864
864
127
149
771
776
435
435
435
340
120
44
100
291
291
291
2.839000e+01
29
453
388
181
181
181
158
158
158
158
207
207
207
207
122
279
362
362
362
362
167
311
209
198
126
37
40
23
151
151
117
108
388
132
115
217
77
117
62
31
31
302
302
109
126
123
123
123
121
154
91
80
147
147
147
60
72
68
68
72
72
72
79
172
89
89
52
52
52
45
65
48
52
68
68
68
65
65
50
52
50
50
50
35
38
38
3.762000e+01
56
56
56
51
85
85
34
34
34
34
17
19
19
22
58
58
58
22
12
12
12
12
12
12
302
278
288
265
245
245
245
245
236
55
26
201
201
201
204
24
14
24
36
36
36
38
38
38
38
25
25
25
176
174
174
174
174
174
174
170
30
35
35
17
17
17
17
205
222
210
204
204
204
196
189
189
189
197
197
197
195
247
265
265
333
333
333
325
325
325
325
325
325
325
325
330
330
246
240
240
240
206
230
230
230
230
230
230
245
245
245
222
206
206
206
206
210
217
217
200
200
200
222
215
215
215
215
215
215
215
215
215
215
215
215
215
272
543
120
120
120
120
120
543
388
89
340
222
222
222
222
231
320
245
351
351
351
351
167
143
143
143
143
143
143
143
143
143
143
143
143
143
72
42
28
21
21
21
21
21
21
21
21
21
21
13
13
13
13
13
13
13
13
13
13
13
13
13
13
13
13
13
13
13
13
13
13
13
13
13
13
13
13
36
36
36
36
36
36
36
36
36
36
36
36
36
36
36
134
134
134
134
134
134
134
134
134
134
114
114
114
114
134
123
123
126
126
126
70
70
108
108
123
123
123
126
51
111
111
111
111
111
75
75
75
106
123
123
123
123
70
70
70
121
121
121
253
253
253
253
103
103
103
103
103
103
103
103
103
103
71
71
71
71
71
71
71
71
89
89
89
30
30
30
91
91
91
91
91
91
91
91
91
91
111
9.407000e+01
9.407000e+01
9.407000e+01
94
94
100
100
100
100
100
100
100
93
93
85
85
85
92
92
84
84
77
77
77
77
77
77
77
77
77
77
77
77
77
77
77
77
77
77
77
77
77
77
77
77
77
77
77
77
77
77
77
77
77
77
77
77
77
77
77
77
77
77
77
77
77
77
77
77
77
77
77
77
77
77
77
77
42
42
42
42
42
42
42
31
31
31
31
31
31
31
31
31
31
31
31
31
31
31
31
31
31
31
31
31
31
31
31
31
31
31
31
31
31
31
31
31
31
31
31
31
31
31
31
31
31
31
31
31
31
31
31
31
31
31
31
31
31
31
31
31
31
31
31
31
31
31
31
31
31
31
31
31
31
31
31
31
31
31
31
31
31
31
31
31
31
31
31
31
31
31
31
31
31
31
31
31
31
31
31
31
31
31
31
31
31
31
31
31
31
31
31
31
31
31
31
31
31
31
31
31
31
31
31
31
31
31
31
31
31
31
31
31
31
31
31
31
31
31
31
31
31
31
31
31
31
31
31
31
31
31
31
31
31
31
31
31
31
31
31
31
31
31
31
31
31
31
31
31
31
31
31
31
31
31
31
31
31
31
31
31
31
31
31
31
31
31
31
31
31
31
31
31
31
31
31
31
31
31
31
31
31
31
21
21
21
21
21
21
21
21
21
21
21
21
21
21
21
21
21
21
21
21
21
21
21
19
19
19
19
19
19
19
19
19
19
19
19
19
19
19
19
19
19
19
19
19
19
19
19
19
19
19
19
19
19
19
19
19
19
19
19
19
19
19
19
19
19
19
19
19
19
19
19
19
19
19
19
19
19
19
19
19
19
19
19
19
19
19
19
19
19
19
19
19
19
19
19
19
19
19
19
19
19
19
19
19
19
19
19
19
19
19
19
19
19
19
19
19
19
19
19
19
19
19
19
19
19
19
19
19
19
19
19
19
19
19
19
19
19
19
19
19
19
19
19
19
19
19
19
19
19
19
19
19
19
19
19
19
19
19
19
19
19
19
19
19
19
19
19
19
19
19
32
32
32
32
32
32
32
32
32
32
32
32
32
32
32
32
32
32
32
32
32
32
32
32
32
32
32
32
32
32
36
36
36
36
36
36
36
36
36
36
36
36
27
27
27
27
27
30
30
33
33
33
33
33
33
33
33
33
33
33
33
33
33
33
33
33
33
33
33
33
33
33
33
33
33
28
28
28
28
28
28
28
28
28
28
28
28
28
28
28
28
28
28
28
28
28
28
28
28
29
29
29
29
29
29
29
29
29
29
29
29
30
30
30
30
30
30
30
30
30
30
30
30
30
30
30
30
30
30
30
30
29
29
29
29
30
30
30
30
30
30
30
30
30
30
30
30
30
30
30
30
30
30
30
30
30
30
30
30
30
30
24
24
24
24
24
24
24
24
24
24
24
24
20
20
26
26
26
26
26
26
26
26
26
22
22
22
22
22
28
28
28
28
28
28
28
28
28
30
30
30
28
28
28
28
28
28
28
28
28
28
28
28
28
28
29
29
29
29
29
29
29
29
29
29
29
29
29
29
29
29
28
28
28
28
28
28
28
28
28
28
28
28
28
28
28
28
28
28
28
28
28
28
28
28
28
28
28
28
23
23
23
23
23
23
23
23
23
23
23
23
23
23
21
21
21
21
21
21
21
20
20
20
20
20
37
37
37
37
37
37
37
37
37
37
37
37
37
37
37
37
15
15
15
15
15
15
15
22
22
20
20
20
19
19
19
19
19
19
19
19
19
16
16
16
16
16
16
16
18
18
18
18
18
18
18
18
18
18
18
18
18
18
17
17
17
17
17
17
17
17
17
18
18
18
18
18
18
18
16
16
16
16
16
18
18
18
18
18
17
17
17
17
17
17
17
17
17
17
17
17
17
17
17
17
17
17
17
17
17
17
17
16
16
16
16
16
16
16
17
17
17
17
17
17
17
16
16
16
16
16
16
16
16
16
16
16
16
16
16
16
16
16
16
16
17
17
17
17
16
16
16
16
16
16
16
16
16
16
16
16
16
16
16
16
16
16
16
16
16
16
16
16
16
16
16
16
16
16
16
16
16
16
16
16
16
16
17
17
17
17
17
17
17
17
17
16
16
16
16
16
16
16
16
16
16
16
16
16
16
18
18
17
17
17
23
23
21
21
20
20
20
20
20
24
24
24
24
24
23
23
21
21
21
21
21
21
21
19
19
16
16
16
20
20
17
17
17
17
17
17
17
17
17
17
17
17
20
20
20
20
20
20
20
20
20
20
20
20
20
20
20
20
20
20
20
20
20
20
20
20
20
20
20
20
20
20
20
20
20
20
20
20
20
20
20
20
20
20
20
20
20
20
20
20
20
20
20
20
20
20
20
20
20
20
20
20
20
20
20
20
20
20
20
20
20
20
20
20
20
20
20
20
20
20
20
20
20
20
20
20
20
20
20
20
20
20
20
20
20
20
20
20
20
20
20
20
20
20
20
20
20
20
20
20
20
20
20
20
20
20
20
20
20
20
20
20
20
20
20
20
20
20
20
20
20
20
20
20
20
20
20
20
20
20
20
20
20
20
20
20
17
17
17
17
17
17
17
16
16
16
16
16
16
16
16
16
16
16
16
16
16
16
16
16
16
16
16
16
16
16
16
16
16
16
16
16
16
16
16
16
16
16
16
16
16
16
16
16
16
16
16
16
16
16
16
16
16
16
16
16
16
16
16
16
16
16
16
16
16
16
16
16
16
16
16
16
16
16
16
16
16
16
16
16
16
16
16
16
16
16
16
16
16
16
16
16
16
16
16
16
16
16
16
16
16
16
16
16
16
16
16
16
16
16
16
16
16
30
30
30
30
30
30
30
30
30
30
30
30
30
30
30
30
30
30
30
30
30
30
30
30
30
30
30
30
25
25
25
25
25
25
25
25
25
25
25
25
25
25
25
25
25
25
25
25
25
25
25
25
25
25
25
25
25
25
25
25
25
25
25
25
25
25
25
25
25
25
25
25
25
25
25
25
25
25
25
25
25
25
25
25
25
25
25
