0
0
0
0
0
0
0
0
0
0
0
0
0
0
0
0
0
0
0
0
0
0
0
0
0
0
0
0
0
0
0
0
0
0
0
0
0
0
0
0
0
0
0
0
0
0
0
0
0
0
0
0
0
0
0
0
0
0
0
0
0
0
0
0
0
0
0
0
0
0
0
0
0
0
0
0
0
0
0
0
0
0
0
0
0
0
0
0
0
0
0
0
0
0
0
0
0
0
0
0
0
0
0
0
0
0
0
0
0
0
0
0
0
0
0
0
0
0
0
0
0
0
0
0
0
0
0
0
0
0
0
0
0
0
0
0
0
0
0
0
0
0
0
0
0
0
0
0
0
0
0
0
0
0
0
0
0
0
0
0
0
0
0
0
0
0
0
0
0
0
0
0
0
0
0
0
0
0
0
0
0
0
0
0
0
0
0
0
0
0
0
0
0
0
0
0
0
0
0
0
0
0
0
0
0
0
0
0
0
0
0
0
0
0
0
0
0
0
0
0
0
0
0
0
0
0
0
0
0
0
0
0
0
0
0
0
0
0
0
0
0
0
0
0
0
0
0
0
0
0
0
0
0
0
0
0
0
0
0
0
0
0
0
0
0
0
0
0
0
0
0
0
0
0
0
0
0
0
0
0
0
0
0
0
0
0
0
0
0
0
0
0
0
0
0
0
0
0
0
0
0
0
0
0
0
0
0
0
0
0
0
0
0
0
0
0
0
0
0
0
0
0
0
0
0
0
0
0
0
0
0
0
0
0
0
0
0
0
0
0
0
0
0
0
0
0
0
0
0
0
0
0
0
0
0
0
0
0
0
0
0
0
0
0
0
0
0
0
0
0
0
0
0
0
0
0
0
0
0
0
0
0
0
0
0
0
0
0
0
0
0
0
0
0
0
0
0
0
0
0
0
0
0
0
0
0
0
0
0
0
0
0
0
0
0
0
0
0
0
0
0
0
0
0
0
0
0
0
0
0
0
0
0
0
0
0
0
0
0
0
0
0
0
0
0
0
0
0
0
0
0
0
0
0
0
0
0
0
0
0
0
0
0
0
0
0
0
0
0
0
0
0
0
0
0
0
0
0
0
0
0
0
0
0
0
0
0
0
0
0
0
0
0
0
0
0
0
0
0
0
0
0
0
0
0
0
0
0
0
0
0
0
0
0
0
0
0
0
0
0
0
0
0
0
0
0
0
0
0
0
0
0
0
0
0
0
0
0
0
0
0
0
0
0
0
0
0
0
0
0
0
0
0
0
0
0
0
0
0
0
0
0
0
0
0
0
0
0
0
0
0
0
0
0
0
0
0
0
0
0
0
0
0
0
0
0
0
0
0
0
0
0
0
0
0
0
0
0
0
0
0
0
0
0
0
0
0
0
429
376
344
331
322
335
347
323
318
312
311
311
309
314
311
295
300
302
298
304
293
263
315
305
329
298
270
287
322
319
306
306
294
296
282
297
295
292
291
286
290
2.897000e+02
249
292
303
2.946900e+02
295
289
292
289
289
308
293
291
288
286
283
232
305
275
274
272
274
256
253
265
266
259
257
261
263
231
241
247
248
251
259
253
249
252
243
242
2.418500e+02
237
229
229
246
248
242
233
243
232
241
234
242
247
251
260
262
263
244
240
248
242
248
246
237
239
246
246
247
246
245
226
239
239
231
236
236
208
233
240
2.377800e+02
230
240
238
234
243
237
230
241
241
241
2.434900e+02
234
236
236
242
243
240
2.397300e+02
237
243
243
243
233
231
2.329400e+02
2.309600e+02
240
229
228
223
233
231
229
225
226
227
229
225
224
225
231
229
240
238
236
230
229
230
227
222
223
227
226
227
227
230
227
226
217
225
223
227
227
225
225
227
227
233
178
170
179
166
174
184
184
184
184
160
157
185
187
185
180
167
182
179
175
175
178
176
176
176
176
161
169
173
174
163
175
166
160
164
174
173
175
169
163
171
172
173
174
163
173
164
171
169
163
60
167
166
157
169
166
157
160
164
164
165
165
165
160
160
161
161
158
161
159
157
159
149
149
155
160
152
152
148
148
153
148
156
149
148
135
138
154
148
165
139
155
154
154
199
195
182
186
167
181
176
178
177
178
178
178
183
157
156
150
146
150
158
145
143
140
134
108
108
140
140
117
135
135
128
144
151
136
126
141
130
135
141
141
137
137
137
133
126
131
138
142
142
124
121
129
132
126
131
123
122
134
126
133
130
128
125
114
121
129
133
125
118
127
125
122
127
134
141
130
125
119
120
120
127
121
131
131
131
126
152
149
150
157
154
146
124
135
127
148
140
119
126
144
140
145
138
140
143
139
143
139
145
139
129
144
143
139
118
122
118
141
141
136
137
125
122
133
135
149
179
138
117
109
111
136
229
140
123
146
136
168
142
136
140
138
135
141
149
149
149
168
129
126
144
135
136
126
136
127
120
126
127
134
133
135
128
138
136
131
138
135
124
111
141
1.273841e+02
1.269614e+02
138
143
139
139
144
144
144
147
141
147
137
134
134
134
142
131
127
138
137
137
137
130
128
132
126
144
144
144
141
141
141
141
133
133
133
133
123
122
124
132
132
132
144
137
141
132
140
132
131
136
130
135
132
134
153
122
127
109
125
133
114
129
128
126
126
107
126
112
112
112
110
120
145
117
120
120
120
125
121
121
121
114
114
114
122
125
126
126
106
106
106
122
120
110
107
121
121
121
120
121
114
112
118
118
118
130
119
119
117
115
115
115
104
108
108
109
109
109
109
96
105
109
113
120
120
120
120
115
110
118
115
115
115
113
109
113
101
95
95
95
101
103
112
110
99
99
99
105
110
102
101
101
101
101
97
109
101
92
106
106
106
109
112
104
107
107
107
107
107
107
107
107
107
107
107
107
107
107
107
107
107
107
107
107
107
107
107
107
107
107
107
107
107
107
107
107
107
107
107
107
107
107
107
107
107
107
107
107
107
107
107
107
107
107
107
107
107
107
107
107
107
107
107
107
107
107
107
107
107
107
107
107
107
107
107
107
107
107
107
107
107
107
107
107
107
107
107
107
107
107
107
107
107
107
107
107
107
107
107
107
107
107
107
107
107
107
107
107
107
107
107
107
107
107
107
107
107
107
107
107
110
110
110
110
110
110
110
162
158
158
145
137
137
137
167
179
158
158
158
158
158
158
150
162
154
136
136
136
153
153
153
153
153
153
153
150
142
142
142
142
142
142
142
142
142
142
142
142
142
142
142
136
136
136
136
136
138
138
132
132
132
132
132
121
121
121
136
129
129
129
126
120
120
120
126
126
126
141
136
132
148
178
178
178
178
178
178
178
178
178
178
178
178
178
178
178
178
178
144
144
144
144
144
144
144
144
198
178
178
198
198
198
185
185
205
205
205
205
205
178
178
190
172
162
162
162
154
154
154
154
154
154
154
154
154
154
222
222
222
222
222
151
151
151
157
157
157
150
128
120
118
128
128
128
1.150000e+00
128
128
150
150
150
150
115
138
132
122
118
118
118
132
153
153
153
153
153
153
158
147
130
111
160
160
160
152
152
152
152
152
152
152
152
145
145
142
140
140
140
136
136
136
136
136
136
136
126
126
126
124
124
124
124
124
124
124
124
124
124
124
124
124
124
124
124
124
124
124
124
124
124
124
124
124
153
153
153
153
144
144
144
151
151
151
151
151
151
151
151
151
151
151
151
151
151
151
151
131
131
131
131
131
131
131
136
136
130
130
130
117
117
117
117
117
117
117
128
128
120
120
115
115
115
125
125
115
115
115
115
115
111
111
110
110
110
110
110
108
108
115
115
115
115
115
115
115
116
116
110
110
110
110
110
116
116
115
115
115
115
115
115
115
115
115
115
115
115
115
115
115
115
115
141
141
143
143
135
135
135
146
146
146
146
116
116
116
153
153
153
153
119
119
119
141
141
141
141
141
141
141
141
141
141
141
141
141
141
141
141
115
115
115
115
115
128
128
128
128
130
130
130
136
136
115
115
114
114
114
118
118
118
118
118
118
118
118
118
118
118
107
107
107
107
107
107
107
107
107
107
107
107
107
107
107
107
107
107
107
107
107
99
99
99
107
107
107
107
103
103
103
110
110
110
110
107
107
107
102
102
102
102
107
107
107
102
102
90
90
90
90
90
82
82
82
82
82
82
82
134
134
130
130
130
130
130
117
117
117
117
117
117
117
130
130
130
130
130
130
130
117
117
117
117
117
117
117
117
117
117
117
117
117
117
111
111
111
111
111
111
111
98
98
98
98
98
98
98
133
133
133
133
133
133
133
133
133
133
133
133
133
133
133
133
133
133
141
141
141
136
136
136
136
136
136
136
130
130
130
130
130
130
130
126
126
126
126
126
126
126
145
145
145
145
142
142
142
155
155
155
155
155
155
155
155
155
155
125
125
125
125
152
152
152
152
152
152
152
152
152
140
140
140
140
140
140
140
140
140
140
140
140
140
140
140
140
140
140
140
140
140
140
140
140
140
140
140
140
140
140
140
140
140
245
245
245
245
245
245
245
242
242
240
240
248
248
248
238
238
238
238
238
238
238
238
238
91
91
90
90
90
140
140
140
140
140
140
140
140
140
90
90
84
84
84
84
84
84
84
84
84
84
86
86
80
80
80
80
80
80
80
80
80
80
80
80
80
80
80
80
80
80
80
80
80
80
80
80
80
80
80
80
80
80
80
80
80
80
80
80
80
80
80
80
80
80
80
80
80
80
80
80
76
76
76
76
76
76
76
76
76
76
76
76
76
90
90
90
90
90
90
90
88
88
88
88
92
92
92
80
80
80
80
80
80
80
82
82
82
82
80
80
80
84
84
84
84
84
84
84
84
84
80
80
88
88
88
88
88
88
88
88
88
88
88
88
88
88
88
88
88
88
88
88
88
88
88
88
92
92
92
92
88
88
88
88
88
88
88
88
88
88
95
95
97
97
92
92
92
92
92
92
92
92
92
92
90
90
90
90
90
90
90
90
90
90
90
90
90
90
90
90
85
85
80
80
80
80
80
76
76
76
76
76
76
76
89
89
81
81
81
77
77
77
77
77
77
77
94
94
88
88
82
82
82
78
78
78
78
78
78
78
145
145
140
140
132
132
132
138
138
138
138
138
138
138
138
138
138
138
138
138
138
138
138
138
138
138
138
138
80
80
91
91
91
91
91
90
90
90
90
90
90
90
88
88
88
90
90
90
90
90
90
90
90
90
90
90
88
88
80
80
85
85
85
85
85
85
85
85
85
85
76
76
76
76
70
70
70
72
72
72
72
72
72
72
76
76
76
76
80
80
80
94
94
94
94
94
94
94
100
100
97
97
112
112
112
122
122
122
122
122
122
122
100
100
98
98
100
100
100
100
100
100
100
1.759000e+01
1.759000e+01
1.759000e+01
1.759000e+01
1.759000e+01
72
72
72
72
72
72
72
103
103
103
103
103
103
103
102
102
92
92
92
90
90
90
90
90
90
90
106
106
106
106
98
98
98
98
98
98
98
98
98
98
92
92
92
92
92
92
92
92
92
92
92
92
92
92
90
90
88
88
88
88
88
85
85
85
85
85
85
85
80
80
80
80
80
80
80
80
80
80
80
80
80
80
78
78
78
78
78
78
78
78
78
78
78
78
78
78
75
75
75
75
75
75
75
70
70
70
70
70
70
70
70
70
72
72
72
72
72
94
94
90
90
88
88
88
90
90
88
88
88
88
88
88
88
85
85
85
85
85
85
85
93
93
93
93
93
93
93
90
90
90
90
90
88
88
88
88
88
88
88
88
88
82
82
82
82
82
85
85
85
85
85
85
85
80
80
80
80
80
80
80
75
75
72
72
72
72
72
75
75
75
75
75
75
75
76
76
76
76
76
76
76
66
66
66
66
66
66
66
70
70
70
70
70
70
70
58
58
58
58
60
60
60
60
60
60
60
60
60
60
60
60
60
60
60
60
60
60
60
60
60
60
60
60
52
52
52
52
52
52
52
50
50
50
50
50
50
50
50
50
50
50
50
50
50
50
50
50
50
50
50
50
114
114
110
110
120
120
120
120
120
120
120
120
120
120
120
120
97
97
97
97
97
97
97
97
97
97
97
97
90
90
90
90
90
90
90
90
90
90
90
90
90
90
90
90
90
90
90
90
90
90
90
90
90
90
90
90
90
90
90
90
90
90
90
90
90
90
90
90
90
90
90
90
90
90
90
90
90
90
90
90
90
90
90
90
90
90
109
109
109
109
109
109
109
109
109
109
109
109
105
105
105
105
105
105
105
105
105
105
105
108
108
108
108
108
108
108
108
108
108
108
108
108
108
108
108
108
112
112
112
112
112
112
112
112
112
127
127
127
127
127
130
130
130
130
130
130
130
130
130
130
130
123
123
123
122
122
122
122
122
122
122
110
110
110
110
110
110
110
102
102
102
102
102
102
102
102
102
102
102
102
102
102
102
102
102
102
102
102
102
102
102
102
102
102
102
102
98
98
98
98
98
98
98
98
98
98
98
82
82
82
82
82
82
82
82
