0
0
0
0
0
0
0
0
0
0
0
0
0
0
0
0
0
0
0
0
0
0
0
0
0
0
0
0
0
0
0
0
0
0
0
0
0
0
0
0
0
0
0
0
0
0
0
0
0
0
0
0
0
0
0
0
0
0
0
0
0
0
0
0
0
0
0
0
0
0
0
0
0
0
0
0
0
0
0
0
0
0
0
0
0
0
0
0
0
0
0
0
0
0
0
0
0
0
0
0
0
0
0
0
0
0
0
0
0
0
0
0
0
0
0
0
0
0
0
0
0
0
0
0
0
0
0
0
0
0
0
0
0
0
0
0
0
0
0
0
0
0
0
0
0
0
0
0
0
0
0
0
0
0
0
0
0
0
0
0
0
0
0
0
0
0
0
0
0
0
0
0
0
0
0
0
0
0
0
0
0
0
0
0
0
0
0
0
0
0
0
0
0
0
0
0
0
0
0
0
0
0
0
0
0
0
0
0
0
0
0
0
0
0
0
0
0
0
0
0
0
0
0
0
0
0
0
0
0
0
0
0
0
0
0
0
0
0
0
0
0
0
0
0
0
0
0
0
0
0
0
0
0
0
0
0
0
0
0
0
0
0
0
0
0
0
0
0
0
0
0
0
0
0
0
0
0
0
0
0
0
0
0
0
0
0
0
0
0
0
0
0
0
0
0
0
0
0
0
0
0
0
0
0
0
0
0
0
0
0
0
0
0
0
0
0
0
0
0
0
0
0
0
0
0
0
0
0
0
0
0
0
0
0
0
0
0
0
0
0
0
0
0
0
0
0
0
0
0
0
0
0
0
0
0
0
0
0
0
0
0
0
0
0
0
0
0
0
0
0
0
0
0
0
0
0
0
0
0
0
0
0
0
0
0
0
0
0
0
0
0
0
0
0
0
0
0
0
0
0
0
0
0
0
0
0
0
0
0
0
0
0
0
0
0
0
0
0
0
0
0
0
0
0
0
0
0
0
0
0
0
0
0
0
0
0
0
0
0
0
0
0
0
0
0
0
0
0
0
0
0
0
0
0
0
0
0
0
0
0
0
0
0
0
0
0
0
0
0
0
0
0
0
0
0
0
0
0
0
0
0
0
0
0
0
0
0
0
0
0
0
0
0
0
0
0
0
0
0
0
0
0
0
0
0
0
0
0
0
0
0
0
0
0
0
0
0
0
0
0
0
0
0
0
0
0
0
0
0
0
0
0
0
0
0
0
0
0
0
0
0
0
0
0
0
0
0
0
0
0
0
2.000000e-02
1.000000e-02
2.000000e-02
1.000000e-02
1.000000e-02
3.000000e-02
2.000000e-02
0
0
0
0
2.200000e+00
2.200000e+00
2.200000e+00
2.200000e+00
3.340000e+00
3.320000e+00
3.390000e+00
3.260000e+00
3.120000e+00
3.150000e+00
3.120000e+00
3.200000e+00
3.200000e+00
3.380000e+00
3.400000e+00
3.420000e+00
3.520000e+00
3.580000e+00
3.940000e+00
3.980000e+00
4.240000e+00
4.300000e+00
4.320000e+00
4.150000e+00
4.090000e+00
4.170000e+00
4.290000e+00
4.740000e+00
4.490000e+00
4.700000e+00
4.810000e+00
4.860000e+00
4.910000e+00
5
5.060000e+00
5.100000e+00
5.630000e+00
5.730000e+00
5.890000e+00
5.840000e+00
5.770000e+00
5.680000e+00
5.730000e+00
5.800000e+00
6.350000e+00
6.460000e+00
2.078000e+01
6.408000e+01
8.723000e+01
8.193000e+01
8.269000e+01
8.133000e+01
8.587000e+01
8.914000e+01
9.158000e+01
8.398000e+01
8.489000e+01
8.489000e+01
9.248000e+01
9.922000e+01
9.960000e+01
9.724000e+01
1.061300e+02
1.103900e+02
1.076300e+02
1.147500e+02
1.181100e+02
1.145300e+02
1.163800e+02
1.174500e+02
1.314500e+02
1.378600e+02
1.334000e+02
1.247000e+02
1.315200e+02
1.360400e+02
1.300700e+02
1.234500e+02
1.182000e+02
1.135000e+02
1.239800e+02
1.217000e+02
1.225000e+02
1.228000e+02
1.244000e+02
1.227000e+02
1.281300e+02
1.325000e+02
1.311300e+02
1.308200e+02
145
1.442900e+02
1.428600e+02
1.426700e+02
1.429000e+02
1.414300e+02
1.355700e+02
70
141
1.545400e+02
1.565800e+02
1.591100e+02
1.596900e+02
1.602700e+02
1.628100e+02
1.721100e+02
1.730500e+02
1.719700e+02
1.717100e+02
1.706000e+02
1.657500e+02
1.657500e+02
1.680900e+02
1.663500e+02
1.642500e+02
1.684400e+02
170
1.096300e+02
1.450900e+02
1.558000e+02
1.508300e+02
1.511700e+02
1.185200e+02
1.196000e+02
1.514000e+02
1.430300e+02
1.635900e+02
1.641900e+02
1.681400e+02
1.696700e+02
1.691600e+02
1.662400e+02
1.678300e+02
1.664400e+02
1.605100e+02
1.532100e+02
1.705300e+02
1.446600e+02
1.100100e+02
1.367000e+02
1.243300e+02
1.838900e+02
1.958700e+02
1.908600e+02
1.884200e+02
1.866400e+02
1.858200e+02
1.865400e+02
1.890200e+02
1.962400e+02
1.929000e+02
1.937500e+02
1.337000e+02
1.760300e+02
1.988500e+02
1.931000e+02
1.917500e+02
1.895600e+02
1.894400e+02
1.877300e+02
1.439400e+02
1.058200e+02
1.843900e+02
1.794400e+02
1.606000e+02
172
1.756000e+02
1.765400e+02
1.775400e+02
1.706900e+02
1.941700e+02
1.938300e+02
1.907100e+02
1.881400e+02
1.870600e+02
186
1.854900e+02
1.846900e+02
1.878600e+02
1.934600e+02
1.871600e+02
1.678100e+02
1.574700e+02
1.497400e+02
1.785300e+02
1.968000e+02
1.918500e+02
1.868700e+02
1.863600e+02
0
0
1.820500e+02
1.803200e+02
1.799800e+02
1.803300e+02
1.793400e+02
1.831100e+02
1.817100e+02
1.800400e+02
1.781300e+02
1.780100e+02
1.778100e+02
1.761200e+02
1.769400e+02
1.783300e+02
1.790600e+02
1.784200e+02
1.812300e+02
1.795400e+02
1.822400e+02
1.788500e+02
1.766000e+02
1.771600e+02
1.766200e+02
1.792200e+02
1.798900e+02
1.784400e+02
1.780400e+02
1.786200e+02
1.786400e+02
1.792900e+02
1.774500e+02
1.789000e+02
1.780200e+02
1.789500e+02
1.789800e+02
1.786100e+02
1.776200e+02
1.794600e+02
1.784800e+02
1.771900e+02
1.761700e+02
1.759900e+02
1.771600e+02
1.798100e+02
1.794400e+02
1.831900e+02
1.848500e+02
1.840100e+02
1.826000e+02
1.825000e+02
1.833000e+02
1.819300e+02
1.784900e+02
1.784900e+02
1.785200e+02
1.762300e+02
1.761000e+02
1.763200e+02
1.766900e+02
1.762900e+02
1.747500e+02
1.745100e+02
1.744500e+02
1.728300e+02
1.717700e+02
1.718500e+02
1.716400e+02
1.698400e+02
1.695800e+02
1.695800e+02
1.695800e+02
1.668400e+02
1.660200e+02
1.681800e+02
1.683300e+02
1.678000e+02
1.679500e+02
1.669100e+02
1.675800e+02
1.671800e+02
1.707500e+02
1.701900e+02
1.696600e+02
1.696800e+02
1.682700e+02
1.671800e+02
1.673400e+02
1.663100e+02
1.657500e+02
1.665300e+02
1.653800e+02
1.659000e+02
1.650400e+02
1.633800e+02
1.627100e+02
1.624700e+02
1.625200e+02
1.622800e+02
1.619900e+02
1.616300e+02
1.604700e+02
1.589100e+02
1.587100e+02
1.587900e+02
1.583700e+02
1.572100e+02
1.572100e+02
1.556300e+02
1.559900e+02
1.562700e+02
1.565600e+02
1.571800e+02
1.572000e+02
1.555100e+02
1.557300e+02
1.554800e+02
1.554500e+02
1.558200e+02
1.550900e+02
1.552900e+02
1.522600e+02
1.533700e+02
1.535900e+02
1.515400e+02
1.474600e+02
1.503200e+02
1.505600e+02
1.503500e+02
1.491200e+02
1.496600e+02
1.494500e+02
1.503100e+02
1.482500e+02
1.494500e+02
1.497400e+02
1.503200e+02
1.493200e+02
1.460200e+02
1.046400e+02
9.438000e+01
1.210700e+02
1.257100e+02
1.273700e+02
1.272800e+02
1.269500e+02
1.253600e+02
1.242000e+02
1.238900e+02
1.228900e+02
1.228900e+02
1.228900e+02
1.234300e+02
1.258400e+02
1.257000e+02
124
1.228600e+02
1.231500e+02
1.229500e+02
1.233700e+02
1.238800e+02
1.235300e+02
1.223200e+02
1.230100e+02
1.230100e+02
1.199200e+02
1.195700e+02
1.187800e+02
1.202400e+02
1.202400e+02
1.203200e+02
1.209500e+02
1.235600e+02
1.218500e+02
1.193900e+02
1.221500e+02
1.224600e+02
1.230100e+02
1.223800e+02
1.228600e+02
1.227800e+02
1.227800e+02
1.227800e+02
1.214600e+02
1.209400e+02
1.213400e+02
1.204800e+02
1.203500e+02
1.203500e+02
1.192300e+02
1.189000e+02
1.197600e+02
1.205300e+02
1.222500e+02
1.233800e+02
1.232400e+02
1.228500e+02
1.228300e+02
1.216200e+02
1.208700e+02
1.223900e+02
1.226500e+02
1.224800e+02
1.214300e+02
1.217800e+02
1.226500e+02
1.229500e+02
1.226800e+02
1.222300e+02
1.239900e+02
1.245000e+02
1.250800e+02
1.244600e+02
1.243000e+02
1.271400e+02
1.263200e+02
1.254900e+02
1.244500e+02
1.235400e+02
1.242200e+02
1.232200e+02
1.233400e+02
1.228100e+02
1.228100e+02
1.228100e+02
1.171900e+02
1.167200e+02
1.171600e+02
1.162000e+02
1.157500e+02
1.133100e+02
1.144300e+02
1.138300e+02
1.139400e+02
1.141800e+02
1.135400e+02
1.128400e+02
1.125100e+02
1.121400e+02
1.117900e+02
1.113300e+02
1.120600e+02
1.123500e+02
1.113100e+02
1.120200e+02
1.128400e+02
1.142200e+02
1.148300e+02
1.150500e+02
1.149100e+02
1.145800e+02
1.144700e+02
1.152200e+02
1.149200e+02
1.154600e+02
1.160500e+02
1.160300e+02
1.159900e+02
1.161400e+02
1.151800e+02
1.152300e+02
1.160100e+02
1.165600e+02
1.162400e+02
1.153000e+02
1.142700e+02
1.145800e+02
1.144300e+02
1.138600e+02
1.138400e+02
1.133700e+02
1.125700e+02
1.096000e+02
1.008000e+02
1.201300e+02
1.195900e+02
1.175600e+02
1.181000e+02
1.172500e+02
1.162800e+02
1.155400e+02
1.149800e+02
1.141200e+02
1.136800e+02
1.132400e+02
9.043000e+01
4.091000e+01
6.264000e+01
1.035500e+02
1.080400e+02
1.168400e+02
1.218700e+02
1.233800e+02
1.226900e+02
1.198000e+02
1.217500e+02
1.235200e+02
1.226900e+02
1.217500e+02
1.200100e+02
1.188700e+02
1.179400e+02
1.175700e+02
1.167200e+02
1.177100e+02
1.179500e+02
1.181300e+02
1.167400e+02
1.122200e+02
1.257300e+02
1.256200e+02
1.187049e+02
1.185893e+02
1.235400e+02
1.227600e+02
1.212300e+02
1.208200e+02
1.199500e+02
1.199500e+02
1.199500e+02
1.205300e+02
1.199600e+02
1.192000e+02
1.186700e+02
1.196000e+02
1.196000e+02
1.196000e+02
1.168400e+02
1.170900e+02
1.157400e+02
1.168800e+02
1.182200e+02
1.182200e+02
1.182200e+02
1.280200e+02
1.281300e+02
1.273600e+02
1.270600e+02
1.272700e+02
1.272700e+02
1.272700e+02
1.251400e+02
1.251400e+02
1.251400e+02
1.239800e+02
1.247100e+02
1.247100e+02
1.247100e+02
1.247100e+02
1.220500e+02
1.244100e+02
1.239200e+02
1.242500e+02
1.242500e+02
1.242500e+02
1.230200e+02
1.236400e+02
1.228600e+02
1.222900e+02
1.215200e+02
1.221000e+02
1.211400e+02
1.208800e+02
1.219200e+02
1.205600e+02
1.214500e+02
1.224200e+02
1.218900e+02
1.214900e+02
1.205900e+02
122
1.204600e+02
1.197300e+02
1.203300e+02
1.202600e+02
1.185300e+02
1.183900e+02
1.183900e+02
5.539000e+01
8.129000e+01
9.894000e+01
9.894000e+01
9.894000e+01
1.077600e+02
1.088900e+02
1.084400e+02
1.802400e+02
1.087900e+02
1.087900e+02
1.087900e+02
1.085300e+02
1.074100e+02
1.070700e+02
1.070700e+02
1.056200e+02
1.056200e+02
1.056200e+02
1.059900e+02
1.055100e+02
1.063200e+02
1.068400e+02
1.088300e+02
1.088300e+02
1.088300e+02
1.109100e+02
1.089100e+02
1.069100e+02
1.059200e+02
1.061200e+02
1.061200e+02
1.061200e+02
1.097500e+02
1.054000e+02
1.062600e+02
1.052000e+02
1.055500e+02
1.055500e+02
1.055500e+02
1.109600e+02
1.073500e+02
1.076600e+02
1.067500e+02
1.051300e+02
1.051300e+02
1.051300e+02
1.036000e+02
1.034400e+02
1.034400e+02
1.078700e+02
1.199200e+02
1.199200e+02
1.199200e+02
1.181100e+02
1.143800e+02
1.124000e+02
1.139900e+02
1.146300e+02
1.146300e+02
1.146300e+02
1.111600e+02
1.094400e+02
1.092900e+02
1.109200e+02
1.121000e+02
1.121000e+02
1.121000e+02
1.102800e+02
1.094900e+02
1.097000e+02
1.122400e+02
1.199900e+02
1.199900e+02
1.199900e+02
1.080400e+02
1.066300e+02
1.085400e+02
1.115000e+02
1.110100e+02
1.110100e+02
1.110100e+02
1.609900e+02
1.068400e+02
1.068500e+02
1.071400e+02
1.069500e+02
1.069500e+02
1.069500e+02
1.067300e+02
1.063500e+02
1.052900e+02
1.084800e+02
1.082200e+02
1.082200e+02
1.082200e+02
1.053100e+02
1.062700e+02
1.059800e+02
1.058100e+02
1.058100e+02
1.058100e+02
1.058100e+02
1.058100e+02
3.240000e+01
3.226000e+01
3.239000e+01
3.218000e+01
3.218000e+01
3.218000e+01
3.218000e+01
3.163000e+01
3.156000e+01
3.146000e+01
3.135000e+01
3.135000e+01
3.135000e+01
3.153000e+01
3.153000e+01
3.153000e+01
3.153000e+01
3.059000e+01
3.059000e+01
3.059000e+01
3.055000e+01
3.039000e+01
3.036000e+01
3.031000e+01
3.024000e+01
3.024000e+01
3.024000e+01
3.009000e+01
3.005000e+01
3.005000e+01
3.005000e+01
3.014000e+01
3.014000e+01
3.014000e+01
2.983000e+01
2.929000e+01
2.971000e+01
2.976000e+01
2.984000e+01
2.984000e+01
2.984000e+01
2.966000e+01
2.963000e+01
2.975000e+01
2.968000e+01
2.953000e+01
2.953000e+01
2.953000e+01
2.891000e+01
2.891000e+01
2.891000e+01
2.881000e+01
2.908000e+01
2.908000e+01
2.908000e+01
2.858000e+01
2.862000e+01
2.878000e+01
2.892000e+01
2.871000e+01
2.871000e+01
2.871000e+01
2.871000e+01
2.869000e+01
29
29
29
29
29
2.864000e+01
2.879000e+01
2.894000e+01
2.894000e+01
2.894000e+01
2.894000e+01
2.894000e+01
2.944000e+01
2.980000e+01
2.959000e+01
3.014000e+01
3.044000e+01
3.044000e+01
3.044000e+01
3.087000e+01
3.071000e+01
3.045000e+01
3.045000e+01
3.045000e+01
3.045000e+01
3.045000e+01
3.146000e+01
3.196000e+01
3.151000e+01
3.151000e+01
3.189000e+01
3.189000e+01
3.189000e+01
3.237000e+01
3.237000e+01
3.237000e+01
3.237000e+01
3.324000e+01
3.324000e+01
3.324000e+01
3.408000e+01
3.412000e+01
0
0
0
0
0
3.835000e+01
3.731000e+01
3.731000e+01
3.731000e+01
3.731000e+01
3.731000e+01
3.731000e+01
3.724000e+01
3.750000e+01
3.750000e+01
3.830000e+01
3.769000e+01
3.769000e+01
3.769000e+01
4.075000e+01
4.027000e+01
4.011000e+01
4.011000e+01
4.011000e+01
4.011000e+01
4.011000e+01
4.041000e+01
4.055000e+01
4.051000e+01
3.876000e+01
3.784000e+01
3.784000e+01
3.784000e+01
3.697000e+01
3.697000e+01
3.697000e+01
3.697000e+01
3.697000e+01
3.697000e+01
3.697000e+01
3.512000e+01
3.438000e+01
3.438000e+01
3.438000e+01
3.438000e+01
3.438000e+01
3.438000e+01
3.438000e+01
3.438000e+01
3.438000e+01
3.438000e+01
3.438000e+01
3.438000e+01
3.438000e+01
3.047000e+01
3.032000e+01
3.029000e+01
3.056000e+01
3.071000e+01
3.071000e+01
3.071000e+01
3.113000e+01
3.152000e+01
3.157000e+01
3.157000e+01
3.188000e+01
3.188000e+01
3.188000e+01
3.248000e+01
3.248000e+01
3.248000e+01
3.394000e+01
3.368000e+01
3.368000e+01
3.368000e+01
3.388000e+01
3.370000e+01
3.370000e+01
3.179000e+01
3.228000e+01
3.228000e+01
3.228000e+01
3.357000e+01
3.457000e+01
3.149000e+01
3.871000e+01
4.151000e+01
4.151000e+01
4.151000e+01
0
2.724000e+01
2.584000e+01
2.584000e+01
2.450000e+01
2.450000e+01
2.450000e+01
2.499000e+01
2.503000e+01
2.627000e+01
2.814000e+01
2.885000e+01
2.885000e+01
2.885000e+01
3.197000e+01
3.197000e+01
3.197000e+01
3.999000e+01
3.958000e+01
3.958000e+01
3.958000e+01
4.327000e+01
4.776000e+01
6.324000e+01
6.003000e+01
7.073000e+01
7.073000e+01
7.073000e+01
1.495500e+02
1.495500e+02
1.447200e+02
1.447200e+02
1.447200e+02
1.447200e+02
1.447200e+02
1.399200e+02
1.399200e+02
1.373200e+02
1.355200e+02
1.378100e+02
1.378100e+02
1.378100e+02
1.320500e+02
1.317900e+02
1.303500e+02
4.715000e+01
3.880000e+01
3.880000e+01
3.880000e+01
3.883000e+01
3.847000e+01
3.839000e+01
3.852000e+01
6.892000e+01
6.892000e+01
6.892000e+01
1.153100e+02
1.155300e+02
1.161100e+02
1.173000e+02
1.163600e+02
1.163600e+02
1.163600e+02
1.137800e+02
1.119500e+02
1.101000e+02
1.086000e+02
1.140300e+02
1.140300e+02
1.140300e+02
1.134600e+02
1.125700e+02
1.105800e+02
1.078500e+02
1.094500e+02
1.094500e+02
1.094500e+02
1.089100e+02
1.096300e+02
7.820000e+01
4.748000e+01
1.117600e+02
1.117600e+02
1.117600e+02
1.012800e+02
1.024000e+02
1.024000e+02
1.024000e+02
9.512000e+01
9.512000e+01
9.512000e+01
9.953000e+01
9.685000e+01
9.778000e+01
9.786000e+01
9.888000e+01
9.888000e+01
9.888000e+01
1.016400e+02
1.016400e+02
9.953000e+01
9.953000e+01
9.953000e+01
9.953000e+01
9.953000e+01
1.036900e+02
1.010400e+02
9.798000e+01
9.744000e+01
9.705000e+01
9.705000e+01
9.705000e+01
9.914000e+01
9.914000e+01
9.914000e+01
9.914000e+01
9.914000e+01
9.914000e+01
9.914000e+01
1.024500e+02
1.024500e+02
1.024500e+02
1.028400e+02
1.028400e+02
1.028400e+02
1.028400e+02
6.491000e+01
6.491000e+01
6.491000e+01
6.491000e+01
6.491000e+01
6.491000e+01
6.491000e+01
4.572000e+01
4.572000e+01
4.572000e+01
6.067000e+01
4.733000e+01
4.733000e+01
4.733000e+01
4.287000e+01
4.287000e+01
4.287000e+01
4.287000e+01
4.287000e+01
4.287000e+01
4.287000e+01
6.157000e+01
6.157000e+01
6.146000e+01
6.146000e+01
6.614000e+01
6.614000e+01
6.614000e+01
1.179300e+02
1.179300e+02
1.179300e+02
1.179300e+02
1.179300e+02
1.179300e+02
1.179300e+02
1.540000e+01
1.540000e+01
1.172000e+02
1.172000e+02
1.172000e+02
1.172000e+02
1.172000e+02
1.137600e+02
1.137600e+02
1.150300e+02
1.150300e+02
1.155700e+02
1.155700e+02
1.155700e+02
1.155700e+02
1.155700e+02
1.140700e+02
1.140700e+02
6.489000e+01
6.489000e+01
6.489000e+01
6.487000e+01
6.487000e+01
6.503000e+01
6.503000e+01
6.567000e+01
6.567000e+01
6.567000e+01
6.710000e+01
6.710000e+01
6.640000e+01
6.640000e+01
6.693000e+01
6.693000e+01
6.693000e+01
6.708000e+01
6.708000e+01
8.695000e+01
8.695000e+01
6.732000e+01
6.732000e+01
6.732000e+01
6.676000e+01
6.676000e+01
6.605000e+01
6.605000e+01
6.605000e+01
6.605000e+01
6.605000e+01
6.653000e+01
6.653000e+01
6.590000e+01
6.590000e+01
6.590000e+01
6.590000e+01
6.590000e+01
6.590000e+01
6.590000e+01
7.069000e+01
7.069000e+01
7.320000e+01
7.320000e+01
7.320000e+01
1.277100e+02
1.277100e+02
1.065300e+02
1.065300e+02
77
77
77
77
77
77
77
77
77
77
77
77
5.784000e+01
5.784000e+01
5.784000e+01
5.784000e+01
5.784000e+01
6.676000e+01
6.676000e+01
7.233000e+01
7.233000e+01
9.229000e+01
9.229000e+01
9.229000e+01
1.244900e+02
1.244900e+02
8.821000e+01
8.821000e+01
1.241200e+02
1.241200e+02
1.241200e+02
1.258400e+02
1.258400e+02
1.996600e+02
1.996600e+02
5.920000e+01
5.920000e+01
5.920000e+01
5.896000e+01
5.896000e+01
1.045600e+02
1.045600e+02
1.045600e+02
1.045600e+02
1.045600e+02
1.045600e+02
1.045600e+02
4.551000e+01
4.551000e+01
4.551000e+01
4.551000e+01
4.551000e+01
6.795000e+01
6.795000e+01
8.194000e+01
8.194000e+01
8.266000e+01
8.266000e+01
8.266000e+01
7.328000e+01
7.328000e+01
7.328000e+01
7.328000e+01
6.023000e+01
6.023000e+01
6.023000e+01
1.186200e+02
1.186200e+02
1.280800e+02
1.280800e+02
1.007600e+02
1.007600e+02
1.007600e+02
1.226700e+02
1.226700e+02
1.226700e+02
1.226700e+02
1.226700e+02
1.226700e+02
1.226700e+02
1.226700e+02
1.226700e+02
1.226700e+02
1.226700e+02
6.066000e+01
6.066000e+01
6.066000e+01
5.893000e+01
5.893000e+01
5.704000e+01
5.704000e+01
5.379000e+01
5.379000e+01
5.379000e+01
4.363000e+01
4.363000e+01
4.363000e+01
4.363000e+01
5.367000e+01
5.367000e+01
5.367000e+01
5.367000e+01
5.367000e+01
6.885000e+01
6.885000e+01
5.541000e+01
5.541000e+01
5.541000e+01
5.488000e+01
5.488000e+01
6.975000e+01
6.975000e+01
1.067200e+02
1.067200e+02
1.067200e+02
8.649000e+01
8.649000e+01
4.568000e+01
4.568000e+01
5.980000e+01
5.980000e+01
5.980000e+01
1.020800e+02
1.020800e+02
1.020800e+02
1.020800e+02
1.194200e+02
1.194200e+02
1.194200e+02
1.150600e+02
1.150600e+02
1.126100e+02
1.126100e+02
1.126100e+02
1.126100e+02
1.126100e+02
1.003000e+02
1.003000e+02
8.369000e+01
8.369000e+01
8.369000e+01
8.369000e+01
8.369000e+01
1.025500e+02
1.025500e+02
1.068400e+02
1.068400e+02
1.040900e+02
1.040900e+02
1.040900e+02
1.035200e+02
1.035200e+02
1.035200e+02
1.035200e+02
1.035200e+02
1.035200e+02
1.035200e+02
1.072700e+02
1.072700e+02
1.072700e+02
1.072700e+02
1.072700e+02
1.072700e+02
1.072700e+02
9.219000e+01
9.219000e+01
8.824000e+01
8.824000e+01
8.824000e+01
8.824000e+01
8.824000e+01
8.824000e+01
8.824000e+01
5.444000e+01
5.444000e+01
5.444000e+01
5.444000e+01
5.444000e+01
5.521000e+01
5.521000e+01
5.521000e+01
5.521000e+01
5.521000e+01
5.521000e+01
5.521000e+01
5.607000e+01
5.607000e+01
5.607000e+01
5.607000e+01
5.607000e+01
5.607000e+01
5.607000e+01
6.007000e+01
6.007000e+01
5.027000e+01
5.027000e+01
5.106000e+01
5.106000e+01
5.106000e+01
5.002000e+01
5.002000e+01
5.002000e+01
5.002000e+01
5.002000e+01
5.002000e+01
5.002000e+01
5.002000e+01
5.963000e+01
5.963000e+01
5.963000e+01
5.979000e+01
5.979000e+01
5.979000e+01
5.873000e+01
5.873000e+01
5.873000e+01
5.873000e+01
5.873000e+01
5.873000e+01
5.873000e+01
6.569000e+01
6.569000e+01
9.809000e+01
9.809000e+01
1.249700e+02
1.249700e+02
1.249700e+02
1.186300e+02
1.186300e+02
1.186300e+02
1.186300e+02
1.186300e+02
1.186300e+02
1.186300e+02
1.104800e+02
1.104800e+02
1.104800e+02
1.104800e+02
1.035600e+02
1.035600e+02
1.035600e+02
1.040500e+02
1.040500e+02
1.040500e+02
1.040500e+02
1.040500e+02
1.040500e+02
1.040500e+02
1.040500e+02
1.040500e+02
1.040500e+02
9.925000e+01
9.925000e+01
9.925000e+01
9.925000e+01
1.002800e+02
1.002800e+02
1.002800e+02
1.002800e+02
1.002800e+02
1.002800e+02
1.002800e+02
1.002800e+02
1.002800e+02
9.905000e+01
9.905000e+01
9.905000e+01
9.905000e+01
9.905000e+01
7.295000e+01
7.295000e+01
7.295000e+01
7.295000e+01
7.295000e+01
7.295000e+01
7.295000e+01
7.295000e+01
7.295000e+01
7.295000e+01
7.295000e+01
7.295000e+01
7.295000e+01
7.295000e+01
6.886000e+01
6.886000e+01
7.424000e+01
7.424000e+01
7.424000e+01
7.424000e+01
7.424000e+01
5.112000e+01
5.112000e+01
5.112000e+01
5.112000e+01
5.112000e+01
5.112000e+01
5.112000e+01
7.815000e+01
7.815000e+01
7.815000e+01
7.815000e+01
7.815000e+01
7.815000e+01
7.815000e+01
1.163300e+02
1.163300e+02
1.195900e+02
1.195900e+02
1.192500e+02
1.192500e+02
1.192500e+02
9.023000e+01
9.023000e+01
1.100400e+02
1.100400e+02
1.140300e+02
1.140300e+02
1.140300e+02
1.060900e+02
1.060900e+02
1.043400e+02
1.043400e+02
8.389000e+01
8.389000e+01
8.389000e+01
9.732000e+01
9.732000e+01
9.732000e+01
9.732000e+01
9.732000e+01
9.732000e+01
9.732000e+01
8.768000e+01
8.768000e+01
9.202000e+01
9.202000e+01
8.671000e+01
8.671000e+01
8.671000e+01
8.671000e+01
8.671000e+01
8.671000e+01
8.671000e+01
8.370000e+01
8.370000e+01
8.370000e+01
7.130000e+01
7.130000e+01
8.505000e+01
8.505000e+01
8.505000e+01
8.505000e+01
8.505000e+01
8.505000e+01
8.505000e+01
8.505000e+01
8.505000e+01
8.505000e+01
8.505000e+01
8.505000e+01
8.505000e+01
8.505000e+01
8.357000e+01
8.357000e+01
8.357000e+01
8.357000e+01
8.357000e+01
8.357000e+01
8.357000e+01
8.357000e+01
8.357000e+01
8.357000e+01
8.357000e+01
8.357000e+01
8.357000e+01
8.357000e+01
8.357000e+01
8.357000e+01
8.357000e+01
8.357000e+01
8.357000e+01
8.357000e+01
8.357000e+01
8.327000e+01
8.327000e+01
8.327000e+01
8.327000e+01
8.327000e+01
8.327000e+01
8.327000e+01
8.327000e+01
8.327000e+01
8.327000e+01
8.327000e+01
8.327000e+01
8.327000e+01
8.108000e+01
8.108000e+01
8.108000e+01
8.108000e+01
8.108000e+01
8.108000e+01
7.913000e+01
7.913000e+01
7.906000e+01
7.906000e+01
7.906000e+01
7.906000e+01
7.906000e+01
7.802000e+01
7.802000e+01
7.802000e+01
7.802000e+01
7.802000e+01
7.802000e+01
7.802000e+01
8.081000e+01
8.081000e+01
6.321000e+01
6.321000e+01
6.212000e+01
6.212000e+01
6.212000e+01
7.071000e+01
7.071000e+01
7.071000e+01
7.071000e+01
7.071000e+01
7.071000e+01
7.071000e+01
7.188000e+01
7.188000e+01
7.182000e+01
7.188000e+01
7.068000e+01
7.068000e+01
7.068000e+01
7.106000e+01
7.106000e+01
7.106000e+01
7.106000e+01
7.106000e+01
7.106000e+01
7.106000e+01
6.781000e+01
6.781000e+01
7.210000e+01
7.210000e+01
7.151000e+01
7.151000e+01
7.151000e+01
7.089000e+01
7.089000e+01
7.089000e+01
7.089000e+01
7.089000e+01
7.089000e+01
7.089000e+01
7.089000e+01
7.089000e+01
7.089000e+01
7.089000e+01
7.089000e+01
7.089000e+01
7.089000e+01
7.073000e+01
7.073000e+01
7.051000e+01
7.051000e+01
7.033000e+01
7.033000e+01
7.033000e+01
6.793000e+01
6.793000e+01
6.936000e+01
6.936000e+01
5.333000e+01
5.333000e+01
5.333000e+01
6.945000e+01
6.945000e+01
6.945000e+01
6.945000e+01
6.945000e+01
6.945000e+01
6.945000e+01
7.098000e+01
7.098000e+01
7.069000e+01
7.069000e+01
7.146000e+01
7.146000e+01
7.146000e+01
7.026000e+01
7.026000e+01
7.026000e+01
7.026000e+01
4.027000e+01
4.027000e+01
4.027000e+01
4.051000e+01
4.051000e+01
5.119000e+01
5.119000e+01
5.826000e+01
5.826000e+01
5.826000e+01
5.826000e+01
5.826000e+01
5.826000e+01
5.826000e+01
3.583000e+01
3.583000e+01
3.583000e+01
3.583000e+01
3.583000e+01
3.451000e+01
3.451000e+01
3.467000e+01
3.467000e+01
3.467000e+01
3.518000e+01
3.518000e+01
3.480000e+01
3.480000e+01
3.480000e+01
3.480000e+01
3.480000e+01
3.308000e+01
3.308000e+01
3.456000e+01
3.456000e+01
3.469000e+01
3.469000e+01
3.469000e+01
3.509000e+01
3.509000e+01
3.509000e+01
3.509000e+01
3.486000e+01
3.486000e+01
3.486000e+01
3.472000e+01
3.472000e+01
3.487000e+01
3.487000e+01
5.829000e+01
5.829000e+01
5.829000e+01
7.104000e+01
7.104000e+01
6.918000e+01
6.918000e+01
6.918000e+01
6.918000e+01
6.918000e+01
6.836000e+01
6.836000e+01
6.360000e+01
6.360000e+01
5.698000e+01
5.698000e+01
5.698000e+01
6.958000e+01
6.958000e+01
6.554000e+01
6.554000e+01
6.803000e+01
6.803000e+01
6.803000e+01
3.222000e+01
3.222000e+01
3.222000e+01
3.222000e+01
6.388000e+01
6.388000e+01
6.388000e+01
6.805000e+01
6.805000e+01
6.398000e+01
6.398000e+01
6.398000e+01
6.398000e+01
6.398000e+01
6.755000e+01
6.755000e+01
7.305000e+01
7.305000e+01
7.343000e+01
7.343000e+01
7.343000e+01
7.470000e+01
7.470000e+01
7.335000e+01
7.335000e+01
7.071000e+01
7.071000e+01
7.071000e+01
6.869000e+01
6.869000e+01
6.869000e+01
6.975000e+01
6.850000e+01
6.850000e+01
6.850000e+01
6.866000e+01
6.866000e+01
6.866000e+01
6.866000e+01
6.866000e+01
6.866000e+01
6.866000e+01
6.740000e+01
6.740000e+01
6.727000e+01
6.727000e+01
6.968000e+01
6.968000e+01
6.968000e+01
6.924000e+01
6.924000e+01
6.899000e+01
6.899000e+01
6.872000e+01
6.872000e+01
6.872000e+01
6.786000e+01
6.786000e+01
6.765000e+01
6.765000e+01
6.676000e+01
6.676000e+01
6.676000e+01
6.626000e+01
6.626000e+01
6.587000e+01
6.587000e+01
6.506000e+01
6.506000e+01
6.506000e+01
6.564000e+01
6.564000e+01
6.687000e+01
6.687000e+01
6.645000e+01
6.645000e+01
6.645000e+01
6.511000e+01
6.511000e+01
6.504000e+01
6.504000e+01
6.432000e+01
6.432000e+01
6.432000e+01
6.430000e+01
6.430000e+01
6.466000e+01
6.466000e+01
6.430000e+01
6.430000e+01
6.430000e+01
6.554000e+01
6.554000e+01
6.553000e+01
6.553000e+01
6.553000e+01
6.553000e+01
6.553000e+01
6.566000e+01
6.566000e+01
6.476000e+01
6.476000e+01
6.627000e+01
6.627000e+01
6.627000e+01
6.698000e+01
6.698000e+01
6.757000e+01
6.757000e+01
6.640000e+01
6.640000e+01
6.640000e+01
6.671000e+01
6.671000e+01
6.452000e+01
6.452000e+01
6.452000e+01
6.452000e+01
6.452000e+01
6.544000e+01
6.544000e+01
6.515000e+01
6.515000e+01
6.520000e+01
6.520000e+01
6.520000e+01
6.562000e+01
6.562000e+01
6.442000e+01
6.442000e+01
6.465000e+01
6.465000e+01
6.465000e+01
6.463000e+01
6.463000e+01
6.463000e+01
6.463000e+01
6.463000e+01
6.463000e+01
6.463000e+01
6.244000e+01
6.244000e+01
6.333000e+01
6.333000e+01
6.120000e+01
6.120000e+01
6.120000e+01
6.368000e+01
6.368000e+01
6.368000e+01
6.368000e+01
6.257000e+01
6.257000e+01
6.257000e+01
6.240000e+01
6.240000e+01
6.234000e+01
6.234000e+01
6.234000e+01
6.234000e+01
6.234000e+01
6.150000e+01
6.150000e+01
5.938000e+01
5.938000e+01
6.328000e+01
6.328000e+01
6.328000e+01
6.355000e+01
6.355000e+01
6.245000e+01
6.245000e+01
63
63
63
6.243000e+01
6.243000e+01
5.847000e+01
5.847000e+01
6.255000e+01
6.255000e+01
6.255000e+01
6.130000e+01
6.130000e+01
6.130000e+01
6.130000e+01
4.806000e+01
4.806000e+01
4.806000e+01
4.558000e+01
4.558000e+01
4.558000e+01
4.558000e+01
4.558000e+01
4.558000e+01
4.558000e+01
4.062000e+01
4.062000e+01
3.433000e+01
3.433000e+01
3.433000e+01
3.433000e+01
3.433000e+01
3.336000e+01
3.336000e+01
3.378000e+01
3.378000e+01
3.377000e+01
3.377000e+01
3.377000e+01
3.216000e+01
3.216000e+01
7.460000e+01
7.460000e+01
7.325000e+01
7.325000e+01
7.325000e+01
5.283000e+01
5.283000e+01
6.519000e+01
6.519000e+01
6.519000e+01
6.519000e+01
6.519000e+01
6.519000e+01
6.519000e+01
6.272000e+01
6.272000e+01
6.272000e+01
6.272000e+01
6.272000e+01
6.278000e+01
6.278000e+01
6.281000e+01
6.281000e+01
6.258000e+01
6.258000e+01
6.258000e+01
6.273000e+01
6.273000e+01
6.187000e+01
6.187000e+01
6.218000e+01
6.218000e+01
6.218000e+01
6.192000e+01
6.192000e+01
6.117000e+01
6.117000e+01
6.117000e+01
6.117000e+01
6.117000e+01
6.054000e+01
6.054000e+01
5.892000e+01
5.892000e+01
5.892000e+01
5.892000e+01
5.892000e+01
6.014000e+01
6.014000e+01
6.021000e+01
6.021000e+01
6.055000e+01
6.055000e+01
6.055000e+01
6.098000e+01
6.098000e+01
5.896000e+01
5.896000e+01
5.896000e+01
5.896000e+01
5.896000e+01
5.896000e+01
5.896000e+01
5.899000e+01
5.899000e+01
5.837000e+01
5.837000e+01
5.837000e+01
5.821000e+01
5.821000e+01
5.808000e+01
5.808000e+01
5.808000e+01
5.808000e+01
5.808000e+01
5.780000e+01
5.780000e+01
5.668000e+01
5.668000e+01
5.662000e+01
5.662000e+01
5.662000e+01
5.665000e+01
5.665000e+01
5.654000e+01
5.654000e+01
5.654000e+01
5.654000e+01
5.654000e+01
5.769000e+01
5.769000e+01
5.716000e+01
5.716000e+01
5.716000e+01
5.716000e+01
5.716000e+01
5.701000e+01
5.701000e+01
5.622000e+01
5.622000e+01
5.622000e+01
5.622000e+01
5.622000e+01
5.597000e+01
5.597000e+01
5.603000e+01
5.603000e+01
5.603000e+01
5.603000e+01
5.603000e+01
5.644000e+01
5.644000e+01
58
58
58
58
58
5.852000e+01
5.852000e+01
5.852000e+01
5.852000e+01
4.288000e+01
4.288000e+01
4.288000e+01
6.087000e+01
6.087000e+01
6.103000e+01
6.103000e+01
6.103000e+01
6.103000e+01
6.103000e+01
6.103000e+01
6.103000e+01
6.009000e+01
6.009000e+01
6.009000e+01
6.009000e+01
6.009000e+01
6.343000e+01
6.343000e+01
6.343000e+01
6.343000e+01
6.290000e+01
6.290000e+01
6.290000e+01
6.263000e+01
6.263000e+01
6.251000e+01
6.251000e+01
5.767000e+01
5.767000e+01
5.767000e+01
64
64
6.396000e+01
6.396000e+01
6.396000e+01
6.396000e+01
6.396000e+01
6.241000e+01
6.241000e+01
6.221000e+01
6.221000e+01
6.135000e+01
6.135000e+01
6.135000e+01
5.972000e+01
5.972000e+01
5.868000e+01
5.868000e+01
5.868000e+01
5.868000e+01
5.868000e+01
5.633000e+01
5.633000e+01
5.610000e+01
5.610000e+01
5.385000e+01
5.385000e+01
5.385000e+01
5.385000e+01
5.385000e+01
5.385000e+01
5.385000e+01
5.385000e+01
5.385000e+01
5.385000e+01
5.808000e+01
5.808000e+01
5.792000e+01
5.792000e+01
5.837000e+01
5.837000e+01
5.837000e+01
5.837000e+01
5.837000e+01
5.730000e+01
5.730000e+01
5.730000e+01
5.730000e+01
5.730000e+01
5.594000e+01
5.594000e+01
5.612000e+01
5.612000e+01
5.602000e+01
5.602000e+01
5.602000e+01
5.602000e+01
5.602000e+01
5.602000e+01
5.602000e+01
5.602000e+01
5.602000e+01
5.602000e+01
5.521000e+01
5.521000e+01
5.521000e+01
5.521000e+01
5.565000e+01
5.565000e+01
5.565000e+01
5.597000e+01
5.597000e+01
54
54
5.655000e+01
5.655000e+01
5.655000e+01
56
56
58
58
55
55
55
55
55
55
55
55
55
55
56
56
54
54
54
54
54
55
55
55
55
55
55
55
5.541000e+01
5.541000e+01
5.533000e+01
5.533000e+01
5.486000e+01
5.486000e+01
5.486000e+01
5.512000e+01
5.512000e+01
3.198000e+01
3.198000e+01
6.069000e+01
6.069000e+01
6.069000e+01
5.899000e+01
5.899000e+01
5.899000e+01
5.899000e+01
5.911000e+01
5.911000e+01
5.911000e+01
5.837000e+01
5.837000e+01
5.870000e+01
5.870000e+01
5.724000e+01
5.724000e+01
5.724000e+01
5.683000e+01
5.683000e+01
5.720000e+01
5.720000e+01
5.739000e+01
5.739000e+01
5.739000e+01
5.685000e+01
5.685000e+01
5.685000e+01
5.685000e+01
5.755000e+01
5.755000e+01
5.755000e+01
5.714000e+01
5.714000e+01
5.685000e+01
5.685000e+01
5.635000e+01
5.635000e+01
5.635000e+01
5.589000e+01
5.589000e+01
5.553000e+01
5.553000e+01
5.599000e+01
5.599000e+01
5.599000e+01
5.141000e+01
5.141000e+01
4.910000e+01
4.910000e+01
4.910000e+01
4.910000e+01
4.910000e+01
5.036000e+01
5.036000e+01
4.682000e+01
4.682000e+01
4.730000e+01
4.730000e+01
4.730000e+01
4.686000e+01
4.686000e+01
4.779000e+01
4.779000e+01
4.650000e+01
4.650000e+01
4.650000e+01
5.494000e+01
5.494000e+01
5.385000e+01
5.385000e+01
5.507000e+01
5.507000e+01
5.507000e+01
5.523000e+01
5.523000e+01
5.523000e+01
5.523000e+01
5.598000e+01
5.598000e+01
5.598000e+01
5.318000e+01
5.318000e+01
2.903000e+01
2.903000e+01
2.941000e+01
2.941000e+01
2.941000e+01
2.941000e+01
2.941000e+01
2.941000e+01
2.941000e+01
2.941000e+01
2.941000e+01
2.941000e+01
4.657000e+01
4.657000e+01
5.530000e+01
5.530000e+01
5.530000e+01
5.530000e+01
5.530000e+01
5.488000e+01
5.488000e+01
6.407000e+01
6.407000e+01
5.204000e+01
5.204000e+01
5.204000e+01
5.476000e+01
5.476000e+01
4.337000e+01
4.337000e+01
4.508000e+01
4.508000e+01
4.508000e+01
4.678000e+01
4.678000e+01
3.152000e+01
3.152000e+01
3.152000e+01
