0
0
0
0
0
0
0
0
0
0
0
0
0
0
0
0
0
0
0
0
0
0
0
0
0
0
0
0
0
0
0
0
0
0
0
0
0
0
0
0
0
0
0
0
0
0
0
0
0
0
0
0
0
0
0
0
0
0
0
0
0
0
0
0
0
0
0
0
0
0
0
0
0
0
0
0
0
0
0
0
0
0
0
0
0
0
0
0
0
0
0
0
0
0
0
0
0
0
0
0
0
0
0
0
0
0
0
0
0
0
0
0
0
0
0
0
0
0
0
0
0
0
0
0
0
0
0
0
0
0
0
0
0
0
0
0
0
0
0
0
0
0
0
0
0
0
0
0
0
0
0
0
0
0
0
0
0
0
0
0
0
0
0
0
0
0
0
0
0
0
0
0
0
0
0
0
0
0
0
0
0
0
0
0
0
0
0
0
0
0
0
0
0
0
0
0
0
0
0
0
0
0
0
0
0
0
0
0
0
0
0
0
0
0
0
0
0
0
0
0
0
0
0
0
0
0
0
0
0
0
0
0
0
0
0
0
0
0
0
0
0
0
0
0
0
0
0
0
0
0
0
0
0
0
0
0
0
0
0
0
0
0
0
0
0
0
0
0
0
0
0
0
0
0
0
0
0
0
0
0
0
0
0
0
0
0
0
0
0
0
0
0
0
0
0
0
0
0
0
0
0
0
0
0
0
0
0
0
0
0
0
0
0
0
0
0
0
0
0
0
0
0
0
0
0
0
0
0
0
0
0
0
0
0
0
0
0
0
0
0
0
0
0
0
0
0
0
0
0
0
0
0
0
0
0
0
0
0
0
0
0
0
0
0
0
0
0
0
0
0
0
0
0
0
0
0
0
0
0
0
0
0
0
0
0
0
0
0
0
0
0
0
0
0
0
0
0
0
0
0
0
0
0
0
0
0
0
0
0
0
0
0
0
0
0
0
0
0
0
0
0
0
0
0
0
0
0
0
0
0
0
0
0
0
0
0
0
0
0
0
0
0
0
0
0
0
0
0
0
0
0
0
0
0
0
0
0
0
0
0
0
0
0
0
0
0
0
0
0
0
0
0
0
0
0
0
0
0
0
0
0
0
0
0
0
0
0
0
0
0
475
472
480
488
478
475
498
493
492
490
499
503
501
500
447
498
461
459
456
453
451
445
489
479
471
472
471
475
389
389
440
445
437
445
438
433
466
426
433
436
416
429
418
424
423
421
419
417
398
409
402
405
401
402
401
397
389
392
386
387
388
384
381
383
380
379
376
372
373
371
369
370
371
375
351
370
369
370
367
368
377
380
377
374
344
340
336
344
348
358
351
355
337
338
309
343
360
382
394
387
371
322
398
392
417
419
389
411
402
277
259
234
259
235
254
238
250
249
240
237
229
225
230
228
325
295
259
278
293
248
242
252
254
204
253
243
245
188
179
177
170
171
166
169
157
162
130
155
186
198
182
147
131
146
130
143
131
139
137
132
134
129
126
310
126
129
125
88
121
557
187
350
211
167
167
167
233
410
272
205
199
381
435
236
182
187
201
217
231
215
217
217
164
265
199
194
205
213
222
199
209
194
221
221
169
226
211
228
181
189
224
213
236
185
1.857000e+02
182
182
80
172
167
184
165
175
153
155
207
156
184
1.646000e+02
163
163
180
134
106
108
105
96
100
112
72
81
144
127
1.575000e+02
146
163
153
143
152
231
135
119
108
164
129
148
144
124
162
120
1.278000e+02
1.278000e+02
1.278000e+02
131
151
126
121
95
141
106
135
116
116
120
123
125
123
105
123
131
101
135
126
108
131
129
107
127
126
123
117
124
118
129
120
119
279
120
134
132
122
120
113
118
131
117
126
123
112
121
123
131
108
126
113
113
113
113
123
127
129
134
125
117
123
111
124
112
112
127
114
120
120
120
75
114
114
108
112
108
76
68
71
105
114
109
123
116
127
118
120
113
123
113
103
103
110
114
102
98
99
110
100
106
111
123
107
115
108
111
107
101
100
112
100
99
116
101
112
106
109
99
101
110
108
100
99
127
127
131
126
123
123
98
98
112
118
95
103
120
105
95
99
100
117
89
91
108
104
95
88
92
92
92
101
99
94
99
93
96
99
75
106
94
99
91
91
100
100
94
81
81
88
80
83
75
91
123
81
108
99
90
91
91
91
78
104
95
92
104
104
94
100
99
103
111
104
106
87
100
95
112
110
94
81
81
78
85
90
90
84
89
91
75
74
82
84
90
84
75
86
81
81
84
81
81
81
44
46
41
40
84
80
85
81
81
90
90
81
78
78
78
78
8
12
40
43
66
60
68
72
77
56
53
56
45
56
62
71
52
48
61
61
56
61
42
58
52
61
58
62
68
70
70
59
57
52
59
65
74
74
74
74
74
74
74
74
74
74
74
74
74
74
74
74
74
74
74
74
74
74
74
74
74
74
74
74
74
74
74
74
74
74
74
74
74
74
74
74
74
74
74
74
74
74
74
74
74
74
74
74
74
74
74
74
74
74
74
74
74
74
74
74
74
74
74
74
74
74
74
74
74
74
74
74
74
74
14
14
14
14
14
14
14
14
14
14
14
14
14
14
14
14
14
14
14
14
14
14
14
14
14
14
14
14
14
14
14
14
14
14
14
14
14
14
14
14
14
14
14
14
14
14
14
14
14
14
14
14
14
14
14
14
14
14
14
14
14
14
14
14
14
14
14
14
14
14
14
14
14
14
14
14
14
14
14
14
14
14
14
14
14
14
14
14
14
14
14
14
14
14
14
14
14
14
14
14
14
14
14
14
14
14
14
14
14
14
14
14
14
14
14
14
14
14
14
79
80
80
80
80
80
80
82
80
76
76
76
76
76
75
60
72
63
64
64
64
68
70
77
77
80
80
80
79
154
165
165
158
158
158
160
160
160
160
160
160
160
160
160
156
150
162
162
162
156
166
166
166
166
166
166
160
160
160
172
156
156
156
156
162
169
169
157
157
157
170
174
174
174
174
174
174
174
174
174
174
174
174
174
175
174
114
114
114
114
114
169
375
198
351
351
351
351
205
158
66
66
272
272
272
272
99
100
100
100
100
100
78
108
117
117
95
95
95
95
100
94
94
92
92
92
99
106
106
106
106
106
106
66
66
66
66
66
66
66
66
66
66
66
66
66
66
66
66
89
89
89
89
89
88
88
88
88
88
88
88
80
80
145
145
134
134
134
134
134
85
85
85
85
85
56
56
92
92
92
92
92
92
92
92
92
78
78
78
78
70
84
84
110
110
110
198
168
158
158
236
236
236
230
99
79
79
79
79
79
112
112
112
113
96
96
96
96
329
329
329
107
107
107
418
418
418
418
94
94
94
94
94
94
94
72
72
72
91
91
91
91
91
91
91
91
72
72
72
59
59
59
79
79
79
95
95
95
95
95
95
95
95
95
95
95
82
82
90
90
85
85
85
85
85
85
85
107
107
107
107
107
107
107
107
107
107
107
107
107
107
107
107
107
107
107
107
107
107
107
107
107
107
107
107
107
107
107
107
107
107
107
107
107
107
107
107
107
107
107
107
107
107
107
107
107
107
107
107
107
107
107
107
107
107
107
107
107
107
107
107
107
107
107
107
107
107
107
107
107
107
107
107
107
107
107
107
107
107
107
107
107
107
107
107
107
107
107
107
107
107
107
107
107
107
107
107
107
107
107
107
107
107
107
107
107
107
107
107
107
107
107
107
107
107
107
107
107
107
107
107
107
107
107
107
107
107
107
107
107
107
107
107
107
107
107
107
107
107
107
107
107
107
107
107
107
107
107
107
107
107
107
107
107
107
107
107
107
107
107
107
107
107
107
107
107
107
107
107
107
107
107
107
107
107
107
107
107
107
107
107
107
107
107
107
107
107
107
107
107
107
107
107
107
107
107
107
107
107
107
107
107
107
107
107
107
107
107
107
107
107
107
107
107
107
107
107
107
107
107
107
107
107
107
107
107
107
107
107
107
107
107
107
107
107
107
107
107
107
107
107
107
107
107
107
107
107
107
107
107
107
107
107
107
107
107
107
107
107
107
107
107
107
107
107
107
107
107
107
107
107
107
107
107
107
107
107
107
107
107
107
107
107
107
107
107
107
107
107
107
107
107
107
107
107
107
107
107
107
107
107
107
107
107
107
107
107
107
107
107
107
107
107
107
107
107
107
107
107
107
107
107
107
107
107
107
107
107
107
107
107
107
107
107
107
107
107
107
107
107
107
107
107
107
107
107
107
107
107
107
107
107
107
107
107
107
107
107
107
107
107
107
107
107
107
107
107
107
107
107
107
107
107
107
107
107
107
107
107
107
107
107
107
107
107
107
107
107
107
107
107
107
107
107
107
107
107
107
107
107
107
107
107
107
107
107
107
107
107
107
107
107
107
107
107
107
107
107
107
107
107
107
107
107
107
107
107
107
107
107
107
107
107
107
107
107
107
107
107
107
107
107
107
107
107
107
107
107
107
107
107
107
107
107
107
107
107
107
107
107
107
107
107
107
107
107
107
107
107
107
107
107
107
107
107
107
107
107
107
107
107
107
107
107
107
107
107
107
107
107
107
107
107
107
107
107
107
107
107
107
107
107
107
107
107
107
107
107
107
107
107
107
107
107
107
107
107
107
107
107
107
107
107
107
107
107
107
107
107
107
107
107
107
107
107
107
107
107
107
107
107
107
107
107
107
107
107
107
107
107
107
107
107
107
107
107
107
107
107
107
107
107
107
107
107
107
107
107
107
107
107
16
16
16
16
16
60
60
63
63
63
63
63
63
63
63
63
63
63
63
63
63
63
63
63
63
63
63
63
63
63
63
63
63
63
63
63
63
63
63
63
63
63
63
63
63
63
63
63
63
63
63
63
63
63
63
63
63
63
63
63
63
63
63
63
63
63
63
63
63
63
63
63
63
63
63
63
63
63
63
63
63
63
63
63
63
63
63
63
63
63
63
63
63
63
63
63
63
63
63
63
63
63
63
63
63
63
63
63
63
63
63
63
63
63
63
63
63
63
63
63
63
63
63
63
63
63
63
63
63
63
63
63
63
63
63
63
63
63
63
63
63
63
63
63
63
63
63
63
63
63
63
63
63
63
63
63
63
63
63
63
63
63
63
63
63
63
63
63
63
63
63
63
63
63
63
63
63
63
63
63
63
63
63
63
63
63
63
63
63
63
63
63
63
63
63
63
63
63
63
63
63
63
63
63
63
63
63
63
63
63
63
63
63
63
63
63
63
63
63
63
63
63
63
63
63
63
63
63
63
63
63
63
63
63
63
63
63
63
63
63
63
63
63
63
63
63
63
63
63
63
63
63
63
63
63
63
63
63
63
63
63
63
63
63
63
63
63
63
63
63
63
63
63
63
63
63
63
63
63
63
63
63
63
63
63
63
63
63
63
63
63
63
63
63
63
63
63
63
63
63
63
63
63
63
63
63
63
63
63
63
63
63
63
63
63
63
63
63
63
63
63
63
63
63
63
63
63
63
63
63
63
63
63
63
63
63
63
63
63
63
63
63
63
63
63
63
63
63
63
63
63
63
63
63
63
63
63
63
63
63
63
63
63
63
63
63
63
63
63
63
63
63
63
63
63
63
63
63
63
63
63
63
63
63
63
63
63
63
63
63
63
63
63
63
63
63
63
63
63
63
63
63
63
63
63
63
63
63
63
63
63
63
63
63
63
63
63
63
63
63
63
63
63
63
63
63
63
63
63
63
63
63
63
63
63
63
63
63
63
63
63
63
63
63
63
63
63
63
63
63
63
63
63
63
63
63
63
63
63
63
63
63
63
63
63
63
63
63
63
63
63
63
63
63
63
63
63
63
63
63
63
63
63
63
63
63
63
63
63
63
63
63
63
63
63
63
63
63
63
63
63
63
63
63
63
63
63
63
63
63
63
63
63
63
63
63
63
63
63
63
63
63
63
63
63
63
63
63
63
63
63
63
63
63
63
63
63
63
63
63
63
63
63
63
63
63
63
63
63
63
63
63
63
63
63
63
63
63
63
63
63
63
63
63
63
63
63
63
63
63
63
63
63
63
63
63
63
63
63
63
63
63
63
63
63
63
63
63
63
63
63
63
63
63
63
63
63
63
63
63
63
63
63
63
63
63
63
63
63
63
63
63
63
63
63
63
63
63
63
63
63
63
63
63
63
63
63
63
63
63
63
63
63
63
63
63
63
63
63
63
63
63
63
63
63
63
63
63
63
63
63
63
63
63
63
63
63
63
63
63
63
63
63
63
63
63
63
63
63
63
63
63
63
63
63
63
63
63
63
63
63
63
63
63
63
63
63
63
63
63
63
63
63
63
63
63
63
63
63
63
63
63
63
63
63
63
63
63
63
63
63
63
63
63
63
63
63
63
63
63
63
63
63
63
63
63
63
63
63
63
63
63
63
63
63
63
63
63
63
63
63
63
63
63
63
63
63
63
63
63
