0
0
0
0
0
0
0
0
0
0
0
0
0
0
0
0
0
0
0
0
0
0
0
0
0
0
0
0
0
0
0
0
0
0
0
0
0
0
0
0
0
0
0
0
0
0
0
0
0
0
0
0
0
0
0
0
0
0
0
0
0
0
0
0
0
0
0
0
0
0
0
0
0
0
0
0
0
0
0
0
0
0
0
0
0
0
0
0
0
0
0
0
0
0
0
0
0
0
0
0
0
0
0
0
0
0
0
0
0
0
0
0
0
0
0
0
0
0
0
0
0
0
0
0
0
0
0
0
0
0
0
0
0
0
0
0
0
0
0
0
0
0
0
0
0
0
0
0
0
0
0
0
0
0
0
0
0
0
0
0
0
0
0
0
0
0
0
0
0
0
0
0
0
0
0
0
0
0
0
0
0
0
0
0
0
0
0
0
0
0
0
0
0
0
0
0
0
0
0
0
0
0
0
0
0
0
0
0
0
0
0
0
0
0
0
0
0
0
0
0
0
0
0
0
0
0
0
0
0
0
0
0
0
0
0
0
0
0
0
0
0
0
0
0
0
0
0
0
0
0
0
0
0
0
0
0
0
0
0
0
0
0
0
0
0
0
0
0
0
0
0
0
0
0
0
0
0
0
0
0
0
0
0
0
0
0
0
0
0
0
0
0
0
0
0
0
0
0
0
0
0
0
0
0
0
0
0
0
0
0
0
0
0
0
0
0
0
0
0
0
0
0
0
0
0
0
0
0
0
0
0
0
0
0
0
0
0
0
0
0
0
0
0
0
0
0
0
0
0
0
0
0
0
0
0
0
0
0
0
0
0
0
0
0
0
0
0
0
0
0
0
0
0
0
0
0
0
0
0
0
0
0
0
0
0
0
0
0
0
0
0
0
0
0
0
0
0
0
0
0
0
0
0
0
0
0
0
0
0
0
0
0
0
0
0
0
0
0
0
0
0
0
0
0
0
0
0
0
0
0
0
0
0
0
0
0
0
0
0
0
0
0
0
0
0
0
0
0
0
0
0
0
0
0
0
0
0
0
0
0
0
0
0
0
0
0
0
0
0
0
0
0
0
0
0
0
0
0
0
0
0
0
0
0
0
0
0
0
0
0
1.300000e-01
7.000000e-02
1.000000e-01
4.800000e-01
8.600000e-01
2.680000e+00
6.350000e+00
9.180000e+00
1.175000e+01
1.409000e+01
1.632000e+01
1.824000e+01
1.857000e+01
2.101000e+01
2.304000e+01
2.454000e+01
2.690000e+01
2.790000e+01
2.926000e+01
3.190000e+01
3.347000e+01
3.604000e+01
4.132000e+01
4.248000e+01
4.390000e+01
4.446000e+01
4.545000e+01
4.540000e+01
4.754000e+01
3.135000e+01
1.482000e+01
4.390000e+01
5.128000e+01
5.646000e+01
5.574000e+01
5.680000e+01
5.742000e+01
5.935000e+01
6.026000e+01
6.657000e+01
6.706000e+01
6.824000e+01
6.983000e+01
6.528000e+01
6.848000e+01
7.393000e+01
7.643000e+01
7.880000e+01
8.251000e+01
8.226000e+01
8.367000e+01
81
8.335000e+01
8.611000e+01
9.081000e+01
9.332000e+01
9.596000e+01
9.697000e+01
9.915000e+01
9.720000e+01
9.237000e+01
9.350000e+01
9.652000e+01
9.801000e+01
1.031100e+02
1.067500e+02
1.070300e+02
1.036000e+02
1.076500e+02
1.103500e+02
1.171200e+02
1.108600e+02
1.130600e+02
1.125900e+02
1.163800e+02
1.081600e+02
1.108900e+02
1.194900e+02
1.219900e+02
1.214700e+02
1.241300e+02
1.300700e+02
1.283400e+02
1.258400e+02
1.249900e+02
1.254000e+02
1.309300e+02
1.402900e+02
1.437300e+02
1.391900e+02
1.424100e+02
1.452300e+02
1.499600e+02
1.474500e+02
1.461500e+02
1.500300e+02
1.477500e+02
1.496000e+02
1.506400e+02
1.396600e+02
1.360500e+02
1.171600e+02
1.187000e+02
1.233000e+02
1.226400e+02
1.332300e+02
1.316800e+02
1.407900e+02
1.521700e+02
1.702400e+02
1.675300e+02
1.705800e+02
1.874800e+02
1.896100e+02
1.929500e+02
2.083500e+02
2.031700e+02
2.071300e+02
2.092000e+02
2.112000e+02
2.122300e+02
2.143900e+02
2.238300e+02
2.485100e+02
2.501700e+02
2.551500e+02
2.574400e+02
2.528100e+02
2.454500e+02
2.472200e+02
2.464200e+02
2.501700e+02
2.427000e+02
2.372700e+02
2.373100e+02
2.428500e+02
2.437000e+02
2.531400e+02
2.505300e+02
2.633000e+02
2.613400e+02
2.637900e+02
2.701000e+02
2.733100e+02
2.645600e+02
2.625000e+02
2.629000e+02
2.630400e+02
2.645000e+02
2.578600e+02
2.555000e+02
2.569000e+02
2.641000e+02
2.687000e+02
2.719000e+02
2.739000e+02
277
280
287
282
2.873400e+02
2.893200e+02
293
2.963600e+02
2.971100e+02
2.993700e+02
3.028000e+02
3.056000e+02
2.935000e+02
2.745700e+02
275
2.811700e+02
3.085800e+02
3.275800e+02
3.198200e+02
3.188300e+02
3.181500e+02
3.127000e+02
3.058400e+02
2.722600e+02
2.628000e+02
2.663700e+02
2.561000e+02
2.406200e+02
2.469200e+02
2.505200e+02
2.526900e+02
2.514600e+02
253
2.521100e+02
2.502800e+02
2.492200e+02
2.870200e+02
2.473600e+02
2.358000e+02
2.445000e+02
2.363000e+02
2.252800e+02
2.211100e+02
2.058700e+02
2.112400e+02
2.520900e+02
2.224700e+02
2.120500e+02
2.118600e+02
2.123300e+02
2.134700e+02
2.120100e+02
2.508500e+02
2.668100e+02
1.989900e+02
2.096400e+02
2.056100e+02
2.348300e+02
2.767000e+02
2.932600e+02
2.901600e+02
2.882400e+02
2.790300e+02
2.775900e+02
2.798300e+02
2.832000e+02
2.838400e+02
2.841800e+02
2.704300e+02
2.585500e+02
2.529700e+02
2.561300e+02
2.551100e+02
2.543100e+02
2.570800e+02
2.406200e+02
1.496100e+02
1.178800e+02
1.172500e+02
1.153300e+02
1.147500e+02
112
1.105000e+02
1.102000e+02
1.087600e+02
1.062400e+02
1.093800e+02
1.119700e+02
1.130100e+02
1.143500e+02
1.157900e+02
1.153500e+02
1.163900e+02
1.182800e+02
1.216900e+02
1.229000e+02
1.241500e+02
1.254300e+02
1.254900e+02
1.263500e+02
1.254600e+02
1.296200e+02
1.359600e+02
1.388400e+02
1.390600e+02
0
0
1.544900e+02
1.521400e+02
1.530800e+02
1.481200e+02
1.811000e+02
1.725500e+02
1.332400e+02
1.288800e+02
1.311000e+02
1.390200e+02
1.405000e+02
1.400600e+02
1.418700e+02
1.397500e+02
1.431400e+02
1.473800e+02
1.483200e+02
1.526200e+02
1.558000e+02
1.602000e+02
1.425500e+02
1.307500e+02
1.296400e+02
1.292200e+02
1.296500e+02
1.290300e+02
1.292800e+02
1.299700e+02
1.299300e+02
1.311100e+02
1.314800e+02
1.321500e+02
1.320500e+02
1.342300e+02
1.359200e+02
1.363200e+02
1.349500e+02
1.364000e+02
1.397500e+02
1.465700e+02
1.510900e+02
1.500900e+02
1.510800e+02
1.561000e+02
1.523000e+02
1.478000e+02
1.418300e+02
1.432000e+02
1.450500e+02
1.458500e+02
1.514900e+02
1.481000e+02
1.563300e+02
1.563300e+02
1.639800e+02
1.604600e+02
1.662300e+02
1.718100e+02
1.709300e+02
1.684900e+02
1.688300e+02
1.714400e+02
1.725300e+02
1.713100e+02
1.734400e+02
1.770200e+02
1.765700e+02
1.787800e+02
1.804200e+02
1.804200e+02
1.804200e+02
1.959900e+02
1.931900e+02
1.900700e+02
1.881300e+02
1.912700e+02
1.705000e+02
1.611000e+02
1.615900e+02
1.606600e+02
1.620500e+02
1.667400e+02
1.716900e+02
1.766600e+02
1.768000e+02
1.794500e+02
1.831800e+02
1.840400e+02
1.852300e+02
1.840500e+02
1.783000e+02
1.741600e+02
1.738800e+02
1.722800e+02
1.751800e+02
1.800600e+02
1.819100e+02
1.775900e+02
1.764100e+02
1.745600e+02
1.732000e+02
1.727900e+02
1.785200e+02
1.643100e+02
1.549900e+02
1.554200e+02
1.563200e+02
1.644400e+02
1.760600e+02
1.753900e+02
1.731400e+02
1.732300e+02
1.750900e+02
186
1.822700e+02
1.820400e+02
1.819900e+02
1.815000e+02
1.815800e+02
1.825400e+02
1.879000e+02
1.901100e+02
1.833900e+02
1.759000e+02
1.846200e+02
1.807100e+02
1.836100e+02
1.874000e+02
1.872800e+02
1.897500e+02
1.912300e+02
1.985700e+02
2.037600e+02
1.985700e+02
2.068600e+02
2.009900e+02
2.052700e+02
2.087800e+02
2.077800e+02
2.022900e+02
1.994200e+02
2.050100e+02
2.066500e+02
2.070900e+02
1.698700e+02
1.565600e+02
1.555900e+02
1.552700e+02
1.548200e+02
1.548200e+02
1.548200e+02
1.605000e+02
1.661900e+02
1.693200e+02
1.721200e+02
1.722000e+02
1.741200e+02
1.780900e+02
1.788800e+02
1.724300e+02
1.686400e+02
1.713600e+02
1.725400e+02
1.725400e+02
1.677600e+02
1.671400e+02
1.728000e+02
1.726500e+02
1.726500e+02
1.785400e+02
1.760400e+02
1.719700e+02
1.634400e+02
1.670600e+02
1.654100e+02
1.606100e+02
1.653600e+02
1.675500e+02
1.696100e+02
1.779300e+02
1.779300e+02
1.779300e+02
1.844200e+02
1.841300e+02
1.853800e+02
1.885100e+02
2.044500e+02
2.044500e+02
1.972500e+02
1.960600e+02
1.967500e+02
1.886400e+02
1.798200e+02
1.684900e+02
1.794600e+02
1.879600e+02
1.935100e+02
1.899400e+02
1.763200e+02
1.765200e+02
1.769300e+02
1.911500e+02
1.977700e+02
1.959800e+02
2.051000e+02
2.067000e+02
2.101300e+02
2.104500e+02
2.094800e+02
2.112500e+02
2.125700e+02
2.090700e+02
2.071700e+02
2.041200e+02
2.000900e+02
2.023100e+02
2.135800e+02
2.171200e+02
2.136600e+02
2.141800e+02
2.124200e+02
2.057500e+02
2.057500e+02
2.057500e+02
2.040200e+02
2.060600e+02
2.055000e+02
2.054400e+02
2.043500e+02
2.006800e+02
2.006400e+02
1.998200e+02
2.020700e+02
2.039900e+02
2.022600e+02
2.011800e+02
1.996800e+02
1.996800e+02
1.537900e+02
1.388100e+02
1.390200e+02
1.437300e+02
1.471300e+02
1.512200e+02
1.511400e+02
1.543100e+02
1.549800e+02
1.572900e+02
1.611100e+02
1.629400e+02
1.656000e+02
1.666800e+02
1.734000e+02
1.706800e+02
1.698900e+02
1.775200e+02
1.803400e+02
1.795200e+02
1.753300e+02
1.799300e+02
1.776200e+02
1.799200e+02
1.808600e+02
1.818300e+02
1.810900e+02
1.767100e+02
1.725300e+02
1.642300e+02
1.559700e+02
1.656000e+02
1.686800e+02
1.684700e+02
1.638700e+02
1.613600e+02
1.650900e+02
1.684100e+02
1.703600e+02
1.694800e+02
0
0
0
0
0
0
0
0
0
0
0
0
0
0
0
0
0
0
0
0
69
78
104
107
90
97
111
118
109
108
112
142
1.320455e+02
1.363986e+02
1.407517e+02
136
136
138
131
131
131
125
116
107
117
120
120
120
116
116
118
117
107
107
107
102
109
109
25
25
25
25
25
25
25
17
42
42
42
42
24
24
98
98
98
98
103
98
100
71
41
72
41
89
98
97
97
96
98
97
97
97
93
95
96
96
50
50
50
56
92
98
98
98
64
70
20
18
93
93
93
93
18
51
51
51
51
51
49
41
94
97
130
130
130
102
92
61
96
106
106
106
107
102
104
57
72
72
72
93
93
98
0
28
28
28
103
101
101
21
79
79
79
83
83
83
83
0
0
0
0
0
0
0
0
0
0
0
0
0
0
0
0
0
0
0
0
0
0
0
0
0
0
0
0
0
0
0
0
0
0
0
0
0
0
0
0
0
0
0
0
0
1.557300e+02
1.570800e+02
1.575800e+02
1.579400e+02
1.577900e+02
1.577900e+02
1.577900e+02
1.550400e+02
1.544800e+02
156
1.566600e+02
1.571900e+02
1.571900e+02
1.571900e+02
1.568600e+02
1.561500e+02
1.565100e+02
1.565100e+02
1.563800e+02
1.563800e+02
1.563800e+02
1.528100e+02
1.524000e+02
1.530900e+02
1.530900e+02
1.544200e+02
1.544200e+02
1.544200e+02
1.543500e+02
1.543500e+02
1.543500e+02
1.543500e+02
1.497700e+02
1.497700e+02
1.497700e+02
1.506700e+02
1.518300e+02
1.527000e+02
1.568400e+02
1.564200e+02
1.564200e+02
1.564200e+02
1.588500e+02
1.595100e+02
1.576000e+02
1.576000e+02
1.576000e+02
1.576000e+02
1.576000e+02
1.556200e+02
1.556200e+02
1.556200e+02
1.492000e+02
1.478900e+02
1.478900e+02
1.478900e+02
1.478900e+02
1.350300e+02
1.397200e+02
1.397200e+02
1.484100e+02
1.484100e+02
1.484100e+02
1.503500e+02
1.516500e+02
1.482700e+02
1.482700e+02
1.482700e+02
1.482700e+02
1.482700e+02
1.482700e+02
1.482700e+02
1.482700e+02
1.482700e+02
1.482700e+02
1.482700e+02
1.482700e+02
1.489500e+02
148
1.541200e+02
1.541200e+02
1.541200e+02
1.541200e+02
1.541200e+02
1.542100e+02
1.551000e+02
154
1.521000e+02
142
142
142
141
1.339400e+02
1.399000e+02
1.403100e+02
1.355800e+02
1.355800e+02
1.355800e+02
1.374500e+02
1.400200e+02
1.399400e+02
1.411200e+02
1.411900e+02
1.411900e+02
1.411900e+02
1.424400e+02
1.416800e+02
143
143
1.438700e+02
1.438700e+02
1.438700e+02
1.438700e+02
1.448400e+02
143
1.458800e+02
1.487600e+02
1.487600e+02
1.487600e+02
1.543600e+02
162
162
1.656000e+02
1.656000e+02
1.656000e+02
1.656000e+02
1.522300e+02
1.522300e+02
1.553800e+02
1.536500e+02
1.536500e+02
1.536500e+02
1.536500e+02
154
1.544900e+02
1.544900e+02
1.544900e+02
1.544900e+02
1.544900e+02
1.544900e+02
1.544900e+02
1.544900e+02
1.675800e+02
1.635100e+02
1.635100e+02
1.635100e+02
1.635100e+02
1.634200e+02
1.624300e+02
1.614500e+02
1.619000e+02
1.619000e+02
1.619000e+02
1.619000e+02
1.632700e+02
1.633300e+02
1.636800e+02
1.623800e+02
1.589100e+02
1.589100e+02
1.589100e+02
1.567000e+02
1.562500e+02
1.547000e+02
1.549700e+02
1.525800e+02
1.525800e+02
1.525800e+02
1.526300e+02
1.484000e+02
1.467500e+02
1.467500e+02
1.471100e+02
1.471100e+02
1.471100e+02
1.503200e+02
1.505600e+02
1.508300e+02
1.493300e+02
1.479900e+02
1.479900e+02
1.479900e+02
1.525300e+02
1.505900e+02
1.424400e+02
1.377900e+02
1.382300e+02
1.382300e+02
1.382300e+02
1.351900e+02
1.332700e+02
1.353100e+02
7.788000e+01
1.097800e+02
1.097800e+02
1.097800e+02
1.454900e+02
140
1.365800e+02
1.362600e+02
1.408900e+02
1.408900e+02
1.408900e+02
1.347300e+02
1.352500e+02
1.358800e+02
1.303800e+02
1.323700e+02
1.323700e+02
1.323700e+02
1.323700e+02
133
133
1.325600e+02
1.338100e+02
1.338100e+02
1.338100e+02
1.324600e+02
1.353500e+02
1.333700e+02
1.323200e+02
1.321400e+02
1.321400e+02
1.321400e+02
1.302900e+02
1.296600e+02
1.296600e+02
1.319800e+02
1.326200e+02
1.326200e+02
1.326200e+02
1.348100e+02
1.351700e+02
1.327600e+02
1.313100e+02
1.357100e+02
1.357100e+02
1.357100e+02
1.344200e+02
1.353600e+02
1.339900e+02
1.338200e+02
1.394700e+02
1.394700e+02
1.394700e+02
1.363100e+02
1.375900e+02
1.403100e+02
1.388600e+02
1.409400e+02
1.409400e+02
1.409400e+02
1.409400e+02
1.409400e+02
1.457000e+02
1.495600e+02
1.489200e+02
1.489200e+02
1.489200e+02
1.464400e+02
1.468100e+02
1.463100e+02
1.472400e+02
1.473400e+02
1.473400e+02
1.473400e+02
1.427800e+02
1.447600e+02
1.418100e+02
1.384900e+02
1.432900e+02
1.432900e+02
1.432900e+02
1.454900e+02
1.518600e+02
1.542300e+02
1.511900e+02
1.356100e+02
1.356100e+02
1.356100e+02
1.301500e+02
1.358200e+02
1.315100e+02
1.333500e+02
1.196200e+02
1.196200e+02
1.196200e+02
1.370600e+02
1.308600e+02
1.197700e+02
1.104300e+02
1.104300e+02
1.104300e+02
1.104300e+02
1.179300e+02
1.186400e+02
1.114900e+02
1.080500e+02
1.154700e+02
1.154700e+02
1.154700e+02
1.447800e+02
1.425800e+02
1.314600e+02
1.290300e+02
1.295700e+02
1.295700e+02
1.295700e+02
1.300600e+02
1.249000e+02
1.315000e+02
1.322200e+02
1.332300e+02
1.332300e+02
1.332300e+02
1.188200e+02
1.188200e+02
1.188200e+02
1.188200e+02
1.275600e+02
1.275600e+02
1.275600e+02
1.124700e+02
1.124700e+02
1.124700e+02
1.124700e+02
1.269200e+02
1.269200e+02
1.269200e+02
1.228000e+02
1.228000e+02
1.230800e+02
1.230800e+02
1.201800e+02
1.201800e+02
1.201800e+02
1.185700e+02
1.185700e+02
1.185700e+02
1.185700e+02
1.274300e+02
1.274300e+02
1.274300e+02
1.257500e+02
1.257500e+02
1.257500e+02
1.257500e+02
0
0
0
1.324200e+02
1.324200e+02
1.324200e+02
1.324200e+02
0
0
0
0
0
1.304200e+02
1.304200e+02
1.304200e+02
1.304200e+02
1.304200e+02
0
0
0
0
0
0
0
0
0
0
0
0
0
0
0
0
0
0
0
0
0
1.262800e+02
1.262800e+02
1.302100e+02
1.302100e+02
0
0
0
0
0
0
0
0
1.154100e+02
1.154100e+02
1.126900e+02
1.126900e+02
1.126900e+02
1.126900e+02
1.126900e+02
1.126900e+02
1.126900e+02
1.126900e+02
1.126900e+02
1.126900e+02
1.126900e+02
1.136900e+02
1.146900e+02
1.156900e+02
1.156900e+02
1.156900e+02
1.016700e+02
1.016700e+02
1.016700e+02
1.016700e+02
1.016700e+02
6.631000e+01
6.631000e+01
6.631000e+01
6.631000e+01
6.631000e+01
6.631000e+01
6.631000e+01
6.631000e+01
6.631000e+01
6.631000e+01
6.631000e+01
6.631000e+01
6.631000e+01
6.631000e+01
6.631000e+01
6.631000e+01
6.631000e+01
6.631000e+01
6.631000e+01
6.631000e+01
6.631000e+01
6.631000e+01
6.631000e+01
6.631000e+01
6.631000e+01
6.631000e+01
6.631000e+01
6.631000e+01
6.631000e+01
6.631000e+01
6.631000e+01
6.631000e+01
6.631000e+01
6.631000e+01
6.631000e+01
6.631000e+01
6.631000e+01
6.631000e+01
6.631000e+01
6.631000e+01
7.031000e+01
7.031000e+01
6.220000e+01
6.220000e+01
6.150000e+01
6.150000e+01
6.150000e+01
6.150000e+01
6.150000e+01
6.150000e+01
6.150000e+01
6.150000e+01
6.150000e+01
6.250000e+01
6.350000e+01
6.450000e+01
6.450000e+01
6.450000e+01
6.450000e+01
6.450000e+01
6.450000e+01
6.450000e+01
6.450000e+01
8.791000e+01
8.791000e+01
8.791000e+01
8.791000e+01
8.791000e+01
8.791000e+01
8.791000e+01
8.791000e+01
8.791000e+01
8.791000e+01
8.791000e+01
0
0
0
0
0
0
0
0
0
0
0
0
0
0
0
0
0
7.829000e+01
7.829000e+01
7.829000e+01
7.829000e+01
7.829000e+01
0
0
0
0
0
0
0
0
0
0
0
0
0
5.767000e+01
5.767000e+01
5.767000e+01
5.767000e+01
5.767000e+01
4.721000e+01
4.721000e+01
4.599000e+01
4.599000e+01
4.599000e+01
4.107000e+01
4.107000e+01
0
0
0
0
0
0
0
0
0
0
0
0
0
0
0
0
0
0
0
0
0
0
0
0
0
0
0
0
0
0
0
0
0
0
0
0
0
0
0
0
0
0
0
0
0
0
0
0
0
0
0
0
0
0
0
0
0
0
0
0
0
0
0
0
0
0
0
0
0
0
0
0
0
0
0
0
0
0
0
0
0
0
0
0
0
0
0
0
0
0
0
0
0
0
0
0
0
0
0
0
0
0
0
0
0
0
0
0
0
0
0
0
0
0
0
0
0
0
0
0
0
0
0
0
0
0
0
0
0
0
0
0
0
0
0
0
0
0
0
0
0
0
0
0
0
0
0
0
0
0
0
0
0
0
0
0
0
0
0
0
0
0
0
0
0
0
0
0
0
0
2.107000e+01
2.107000e+01
2.107000e+01
2.114000e+01
2.114000e+01
2.114000e+01
2.114000e+01
0
0
0
0
0
0
0
0
0
0
0
0
0
0
0
0
0
0
0
2.249000e+01
2.249000e+01
2.216000e+01
2.216000e+01
2.216000e+01
2.222000e+01
2.222000e+01
2.141000e+01
2.141000e+01
2.145000e+01
2.145000e+01
2.145000e+01
2.145000e+01
2.145000e+01
2.215000e+01
2.215000e+01
2.231000e+01
2.231000e+01
2.231000e+01
2.231000e+01
2.231000e+01
2.228000e+01
2.228000e+01
2.167000e+01
2.167000e+01
2.167000e+01
2.167000e+01
2.167000e+01
2.223000e+01
2.223000e+01
2.249000e+01
2.249000e+01
2.249000e+01
2.249000e+01
2.249000e+01
2.244000e+01
2.244000e+01
2.244000e+01
2.244000e+01
2.244000e+01
2.244000e+01
2.244000e+01
2.251000e+01
2.251000e+01
2.278000e+01
2.278000e+01
2.278000e+01
2.264000e+01
2.264000e+01
2.264000e+01
2.264000e+01
2.264000e+01
2.264000e+01
2.264000e+01
2.264000e+01
2.264000e+01
2.264000e+01
2.264000e+01
2.264000e+01
2.264000e+01
2.264000e+01
2.264000e+01
2.264000e+01
2.264000e+01
2.264000e+01
2.264000e+01
2.264000e+01
2.264000e+01
2.264000e+01
2.264000e+01
2.264000e+01
2.269000e+01
2.269000e+01
2.269000e+01
2.269000e+01
2.269000e+01
2.269000e+01
2.269000e+01
2.269000e+01
2.269000e+01
2.269000e+01
2.269000e+01
2.269000e+01
2.276000e+01
2.276000e+01
2.276000e+01
2.276000e+01
2.276000e+01
2.276000e+01
2.276000e+01
2.276000e+01
2.304000e+01
2.304000e+01
2.304000e+01
2.304000e+01
2.304000e+01
2.304000e+01
2.304000e+01
2.286000e+01
2.286000e+01
2.283000e+01
2.283000e+01
2.283000e+01
2.288000e+01
2.288000e+01
2.207000e+01
2.207000e+01
2.707000e+01
2.707000e+01
2.707000e+01
2.707000e+01
2.707000e+01
5.452000e+01
5.452000e+01
2.755000e+01
2.755000e+01
2.755000e+01
2.754000e+01
2.754000e+01
2.754000e+01
2.754000e+01
2.696000e+01
2.696000e+01
2.696000e+01
2.696000e+01
2.696000e+01
2.777000e+01
2.777000e+01
2.777000e+01
2.777000e+01
2.777000e+01
2.651000e+01
2.651000e+01
2.636000e+01
2.636000e+01
2.636000e+01
2.636000e+01
2.636000e+01
2.636000e+01
2.636000e+01
2.884000e+01
2.884000e+01
2.932000e+01
2.932000e+01
2.932000e+01
3.361000e+01
3.361000e+01
3.599000e+01
3.599000e+01
3.599000e+01
3.599000e+01
3.599000e+01
3.599000e+01
3.599000e+01
5.023000e+01
5.023000e+01
5.338000e+01
5.338000e+01
5.338000e+01
5.332000e+01
5.332000e+01
5.150000e+01
5.150000e+01
5.150000e+01
5.150000e+01
5.150000e+01
5.131000e+01
5.131000e+01
5.049000e+01
5.049000e+01
5.185000e+01
5.185000e+01
5.185000e+01
5.201000e+01
5.201000e+01
5.205000e+01
5.205000e+01
4.989000e+01
4.989000e+01
4.989000e+01
4.538000e+01
4.538000e+01
4.538000e+01
4.538000e+01
4.335000e+01
4.335000e+01
4.335000e+01
4.362000e+01
4.362000e+01
43
43
4.332000e+01
4.332000e+01
4.332000e+01
4.332000e+01
4.332000e+01
4.120000e+01
4.120000e+01
4.461000e+01
4.461000e+01
4.461000e+01
4.707000e+01
4.707000e+01
4.859000e+01
4.859000e+01
4.947000e+01
4.947000e+01
4.947000e+01
4.947000e+01
4.947000e+01
5.027000e+01
5.027000e+01
4.849000e+01
4.849000e+01
4.849000e+01
5.217000e+01
5.217000e+01
5.217000e+01
5.217000e+01
5.217000e+01
5.217000e+01
5.217000e+01
5.217000e+01
5.217000e+01
5.217000e+01
5.217000e+01
5.338000e+01
5.338000e+01
5.338000e+01
5.490000e+01
5.490000e+01
5.353000e+01
5.353000e+01
5.324000e+01
5.324000e+01
5.324000e+01
5.324000e+01
5.324000e+01
5.270000e+01
5.270000e+01
5.270000e+01
5.270000e+01
5.270000e+01
5.270000e+01
5.270000e+01
5.121000e+01
5.121000e+01
5.210000e+01
5.210000e+01
5.210000e+01
5.210000e+01
5.210000e+01
4.810000e+01
4.810000e+01
4.667000e+01
4.667000e+01
4.667000e+01
4.389000e+01
4.389000e+01
4.210000e+01
4.210000e+01
4.101000e+01
4.101000e+01
4.101000e+01
4.101000e+01
4.101000e+01
3.856000e+01
3.856000e+01
3.856000e+01
3.856000e+01
3.856000e+01
3.759000e+01
3.759000e+01
3.734000e+01
3.720000e+01
3.720000e+01
3.720000e+01
3.720000e+01
3.720000e+01
3.720000e+01
3.529000e+01
3.529000e+01
3.489000e+01
3.489000e+01
3.489000e+01
3.429000e+01
3.429000e+01
3.429000e+01
4.010000e+01
3.881000e+01
3.881000e+01
3.881000e+01
3.350000e+01
3.350000e+01
3.399000e+01
3.399000e+01
3.301000e+01
3.301000e+01
3.301000e+01
3.291000e+01
3.291000e+01
3.294000e+01
3.294000e+01
3.250000e+01
3.250000e+01
3.250000e+01
3.220000e+01
3.220000e+01
3.239000e+01
3.239000e+01
3.239000e+01
3.239000e+01
3.239000e+01
3.130000e+01
3.130000e+01
3.346000e+01
3.346000e+01
3.346000e+01
3.346000e+01
3.346000e+01
3.346000e+01
3.346000e+01
2.297000e+01
2.297000e+01
3.429000e+01
3.429000e+01
3.429000e+01
3.461000e+01
3.461000e+01
3.461000e+01
3.461000e+01
4.035000e+01
4.035000e+01
4.035000e+01
4.023000e+01
4.023000e+01
4.106000e+01
4.106000e+01
4.285000e+01
4.285000e+01
4.285000e+01
4.236000e+01
4.236000e+01
4.326000e+01
4.326000e+01
4.326000e+01
4.326000e+01
4.326000e+01
4.326000e+01
4.326000e+01
3.980000e+01
3.980000e+01
3.980000e+01
3.980000e+01
3.980000e+01
3.980000e+01
3.980000e+01
4.179000e+01
4.179000e+01
4.179000e+01
4.179000e+01
4.179000e+01
4.179000e+01
4.179000e+01
4.243000e+01
4.243000e+01
4.151000e+01
4.151000e+01
4.151000e+01
4.264000e+01
4.264000e+01
4.138000e+01
4.138000e+01
4.138000e+01
4.138000e+01
4.138000e+01
4.138000e+01
4.138000e+01
4.138000e+01
4.138000e+01
4.138000e+01
4.138000e+01
4.138000e+01
3.613000e+01
3.613000e+01
3.601000e+01
3.601000e+01
3.503000e+01
3.503000e+01
3.503000e+01
3.503000e+01
3.503000e+01
3.503000e+01
3.503000e+01
3.503000e+01
3.503000e+01
3.503000e+01
3.197000e+01
3.197000e+01
3.267000e+01
3.267000e+01
3.193000e+01
3.193000e+01
3.193000e+01
3.193000e+01
3.193000e+01
3.193000e+01
3.193000e+01
3.193000e+01
3.193000e+01
3.193000e+01
3.193000e+01
3.193000e+01
3.193000e+01
3.193000e+01
3.193000e+01
3.193000e+01
3.193000e+01
3.193000e+01
3.193000e+01
3.193000e+01
3.193000e+01
3.193000e+01
3.193000e+01
3.193000e+01
3.193000e+01
3.193000e+01
3.193000e+01
3.193000e+01
3.175000e+01
3.175000e+01
3.175000e+01
3.159000e+01
3.159000e+01
3.179000e+01
3.179000e+01
3.179000e+01
3.179000e+01
3.179000e+01
3.179000e+01
3.179000e+01
3.179000e+01
3.179000e+01
3.179000e+01
3.179000e+01
3.179000e+01
3.179000e+01
3.179000e+01
3.179000e+01
3.179000e+01
3.179000e+01
3.179000e+01
3.179000e+01
3.179000e+01
3.179000e+01
3.179000e+01
3.179000e+01
3.179000e+01
3.179000e+01
3.179000e+01
3.179000e+01
3.179000e+01
3.179000e+01
3.179000e+01
3.179000e+01
3.179000e+01
3.179000e+01
3.179000e+01
3.179000e+01
3.179000e+01
3.179000e+01
3.179000e+01
3.179000e+01
3.179000e+01
3.179000e+01
3.179000e+01
3.179000e+01
3.179000e+01
3.179000e+01
3.179000e+01
3.179000e+01
3.179000e+01
3.179000e+01
3.179000e+01
3.179000e+01
3.179000e+01
3.179000e+01
3.179000e+01
2.844000e+01
2.844000e+01
2.844000e+01
2.844000e+01
2.844000e+01
2.844000e+01
2.844000e+01
2.844000e+01
2.844000e+01
2.844000e+01
2.844000e+01
2.844000e+01
2.844000e+01
2.844000e+01
2.844000e+01
2.844000e+01
2.844000e+01
2.844000e+01
2.844000e+01
2.844000e+01
2.844000e+01
2.844000e+01
2.844000e+01
2.844000e+01
2.844000e+01
2.844000e+01
2.844000e+01
2.844000e+01
2.844000e+01
2.844000e+01
2.844000e+01
2.844000e+01
2.844000e+01
2.844000e+01
2.844000e+01
2.794000e+01
2.794000e+01
2.714000e+01
2.714000e+01
2.714000e+01
2.714000e+01
2.714000e+01
2.714000e+01
2.714000e+01
2.714000e+01
2.714000e+01
2.714000e+01
2.714000e+01
2.714000e+01
2.714000e+01
2.714000e+01
2.823000e+01
2.823000e+01
2.823000e+01
2.823000e+01
2.823000e+01
2.823000e+01
2.823000e+01
2.823000e+01
2.823000e+01
2.823000e+01
2.823000e+01
2.823000e+01
2.823000e+01
2.823000e+01
2.823000e+01
2.823000e+01
2.823000e+01
2.823000e+01
2.823000e+01
2.823000e+01
2.823000e+01
2.823000e+01
2.823000e+01
2.823000e+01
2.823000e+01
2.823000e+01
2.823000e+01
2.823000e+01
2.044000e+01
2.044000e+01
2.044000e+01
2.044000e+01
2.044000e+01
2.044000e+01
2.044000e+01
2.044000e+01
2.044000e+01
2.044000e+01
2.044000e+01
2.044000e+01
2.044000e+01
2.044000e+01
2.044000e+01
2.044000e+01
2.044000e+01
2.044000e+01
2.044000e+01
2.044000e+01
2.044000e+01
2.044000e+01
2.044000e+01
2.044000e+01
2.044000e+01
2.044000e+01
2.044000e+01
2.044000e+01
2.044000e+01
2.044000e+01
2.044000e+01
2.044000e+01
2.044000e+01
2.044000e+01
2.044000e+01
2.044000e+01
2.044000e+01
2.044000e+01
2.044000e+01
2.044000e+01
2.044000e+01
2.044000e+01
2.044000e+01
2.044000e+01
2.044000e+01
2.044000e+01
2.044000e+01
2.044000e+01
2.044000e+01
2.044000e+01
2.044000e+01
2.919000e+01
2.919000e+01
2.919000e+01
2.919000e+01
2.919000e+01
2.919000e+01
2.919000e+01
2.919000e+01
2.919000e+01
2.919000e+01
2.919000e+01
2.919000e+01
2.919000e+01
2.919000e+01
2.919000e+01
2.919000e+01
2.919000e+01
2.984000e+01
2.984000e+01
2.984000e+01
2.984000e+01
2.984000e+01
2.984000e+01
2.984000e+01
2.984000e+01
2.984000e+01
2.984000e+01
2.984000e+01
2.984000e+01
2.984000e+01
2.984000e+01
2.984000e+01
2.984000e+01
2.984000e+01
2.984000e+01
2.984000e+01
2.984000e+01
2.984000e+01
2.984000e+01
2.984000e+01
2.984000e+01
2.984000e+01
3.028000e+01
3.028000e+01
3.028000e+01
3.028000e+01
3.028000e+01
3.028000e+01
3.028000e+01
3.028000e+01
3.028000e+01
3.028000e+01
3.028000e+01
3.028000e+01
3.028000e+01
3.028000e+01
3.028000e+01
3.028000e+01
3.028000e+01
3.028000e+01
3.028000e+01
3.028000e+01
3.028000e+01
3.028000e+01
3.028000e+01
3.028000e+01
3.028000e+01
3.028000e+01
3.028000e+01
3.028000e+01
3.028000e+01
3.028000e+01
3.028000e+01
3.028000e+01
3.028000e+01
3.028000e+01
3.028000e+01
3.028000e+01
3.028000e+01
3.028000e+01
3.028000e+01
3.028000e+01
3.028000e+01
3.028000e+01
3.028000e+01
3.028000e+01
3.028000e+01
3.028000e+01
3.028000e+01
3.028000e+01
3.028000e+01
3.028000e+01
3.028000e+01
3.028000e+01
3.028000e+01
3.028000e+01
3.028000e+01
3.028000e+01
3.028000e+01
3.028000e+01
3.028000e+01
3.028000e+01
3.028000e+01
3.028000e+01
3.028000e+01
3.028000e+01
3.028000e+01
3.028000e+01
3.028000e+01
3.028000e+01
3.028000e+01
3.028000e+01
3.028000e+01
3.028000e+01
3.028000e+01
3.028000e+01
3.028000e+01
3.028000e+01
3.028000e+01
3.028000e+01
3.028000e+01
3.028000e+01
3.028000e+01
3.028000e+01
3.028000e+01
3.028000e+01
3.028000e+01
3.028000e+01
3.028000e+01
3.028000e+01
3.028000e+01
3.028000e+01
3.028000e+01
3.028000e+01
3.028000e+01
3.028000e+01
3.028000e+01
3.028000e+01
3.028000e+01
3.028000e+01
3.028000e+01
3.028000e+01
3.028000e+01
3.028000e+01
3.028000e+01
3.028000e+01
3.028000e+01
3.028000e+01
3.028000e+01
3.028000e+01
3.028000e+01
3.028000e+01
3.028000e+01
3.028000e+01
3.028000e+01
3.028000e+01
3.028000e+01
3.162000e+01
3.162000e+01
3.162000e+01
3.162000e+01
3.162000e+01
3.162000e+01
3.162000e+01
3.243000e+01
3.243000e+01
3.243000e+01
3.243000e+01
3.264000e+01
3.264000e+01
3.264000e+01
3.236000e+01
3.236000e+01
3.234000e+01
3.234000e+01
3.234000e+01
3.234000e+01
3.234000e+01
3.198000e+01
3.198000e+01
3.204000e+01
3.204000e+01
3.240000e+01
3.240000e+01
3.240000e+01
3.228000e+01
3.228000e+01
3.252000e+01
3.252000e+01
3.263000e+01
3.263000e+01
3.263000e+01
3.292000e+01
3.292000e+01
3.159000e+01
3.159000e+01
3.165000e+01
3.165000e+01
3.165000e+01
3.124000e+01
3.124000e+01
3.103000e+01
3.103000e+01
3.057000e+01
3.057000e+01
3.057000e+01
3.057000e+01
3.057000e+01
3.057000e+01
3.057000e+01
3.057000e+01
3.057000e+01
3.057000e+01
3.031000e+01
3.031000e+01
3.040000e+01
3.040000e+01
3.040000e+01
3.040000e+01
3.040000e+01
3.049000e+01
3.049000e+01
3.098000e+01
3.098000e+01
3.067000e+01
3.067000e+01
3.067000e+01
3.085000e+01
3.085000e+01
3.043000e+01
3.043000e+01
3.064000e+01
3.064000e+01
3.064000e+01
3.009000e+01
3.009000e+01
3.009000e+01
3.009000e+01
3.009000e+01
