0
0
0
0
0
0
0
0
0
0
0
0
0
0
0
0
0
0
0
0
0
0
0
0
0
0
0
0
0
0
0
0
0
0
0
0
0
0
0
0
0
0
0
0
0
0
0
0
0
0
0
0
0
0
0
0
0
0
0
0
0
0
0
0
0
0
0
0
0
0
0
0
0
0
0
0
0
0
0
0
0
0
0
0
0
0
0
0
0
0
0
0
0
0
0
0
0
0
0
0
0
0
0
0
0
0
0
0
0
0
0
0
0
0
0
0
0
0
0
0
0
0
0
0
0
0
0
0
0
0
0
0
0
0
0
0
0
0
0
0
0
0
0
0
0
0
0
0
0
0
0
0
0
0
0
0
0
0
0
0
0
0
0
0
0
0
0
0
0
0
0
0
0
0
0
0
0
0
0
0
0
0
0
0
0
0
0
0
0
0
0
0
0
0
0
0
0
0
0
0
0
0
0
0
0
0
0
0
0
0
0
0
0
0
0
0
0
0
0
0
0
0
0
0
0
0
0
0
0
0
0
0
0
0
0
0
0
0
0
0
0
0
0
0
0
0
0
0
0
0
0
0
0
0
0
0
0
0
0
0
0
0
0
0
0
0
0
0
0
0
0
0
0
0
0
0
0
0
0
0
0
0
0
0
0
0
0
0
0
0
0
0
0
0
0
0
0
0
0
0
0
0
0
0
0
0
0
0
0
0
0
0
0
0
0
0
0
0
0
0
0
0
0
0
0
0
0
0
0
0
0
0
0
0
0
0
0
0
0
0
0
0
0
0
0
0
0
0
0
0
0
0
0
0
0
0
0
0
0
0
0
0
0
0
0
0
0
0
0
0
0
0
0
0
0
0
0
0
0
0
0
0
0
0
0
0
0
0
0
0
0
0
0
0
0
0
0
0
0
0
0
0
0
0
0
0
0
0
0
0
0
0
0
0
0
0
0
0
0
0
0
0
0
0
0
0
0
0
0
0
0
0
0
0
0
0
0
0
0
0
0
0
0
0
0
0
0
0
0
0
0
0
0
0
0
0
0
0
0
0
0
0
0
0
0
0
0
0
0
0
0
0
0
0
0
0
0
0
0
0
0
0
0
0
0
0
0
0
0
0
0
0
0
0
0
0
0
0
0
0
0
0
0
0
0
0
0
0
0
0
0
0
0
0
0
0
0
0
0
0
0
0
0
0
0
0
0
0
0
0
0
0
0
0
0
0
0
0
0
0
0
0
0
0
0
0
0
0
0
0
0
0
0
0
0
0
0
0
0
0
0
0
0
0
0
0
0
0
0
0
0
0
0
0
0
0
0
0
0
0
0
0
0
0
0
0
0
0
0
0
0
0
0
0
0
0
0
0
0
0
0
0
0
0
0
0
0
0
0
0
0
0
9.290000e+00
9.410000e+00
8.870000e+00
8.170000e+00
7.840000e+00
8.290000e+00
8.140000e+00
7.690000e+00
7.370000e+00
7.320000e+00
7.550000e+00
7.430000e+00
7.620000e+00
7.490000e+00
7.370000e+00
7.270000e+00
2.400000e+00
3.100000e-01
3.100000e-01
1.200000e-01
8.000000e-02
0
10
4.400000e-01
3.000000e-02
2.000000e-02
0
5.000000e-02
5.000000e-02
3.000000e-02
1.000000e-02
4.000000e-02
0
1.000000e-02
1.000000e-02
3.000000e-02
1.000000e-02
2.000000e-02
1.100000e-01
3.000000e-02
6.000000e-02
1.100000e-01
7.500000e-01
5.400000e-01
5.100000e-01
2.900000e-01
4.100000e-01
9.000000e-02
8.600000e-01
4.690000e+00
4.600000e+00
5.050000e+00
5.850000e+00
7.330000e+00
8.860000e+00
1.094000e+01
1.176000e+01
1.364000e+01
1.483000e+01
1.415000e+01
1.776000e+01
1.842000e+01
1.934000e+01
2.085000e+01
2.579000e+01
2.982000e+01
31
3.343000e+01
3.429000e+01
3.771000e+01
4.373000e+01
4.526000e+01
5.164000e+01
5.004000e+01
5.315000e+01
5.560000e+01
5.665000e+01
5.907000e+01
6.116000e+01
62
5.942000e+01
7.073000e+01
7.090000e+01
7.768000e+01
8.015000e+01
8.127000e+01
8.463000e+01
8.962000e+01
9.239000e+01
9.848000e+01
1.018600e+02
1.125200e+02
1.203000e+02
1.198800e+02
1.203800e+02
1.235500e+02
1.421600e+02
1.356600e+02
1.176000e+02
1.175700e+02
8.393000e+01
4.115000e+01
1.195300e+02
1.622300e+02
1.534500e+02
1.474400e+02
1.451600e+02
1.326700e+02
1.354700e+02
1.408500e+02
1.509500e+02
1.581100e+02
1.500600e+02
1.501600e+02
1.535700e+02
153
1.525000e+02
1.520400e+02
1.521800e+02
1.487200e+02
1.619900e+02
1.623300e+02
1.585100e+02
1.551000e+02
1.589900e+02
1.630600e+02
1.612800e+02
1.602100e+02
1.615000e+02
8.524000e+01
5.012000e+01
129
1.564200e+02
1.939200e+02
2.135300e+02
1.971300e+02
1.942800e+02
1.942700e+02
1.905200e+02
0
0
1.901200e+02
1.885200e+02
1.879400e+02
1.996700e+02
1.987600e+02
2.011900e+02
2.085700e+02
2.039000e+02
1.996100e+02
1.936600e+02
1.894300e+02
1.921200e+02
1.972900e+02
2.043200e+02
1.988100e+02
1.976000e+02
2.034700e+02
2.037500e+02
2.008200e+02
2.204100e+02
2.213700e+02
2.105000e+02
2.053800e+02
1.988400e+02
1.976600e+02
1.943600e+02
1.926800e+02
1.986100e+02
2.017000e+02
2.000800e+02
1.999100e+02
2.001400e+02
1.978100e+02
1.942700e+02
1.963400e+02
1.111700e+02
1.383900e+02
1.936300e+02
2.317700e+02
2.335200e+02
2.270800e+02
2.244900e+02
2.204100e+02
2.214200e+02
2.185100e+02
1.843300e+02
1.697200e+02
2.440300e+02
2.478200e+02
2.385300e+02
2.371300e+02
2.328100e+02
2.261400e+02
2.261400e+02
2.305200e+02
2.241600e+02
2.209400e+02
2.226700e+02
2.243400e+02
2.251000e+02
2.261900e+02
2.249300e+02
2.265800e+02
2.251800e+02
2.361400e+02
2.346800e+02
2.351000e+02
2.297500e+02
2.320200e+02
2.320200e+02
2.320200e+02
2.237500e+02
2.277500e+02
2.235800e+02
2.216700e+02
2.225900e+02
2.252600e+02
2.241900e+02
2.219500e+02
2.203600e+02
2.213300e+02
2.220800e+02
2.230800e+02
1.377300e+02
1.888300e+02
2.266900e+02
2.211500e+02
2.175000e+02
2.157200e+02
2.168000e+02
2.128900e+02
2.150400e+02
2.178500e+02
2.181500e+02
2.198700e+02
2.232800e+02
2.282200e+02
2.377200e+02
2.421800e+02
2.431800e+02
2.437400e+02
2.440100e+02
2.442400e+02
2.558900e+02
2.575100e+02
2.575900e+02
2.581200e+02
2.483800e+02
2.520700e+02
2.517500e+02
2.558900e+02
2.573300e+02
2.556800e+02
2.522200e+02
2.562400e+02
2.563200e+02
2.503800e+02
2.478800e+02
2.888500e+02
2.857300e+02
284
2.833600e+02
2.803900e+02
2.796100e+02
2.767500e+02
2.834300e+02
1.814100e+02
2.295900e+02
2.712100e+02
2.857500e+02
2.870300e+02
286
2.844800e+02
2.854100e+02
2.853300e+02
2.846000e+02
282
1.942300e+02
2.065100e+02
2.777400e+02
2.811700e+02
2.887700e+02
2.923600e+02
2.964500e+02
2.959500e+02
2.948600e+02
2.927700e+02
2.898100e+02
2.885600e+02
2.885600e+02
2.885600e+02
2.885100e+02
2.884700e+02
2.888500e+02
2.879100e+02
2.860800e+02
2.854100e+02
2.844100e+02
2.839300e+02
2.529400e+02
2.252900e+02
2.931700e+02
2.989000e+02
2.989000e+02
2.892100e+02
2.881800e+02
2.866100e+02
2.853700e+02
2.853700e+02
2.843800e+02
282
2.794100e+02
2.703500e+02
2.638800e+02
2.651100e+02
2.655400e+02
2.652100e+02
2.624500e+02
2.599900e+02
2.582700e+02
2.582700e+02
2.582700e+02
2.555900e+02
2.553400e+02
2.551900e+02
2.530100e+02
2.519600e+02
2.519600e+02
2.483000e+02
2.481200e+02
2.489300e+02
2.569700e+02
2.605100e+02
2.576900e+02
2.650500e+02
2.556000e+02
2.541100e+02
2.519200e+02
2.503200e+02
2.518700e+02
2.514000e+02
2.514400e+02
2.482400e+02
2.479000e+02
2.469500e+02
2.473500e+02
2.468300e+02
2.486000e+02
2.508600e+02
2.484900e+02
2.484300e+02
2.480100e+02
2.477000e+02
2.470400e+02
2.459600e+02
2.464700e+02
2.455200e+02
2.416800e+02
2.416900e+02
2.422600e+02
2.431200e+02
2.428700e+02
2.428700e+02
2.428700e+02
2.311600e+02
2.309800e+02
2.318900e+02
2.307800e+02
2.310500e+02
2.269900e+02
2.271000e+02
2.274900e+02
2.287000e+02
2.300900e+02
2.310900e+02
2.312300e+02
2.307900e+02
2.308000e+02
2.306400e+02
2.301500e+02
2.313100e+02
2.323300e+02
2.316900e+02
2.332600e+02
2.351600e+02
2.378600e+02
2.395800e+02
2.401100e+02
2.398600e+02
2.397000e+02
2.403900e+02
2.449800e+02
2.434800e+02
1.154600e+02
1.160500e+02
1.160300e+02
2.316500e+02
1.640800e+02
2.134200e+02
2.462200e+02
2.464100e+02
2.465200e+02
1.527400e+02
2.233000e+02
2.464600e+02
2.464200e+02
2.475100e+02
2.468700e+02
1.631200e+02
2.338200e+02
2.371800e+02
1.471300e+02
1.026400e+02
2.001200e+02
2.467700e+02
2.306400e+02
2.325700e+02
2.326900e+02
2.334000e+02
2.341500e+02
2.418100e+02
2.467200e+02
2.181800e+02
2.421400e+02
2.529400e+02
2.456800e+02
2.441600e+02
2.449900e+02
2.455400e+02
2.479100e+02
2.450800e+02
2.439600e+02
2.435500e+02
2.399200e+02
2.450800e+02
2.431200e+02
1.631200e+02
1.527400e+02
9.652000e+01
8.810000e+01
8.131000e+01
7.850000e+01
7.710000e+01
7.644000e+01
7.687000e+01
8.209000e+01
8.030000e+01
7.638000e+01
7.224000e+01
6.815000e+01
7.084327e+01
6.965836e+01
6.143000e+01
6.040000e+01
5.803000e+01
5.705000e+01
5.743000e+01
5.743000e+01
5.743000e+01
5.462000e+01
5.395000e+01
5.322000e+01
5.312000e+01
5.319000e+01
5.319000e+01
5.319000e+01
5.134000e+01
5.122000e+01
5.093000e+01
0
0
0
0
1.025900e+02
1.429900e+02
1.253900e+02
1.226900e+02
1.225500e+02
1.225500e+02
1.225500e+02
1.257000e+02
1.257000e+02
1.257000e+02
1.649900e+02
1.707000e+02
1.707000e+02
1.707000e+02
1.707000e+02
1.862300e+02
1.950500e+02
1.992400e+02
2.024700e+02
2.024700e+02
2.024700e+02
2.351600e+02
2.405400e+02
2.406500e+02
2.396900e+02
2.379600e+02
2.368800e+02
2.338500e+02
2.284700e+02
2.218800e+02
2.288400e+02
2.284800e+02
2.257100e+02
2.191700e+02
2.184100e+02
2.150200e+02
2.178200e+02
2.149400e+02
1.213000e+02
2.199200e+02
2.230700e+02
2.216300e+02
2.208600e+02
2.208600e+02
2.211100e+02
2.193500e+02
2.176900e+02
2.176900e+02
2.176900e+02
2.256400e+02
1.345700e+02
1.034700e+02
1.008400e+02
9.877000e+01
9.877000e+01
9.877000e+01
1.002900e+02
9.548000e+01
1.229900e+02
1.229900e+02
1.507100e+02
1.507100e+02
1.507100e+02
1.479800e+02
1.482100e+02
1.493300e+02
1.493100e+02
1.481600e+02
1.481600e+02
1.481600e+02
1.471100e+02
1.486200e+02
1.495500e+02
1.493100e+02
1.536900e+02
1.536900e+02
1.536900e+02
1.585000e+02
1.566400e+02
1.559300e+02
1.592600e+02
1.601500e+02
1.601500e+02
1.601500e+02
1.605300e+02
1.512900e+02
1.412100e+02
1.530700e+02
1.555900e+02
1.555900e+02
1.555900e+02
1.535500e+02
1.496900e+02
1.496900e+02
1.475600e+02
1.501700e+02
1.501700e+02
1.501700e+02
1.472700e+02
1.425700e+02
1.405600e+02
1.444100e+02
1.377600e+02
1.377600e+02
1.377600e+02
1.361800e+02
1.378600e+02
1.389500e+02
1.371500e+02
1.353800e+02
1.353800e+02
1.353800e+02
1.340800e+02
1.372300e+02
1.360500e+02
1.357300e+02
1.119900e+02
1.119900e+02
1.119900e+02
1.467600e+02
1.460400e+02
1.467400e+02
1.435500e+02
1.441700e+02
1.441700e+02
1.441700e+02
1.042500e+02
1.464400e+02
1.464200e+02
1.384300e+02
1.352100e+02
1.352100e+02
1.352100e+02
1.347800e+02
1.338800e+02
1.332100e+02
1.334500e+02
1.358800e+02
1.358800e+02
1.358800e+02
1.369400e+02
1.460600e+02
1.504300e+02
1.225600e+02
1.225600e+02
1.225600e+02
1.225600e+02
1.225600e+02
1.567300e+02
1.600600e+02
1.611000e+02
1.608800e+02
1.608800e+02
1.608800e+02
1.608800e+02
1.519500e+02
1.656400e+02
1.679000e+02
1.782000e+02
1.782000e+02
1.782000e+02
1.852600e+02
1.852600e+02
1.852600e+02
1.852600e+02
1.858000e+02
1.858000e+02
1.858000e+02
1.812600e+02
1.822700e+02
1.830700e+02
1.833300e+02
1.827200e+02
1.827200e+02
1.827200e+02
1.869100e+02
1.843300e+02
1.843300e+02
1.843300e+02
1.838700e+02
1.838700e+02
1.838700e+02
1.832900e+02
1.851700e+02
1.821200e+02
1.832800e+02
1.840900e+02
1.840900e+02
1.840900e+02
1.851500e+02
1.828600e+02
1.848900e+02
1.866000e+02
1.862100e+02
1.862100e+02
1.862100e+02
1.826900e+02
1.826900e+02
1.826900e+02
1.811400e+02
1.794100e+02
1.794100e+02
1.794100e+02
1.778000e+02
1.778400e+02
1.787400e+02
1.802300e+02
1.803100e+02
1.803100e+02
1.803100e+02
1.803100e+02
1.950600e+02
1.958400e+02
1.958400e+02
1.958400e+02
1.958400e+02
1.958400e+02
1.957900e+02
1.979800e+02
1.754600e+02
1.754600e+02
1.754600e+02
1.754600e+02
1.754600e+02
1.864400e+02
1.825500e+02
1.844300e+02
1.840800e+02
1.936000e+02
1.936000e+02
1.936000e+02
2.166100e+02
1.223220e+02
1.166600e+02
1.166600e+02
1.166600e+02
1.166600e+02
1.166600e+02
1.123100e+02
1.123100e+02
1.084600e+02
1.084600e+02
9.910000e+01
9.910000e+01
9.910000e+01
1.018900e+02
1.018900e+02
1.018900e+02
1.018900e+02
1.011200e+02
1.011200e+02
1.011200e+02
9.213000e+01
8.777000e+01
8.646000e+01
8.580000e+01
8.542000e+01
8.542000e+01
8.542000e+01
8.284000e+01
8.284000e+01
8.284000e+01
8.284000e+01
0
0
0
1.204800e+02
1.186100e+02
1.186100e+02
1.248200e+02
1.276300e+02
1.276300e+02
1.276300e+02
1.292700e+02
1.279200e+02
1.286500e+02
1.286500e+02
1.286500e+02
1.286500e+02
1.286500e+02
1.322200e+02
1.298700e+02
1.149700e+02
1.073500e+02
1.168600e+02
1.168600e+02
1.168600e+02
1.211800e+02
1.211800e+02
1.211800e+02
1.211800e+02
1.211800e+02
1.211800e+02
1.211800e+02
1.281800e+02
1.269400e+02
1.310600e+02
1.311300e+02
1.311300e+02
1.311300e+02
1.311300e+02
8.171000e+01
1.203800e+02
1.389200e+02
1.418900e+02
1.418900e+02
1.418900e+02
1.418900e+02
1.519100e+02
1.518900e+02
1.495400e+02
1.483800e+02
1.426800e+02
1.426800e+02
1.426800e+02
1.429000e+02
1.393400e+02
1.419100e+02
1.419100e+02
1.376800e+02
1.376800e+02
1.376800e+02
1.366000e+02
1.366000e+02
1.366000e+02
1.375300e+02
1.361200e+02
1.361200e+02
1.361200e+02
1.353500e+02
1.371400e+02
1.371400e+02
1.371400e+02
1.397300e+02
1.397300e+02
1.397300e+02
1.441500e+02
1.446300e+02
1.456400e+02
1.424600e+02
1.384500e+02
1.384500e+02
1.384500e+02
7.128000e+01
1.161300e+02
1.413100e+02
1.413100e+02
9.848000e+01
9.848000e+01
9.848000e+01
8.298000e+01
9.463000e+01
9.811000e+01
9.380000e+01
1.196400e+02
1.196400e+02
1.196400e+02
1.241600e+02
1.241600e+02
1.241600e+02
1.298000e+02
1.302000e+02
1.302000e+02
1.302000e+02
1.302500e+02
1.347300e+02
1.342300e+02
1.345700e+02
1.388900e+02
1.388900e+02
1.388900e+02
1.494100e+02
1.494100e+02
1.494100e+02
1.494100e+02
1.494100e+02
1.494100e+02
1.494100e+02
1.809100e+02
1.823800e+02
1.934400e+02
2.074500e+02
2.209400e+02
2.209400e+02
2.209400e+02
2.024400e+02
1.952500e+02
1.898600e+02
1.852600e+02
1.921400e+02
1.921400e+02
1.921400e+02
1.855400e+02
1.848900e+02
185
1.871700e+02
1.844700e+02
1.844700e+02
1.844700e+02
1.838600e+02
1.867900e+02
1.869500e+02
1.886200e+02
1.867900e+02
1.867900e+02
1.867900e+02
9.457000e+01
9.509000e+01
1.811500e+02
1.925800e+02
1.897200e+02
1.897200e+02
1.897200e+02
1.858600e+02
1.924400e+02
1.980100e+02
1.835200e+02
1.862900e+02
1.862900e+02
1.862900e+02
1.873000e+02
1.857400e+02
1.831200e+02
1.866400e+02
1.864700e+02
1.864700e+02
1.864700e+02
1.808600e+02
1.849000e+02
1.849000e+02
1.849000e+02
1.736600e+02
1.736600e+02
1.736600e+02
1.787500e+02
1.743800e+02
1.744200e+02
1.724500e+02
1.749500e+02
1.749500e+02
1.749500e+02
1.735600e+02
1.735600e+02
1.740600e+02
1.740600e+02
1.740600e+02
1.740600e+02
1.740600e+02
1.792000e+02
1.748600e+02
1.704300e+02
1.696200e+02
1.701700e+02
1.701700e+02
1.701700e+02
1.691300e+02
1.691300e+02
1.691300e+02
1.691300e+02
1.691300e+02
1.691300e+02
1.691300e+02
1.585700e+02
1.585700e+02
1.585700e+02
1.659400e+02
1.659400e+02
1.659400e+02
1.659400e+02
1.598600e+02
1.598600e+02
1.598600e+02
1.598600e+02
1.598600e+02
1.598600e+02
1.598600e+02
1.694400e+02
1.694400e+02
1.694400e+02
1.640700e+02
1.633300e+02
1.633300e+02
1.633300e+02
1.577700e+02
1.577700e+02
1.577700e+02
1.577700e+02
1.577700e+02
1.577700e+02
1.577700e+02
1.506000e+02
1.506000e+02
1.497600e+02
1.497600e+02
1.478100e+02
1.478100e+02
1.478100e+02
1.438800e+02
1.438800e+02
1.438800e+02
1.438800e+02
1.438800e+02
1.438800e+02
1.438800e+02
1.382800e+02
1.382800e+02
1.399600e+02
1.399600e+02
1.399600e+02
1.399600e+02
1.399600e+02
1.424900e+02
1.424900e+02
1.426600e+02
1.426600e+02
1.416900e+02
1.416900e+02
1.416900e+02
1.416900e+02
1.416900e+02
1.133200e+02
1.133200e+02
1.058700e+02
1.058700e+02
1.058700e+02
1.102900e+02
1.102900e+02
1.104500e+02
1.104500e+02
1.079100e+02
1.079100e+02
1.079100e+02
1.066300e+02
1.066300e+02
1.054300e+02
1.054300e+02
1.053300e+02
1.053300e+02
1.053300e+02
1.067700e+02
1.067700e+02
1.084800e+02
1.084800e+02
1.073300e+02
1.073300e+02
1.073300e+02
1.067300e+02
1.067300e+02
1.041800e+02
1.041800e+02
1.041800e+02
1.041800e+02
1.041800e+02
1.028900e+02
1.028900e+02
8.851000e+01
8.851000e+01
8.851000e+01
8.851000e+01
8.851000e+01
8.851000e+01
8.851000e+01
1.001600e+02
1.001600e+02
9.928000e+01
9.928000e+01
9.928000e+01
9.788000e+01
9.788000e+01
9.750000e+01
9.750000e+01
9.540000e+01
9.540000e+01
9.540000e+01
9.540000e+01
9.540000e+01
9.540000e+01
9.540000e+01
9.540000e+01
9.540000e+01
9.540000e+01
9.540000e+01
9.540000e+01
9.012000e+01
9.012000e+01
9.012000e+01
9.012000e+01
9.012000e+01
9.462000e+01
9.462000e+01
9.593000e+01
9.593000e+01
9.904000e+01
9.904000e+01
9.904000e+01
9.381000e+01
9.381000e+01
9.133000e+01
9.133000e+01
9.251000e+01
9.251000e+01
9.251000e+01
9.239000e+01
9.239000e+01
9.024000e+01
9.024000e+01
8.899000e+01
8.899000e+01
8.899000e+01
8.967000e+01
8.967000e+01
8.921000e+01
8.921000e+01
8.921000e+01
8.921000e+01
8.921000e+01
8.921000e+01
8.921000e+01
8.991000e+01
8.991000e+01
8.991000e+01
8.991000e+01
8.991000e+01
91
91
8.867000e+01
8.867000e+01
9.050000e+01
9.050000e+01
9.050000e+01
8.986000e+01
8.986000e+01
8.986000e+01
8.986000e+01
8.834000e+01
8.834000e+01
8.834000e+01
8.925000e+01
8.925000e+01
9.052000e+01
9.052000e+01
8.757000e+01
8.757000e+01
8.757000e+01
8.764000e+01
8.764000e+01
8.764000e+01
8.764000e+01
8.764000e+01
8.764000e+01
8.764000e+01
8.764000e+01
8.764000e+01
8.764000e+01
8.764000e+01
8.995000e+01
8.995000e+01
8.995000e+01
8.968000e+01
8.968000e+01
8.892000e+01
8.892000e+01
8.643000e+01
8.643000e+01
8.643000e+01
8.569000e+01
8.569000e+01
8.510000e+01
8.510000e+01
8.470000e+01
8.470000e+01
8.470000e+01
8.470000e+01
8.470000e+01
8.171000e+01
8.171000e+01
8.303000e+01
8.303000e+01
8.303000e+01
0
0
8.581000e+01
8.581000e+01
8.756000e+01
8.756000e+01
8.756000e+01
8.645000e+01
8.645000e+01
8.876000e+01
8.876000e+01
8.929000e+01
8.929000e+01
8.929000e+01
9.122000e+01
9.122000e+01
9.122000e+01
9.122000e+01
9.523000e+01
9.523000e+01
9.523000e+01
9.625000e+01
9.625000e+01
9.780000e+01
9.780000e+01
9.780000e+01
9.780000e+01
9.780000e+01
9.772000e+01
9.772000e+01
9.892000e+01
9.892000e+01
9.892000e+01
9.892000e+01
9.892000e+01
9.228000e+01
9.228000e+01
9.692000e+01
9.692000e+01
1.040600e+02
1.040600e+02
1.040600e+02
1.148500e+02
1.148500e+02
1.148500e+02
1.148500e+02
1.148500e+02
1.148500e+02
1.148500e+02
8.490000e+01
8.490000e+01
8.490000e+01
8.490000e+01
8.490000e+01
8.490000e+01
8.490000e+01
9.780000e+01
9.780000e+01
1.079200e+02
1.079200e+02
1.079200e+02
1.079200e+02
1.079200e+02
1.079200e+02
1.079200e+02
1.187600e+02
1.187600e+02
1.187600e+02
1.187600e+02
1.187600e+02
8.669000e+01
8.669000e+01
8.669000e+01
8.669000e+01
8.669000e+01
8.669000e+01
8.669000e+01
1.104800e+02
1.104800e+02
1.104800e+02
1.104800e+02
1.104800e+02
1.104800e+02
1.104800e+02
1.291800e+02
1.291800e+02
1.314400e+02
1.314400e+02
1.391700e+02
1.391700e+02
1.391700e+02
1.418200e+02
1.418200e+02
1.418200e+02
1.418200e+02
1.418200e+02
1.418200e+02
1.418200e+02
1.418200e+02
1.204600e+02
1.204600e+02
1.204600e+02
1.499200e+02
1.499200e+02
1.499200e+02
1.602200e+02
1.602200e+02
1.602200e+02
1.602200e+02
1.602200e+02
1.602200e+02
1.602200e+02
1.607400e+02
1.607400e+02
1.684800e+02
1.684800e+02
1.736900e+02
1.736900e+02
1.736900e+02
1.723300e+02
1.723300e+02
1.723300e+02
1.723300e+02
1.723300e+02
1.723300e+02
1.723300e+02
1.603400e+02
1.603400e+02
1.603400e+02
1.603400e+02
1.584900e+02
1.584900e+02
1.584900e+02
1.317400e+02
1.317400e+02
1.317400e+02
1.317400e+02
1.317400e+02
1.317400e+02
1.317400e+02
1.317400e+02
1.317400e+02
1.317400e+02
1.599300e+02
1.599300e+02
1.599300e+02
1.599300e+02
1.648900e+02
1.648900e+02
1.648900e+02
1.648900e+02
1.648900e+02
1.648900e+02
1.648900e+02
1.648900e+02
1.648900e+02
1.587100e+02
1.587100e+02
1.587100e+02
1.587100e+02
1.587100e+02
1.549200e+02
1.549200e+02
1.549200e+02
1.549200e+02
1.549200e+02
1.549200e+02
1.549200e+02
1.549200e+02
1.549200e+02
1.549200e+02
1.549200e+02
1.549200e+02
1.549200e+02
1.549200e+02
1.542300e+02
1.542300e+02
1.496000e+02
1.496000e+02
1.496000e+02
1.496000e+02
1.496000e+02
1.544700e+02
1.544700e+02
1.544700e+02
1.544700e+02
1.544700e+02
1.544700e+02
1.544700e+02
1.542900e+02
1.542900e+02
1.542900e+02
1.542900e+02
1.542900e+02
1.542900e+02
1.542900e+02
1.474300e+02
1.474300e+02
1.483600e+02
1.483600e+02
8.044000e+01
8.044000e+01
8.044000e+01
7.859000e+01
7.859000e+01
7.791000e+01
7.791000e+01
7.759000e+01
7.759000e+01
7.759000e+01
7.631000e+01
7.631000e+01
7.614000e+01
7.614000e+01
7.615000e+01
7.615000e+01
7.615000e+01
8.259000e+01
8.259000e+01
8.259000e+01
8.259000e+01
8.259000e+01
8.259000e+01
8.259000e+01
9.056000e+01
9.056000e+01
9.012000e+01
9.012000e+01
1.077500e+02
1.077500e+02
1.077500e+02
1.077500e+02
1.077500e+02
1.077500e+02
1.077500e+02
1.210700e+02
1.210700e+02
1.210700e+02
1.213400e+02
1.213400e+02
1.197300e+02
1.197300e+02
1.197300e+02
1.197300e+02
1.197300e+02
1.197300e+02
1.197300e+02
1.197300e+02
1.197300e+02
1.197300e+02
1.197300e+02
1.197300e+02
1.197300e+02
1.197300e+02
1.203300e+02
1.203300e+02
1.203300e+02
1.203300e+02
1.203300e+02
1.203300e+02
1.203300e+02
1.203300e+02
1.203300e+02
1.203300e+02
1.203300e+02
1.203300e+02
1.203300e+02
1.203300e+02
1.203300e+02
1.203300e+02
1.203300e+02
1.203300e+02
1.203300e+02
1.203300e+02
1.203300e+02
1.243200e+02
1.243200e+02
1.243200e+02
1.243200e+02
1.243200e+02
1.243200e+02
1.243200e+02
1.243200e+02
1.243200e+02
1.243200e+02
1.243200e+02
1.243200e+02
1.243200e+02
1.257800e+02
1.257800e+02
1.257800e+02
1.257800e+02
1.257800e+02
1.257800e+02
1.219100e+02
1.219100e+02
1.298300e+02
1.298300e+02
1.298300e+02
1.298300e+02
1.298300e+02
1.234200e+02
1.234200e+02
1.234200e+02
1.234200e+02
1.234200e+02
1.234200e+02
1.234200e+02
1.203400e+02
1.203400e+02
1.186700e+02
1.186700e+02
1.167700e+02
1.167700e+02
1.167700e+02
1.179000e+02
1.179000e+02
1.179000e+02
1.179000e+02
1.179000e+02
1.179000e+02
1.179000e+02
1.178700e+02
1.178700e+02
1.159200e+02
1.159200e+02
1.169900e+02
1.169900e+02
1.169900e+02
1.071300e+02
1.071300e+02
1.071300e+02
1.071300e+02
1.071300e+02
1.071300e+02
1.071300e+02
1.247400e+02
1.247400e+02
1.277200e+02
1.277200e+02
1.253600e+02
1.253600e+02
1.253600e+02
1.221400e+02
1.221400e+02
1.221400e+02
1.221400e+02
1.221400e+02
1.221400e+02
1.221400e+02
1.221400e+02
1.221400e+02
1.221400e+02
1.221400e+02
1.221400e+02
1.221400e+02
1.221400e+02
1.196400e+02
1.196400e+02
1.232200e+02
1.232200e+02
1.245200e+02
1.245200e+02
1.245200e+02
1.226000e+02
1.226000e+02
1.191900e+02
1.191900e+02
1.193600e+02
1.193600e+02
1.193600e+02
1.194400e+02
1.194400e+02
1.194400e+02
1.194400e+02
1.194400e+02
1.194400e+02
1.194400e+02
1.174200e+02
1.174200e+02
1.172100e+02
1.172100e+02
1.231300e+02
1.231300e+02
1.231300e+02
1.167400e+02
1.167400e+02
1.167400e+02
1.167400e+02
1.167400e+02
1.167400e+02
1.167400e+02
1.191800e+02
1.191800e+02
1.171300e+02
1.171300e+02
1.123100e+02
1.123100e+02
1.123100e+02
1.123100e+02
1.123100e+02
1.123100e+02
1.123100e+02
1.123100e+02
1.123100e+02
1.123100e+02
1.123100e+02
1.123100e+02
1.185500e+02
1.185500e+02
1.148700e+02
1.148700e+02
1.148700e+02
1.252900e+02
1.252900e+02
1.235500e+02
1.235500e+02
1.235500e+02
1.235500e+02
1.209400e+02
1.209400e+02
1.189100e+02
1.189100e+02
1.189100e+02
1.197300e+02
1.197300e+02
1.197300e+02
1.193000e+02
1.193000e+02
1.193000e+02
1.193000e+02
1.184600e+02
1.184600e+02
1.184600e+02
1.180300e+02
1.180300e+02
1.171600e+02
1.171600e+02
1.177400e+02
1.177400e+02
1.177400e+02
1.171400e+02
1.171400e+02
1.171400e+02
1.171400e+02
1.171400e+02
1.171400e+02
1.171400e+02
1.163100e+02
1.163100e+02
1.166900e+02
1.166900e+02
1.170400e+02
1.170400e+02
1.170400e+02
1.172500e+02
1.172500e+02
1.172300e+02
1.172300e+02
1.159700e+02
1.159700e+02
1.159700e+02
1.183500e+02
1.183500e+02
1.183500e+02
1.183500e+02
1.201200e+02
1.201200e+02
1.201200e+02
1.158600e+02
1.158600e+02
1.178200e+02
1.178200e+02
1.178200e+02
1.178200e+02
1.178200e+02
1.166300e+02
1.166300e+02
1.151500e+02
1.151500e+02
116
116
116
1.155100e+02
1.155100e+02
1.155800e+02
1.155800e+02
1.141700e+02
1.141700e+02
1.141700e+02
1.133600e+02
1.133600e+02
1.133600e+02
1.137500e+02
1.120200e+02
1.120200e+02
1.120200e+02
1.121300e+02
1.121300e+02
1.121300e+02
1.121300e+02
1.121300e+02
1.121300e+02
1.121300e+02
1.115300e+02
1.115300e+02
1.139200e+02
1.139200e+02
1.143100e+02
1.143100e+02
1.143100e+02
1.124900e+02
1.124900e+02
1.112500e+02
1.112500e+02
1.115700e+02
1.115700e+02
1.115700e+02
1.094800e+02
1.094800e+02
9.175000e+01
9.175000e+01
1.168000e+02
1.168000e+02
1.168000e+02
1.103200e+02
1.103200e+02
1.098500e+02
1.098500e+02
1.096400e+02
1.096400e+02
1.096400e+02
1.230900e+02
1.230900e+02
1.225000e+02
1.225000e+02
1.186000e+02
1.186000e+02
1.186000e+02
1.186700e+02
1.186700e+02
1.186900e+02
1.186900e+02
1.185200e+02
1.185200e+02
1.185200e+02
1.148900e+02
1.148900e+02
7.481000e+01
7.481000e+01
6.748000e+01
6.748000e+01
6.748000e+01
7.272000e+01
7.272000e+01
2.665400e+02
2.665400e+02
2.665400e+02
2.665400e+02
2.665400e+02
6.725000e+01
6.725000e+01
7.993000e+01
7.993000e+01
9.102000e+01
9.102000e+01
9.102000e+01
1.234700e+02
1.234700e+02
1.135100e+02
1.135100e+02
1.071700e+02
1.071700e+02
1.071700e+02
1.081200e+02
1.090700e+02
1.090700e+02
1.090700e+02
1.090700e+02
1.090700e+02
1.090700e+02
6.609000e+01
6.609000e+01
6.599000e+01
6.599000e+01
6.606000e+01
6.606000e+01
6.606000e+01
6.650000e+01
6.650000e+01
6.721000e+01
6.721000e+01
6.582000e+01
6.582000e+01
6.582000e+01
7.018000e+01
7.018000e+01
7.018000e+01
7.018000e+01
7.018000e+01
7.018000e+01
7.018000e+01
6.916000e+01
6.916000e+01
7.135000e+01
7.135000e+01
6.915000e+01
6.915000e+01
6.915000e+01
6.826000e+01
6.826000e+01
6.826000e+01
6.826000e+01
6.832000e+01
6.832000e+01
6.832000e+01
6.690000e+01
6.690000e+01
6.760000e+01
6.760000e+01
6.760000e+01
6.760000e+01
6.760000e+01
6.678000e+01
6.678000e+01
6.056000e+01
6.056000e+01
6.619000e+01
6.619000e+01
6.619000e+01
6.597000e+01
6.597000e+01
6.602000e+01
6.602000e+01
6.593000e+01
6.593000e+01
6.593000e+01
6.586000e+01
6.586000e+01
6.640000e+01
6.640000e+01
7.067000e+01
7.067000e+01
7.067000e+01
7.049000e+01
7.049000e+01
7.049000e+01
7.049000e+01
6.718000e+01
6.718000e+01
6.718000e+01
6.597000e+01
6.597000e+01
6.597000e+01
6.597000e+01
6.597000e+01
6.597000e+01
6.597000e+01
6.680000e+01
6.680000e+01
6.805000e+01
6.805000e+01
6.805000e+01
6.805000e+01
6.805000e+01
6.756000e+01
6.756000e+01
6.746000e+01
6.746000e+01
6.677000e+01
6.677000e+01
6.677000e+01
6.660000e+01
6.660000e+01
6.501000e+01
6.501000e+01
6.494000e+01
6.494000e+01
6.494000e+01
6.438000e+01
6.438000e+01
6.425000e+01
6.425000e+01
6.425000e+01
6.425000e+01
6.425000e+01
6.425000e+01
6.425000e+01
6.380000e+01
6.380000e+01
6.380000e+01
6.380000e+01
6.380000e+01
6.270000e+01
6.270000e+01
6.299000e+01
6.299000e+01
6.282000e+01
6.282000e+01
6.282000e+01
6.323000e+01
6.323000e+01
6.299000e+01
6.299000e+01
6.299000e+01
6.299000e+01
6.299000e+01
6.530000e+01
6.530000e+01
6.514000e+01
6.514000e+01
6.514000e+01
6.514000e+01
6.461000e+01
6.461000e+01
6.461000e+01
6.582000e+01
6.582000e+01
6.582000e+01
6.582000e+01
6.582000e+01
6.643000e+01
6.643000e+01
6.549000e+01
6.549000e+01
6.519000e+01
6.519000e+01
6.519000e+01
6.498000e+01
6.498000e+01
6.575000e+01
6.575000e+01
6.575000e+01
6.575000e+01
6.575000e+01
6.575000e+01
6.575000e+01
8.718900e+02
8.718900e+02
5.456000e+01
5.456000e+01
5.456000e+01
6.436000e+01
6.436000e+01
6.509000e+01
6.509000e+01
6.509000e+01
6.509000e+01
6.509000e+01
6.521000e+01
6.521000e+01
6.562000e+01
6.562000e+01
6.428000e+01
6.428000e+01
6.428000e+01
6.516000e+01
6.516000e+01
6.499000e+01
6.499000e+01
6.499000e+01
6.499000e+01
6.499000e+01
5.380000e+01
5.380000e+01
5.376000e+01
5.376000e+01
5.376000e+01
5.376000e+01
5.376000e+01
5.402000e+01
5.402000e+01
5.414000e+01
5.414000e+01
5.414000e+01
5.414000e+01
5.414000e+01
5.401000e+01
5.401000e+01
5.410000e+01
5.410000e+01
5.410000e+01
5.410000e+01
5.410000e+01
5.405000e+01
5.405000e+01
54
54
54
54
54
5.382000e+01
5.382000e+01
5.382000e+01
5.382000e+01
5.386000e+01
5.386000e+01
5.386000e+01
5.370000e+01
5.370000e+01
5.370000e+01
5.370000e+01
5.370000e+01
5.370000e+01
5.370000e+01
5.370000e+01
5.370000e+01
5.393000e+01
5.393000e+01
5.393000e+01
5.393000e+01
5.393000e+01
5.426000e+01
5.426000e+01
5.426000e+01
5.426000e+01
5.473000e+01
5.473000e+01
5.473000e+01
5.385000e+01
5.385000e+01
5.396000e+01
5.396000e+01
5.355000e+01
5.355000e+01
5.355000e+01
54
54
5.403000e+01
5.403000e+01
5.403000e+01
5.403000e+01
5.403000e+01
5.433000e+01
5.433000e+01
5.448000e+01
5.448000e+01
5.427000e+01
5.427000e+01
5.427000e+01
5.308000e+01
5.308000e+01
5.334000e+01
5.334000e+01
5.334000e+01
5.334000e+01
5.334000e+01
5.393000e+01
5.393000e+01
5.364000e+01
5.364000e+01
5.397000e+01
5.397000e+01
5.397000e+01
5.397000e+01
5.397000e+01
5.397000e+01
5.397000e+01
5.397000e+01
5.397000e+01
5.397000e+01
5.452000e+01
5.452000e+01
5.427000e+01
5.427000e+01
5.425000e+01
5.425000e+01
5.425000e+01
5.425000e+01
5.425000e+01
5.361000e+01
5.361000e+01
5.361000e+01
5.361000e+01
5.361000e+01
5.445000e+01
5.445000e+01
5.450000e+01
5.450000e+01
5.454000e+01
5.454000e+01
5.454000e+01
5.454000e+01
5.454000e+01
5.454000e+01
5.454000e+01
5.454000e+01
5.454000e+01
5.454000e+01
5.454000e+01
5.454000e+01
5.454000e+01
5.454000e+01
5.463000e+01
5.463000e+01
5.463000e+01
5.467000e+01
5.467000e+01
5.372000e+01
5.372000e+01
5.479000e+01
5.479000e+01
5.479000e+01
5.479000e+01
5.479000e+01
5.479000e+01
5.479000e+01
5.479000e+01
5.479000e+01
5.479000e+01
5.479000e+01
5.479000e+01
5.479000e+01
5.479000e+01
5.479000e+01
5.479000e+01
5.479000e+01
5.479000e+01
5.479000e+01
5.479000e+01
5.479000e+01
5.479000e+01
5.479000e+01
5.479000e+01
5.479000e+01
5.479000e+01
5.479000e+01
5.479000e+01
5.479000e+01
5.479000e+01
5.479000e+01
5.547000e+01
5.547000e+01
5.468000e+01
5.468000e+01
5.434000e+01
5.434000e+01
5.434000e+01
5.424000e+01
5.424000e+01
5.424000e+01
5.424000e+01
5.424000e+01
5.424000e+01
5.424000e+01
5.424000e+01
5.424000e+01
5.424000e+01
5.424000e+01
5.424000e+01
5.424000e+01
5.424000e+01
5.424000e+01
5.424000e+01
4.747000e+01
4.747000e+01
5.217000e+01
5.217000e+01
5.217000e+01
5.629000e+01
5.629000e+01
5.712000e+01
5.712000e+01
5.676000e+01
5.676000e+01
5.676000e+01
5.643000e+01
5.643000e+01
5.643000e+01
5.643000e+01
5.840000e+01
5.840000e+01
5.840000e+01
6.149000e+01
6.149000e+01
6.319000e+01
6.319000e+01
6.291000e+01
6.291000e+01
6.291000e+01
6.178000e+01
6.178000e+01
6.328000e+01
6.328000e+01
6.588000e+01
6.588000e+01
6.588000e+01
6.858000e+01
6.858000e+01
6.685000e+01
6.685000e+01
6.685000e+01
6.685000e+01
6.685000e+01
6.570000e+01
6.570000e+01
6.834000e+01
6.834000e+01
6.850000e+01
6.850000e+01
6.850000e+01
7.499000e+01
7.499000e+01
7.772000e+01
7.772000e+01
7.530000e+01
7.530000e+01
7.530000e+01
7.964000e+01
7.964000e+01
8.382000e+01
8.382000e+01
8.531000e+01
8.531000e+01
8.531000e+01
8.587000e+01
8.587000e+01
8.587000e+01
8.587000e+01
6.709000e+01
6.709000e+01
6.709000e+01
6.709000e+01
6.709000e+01
7.254000e+01
7.254000e+01
6.447000e+01
6.447000e+01
6.447000e+01
6.447000e+01
6.447000e+01
6.447000e+01
6.447000e+01
6.447000e+01
6.447000e+01
6.447000e+01
6.820000e+01
6.820000e+01
6.821000e+01
6.821000e+01
6.821000e+01
6.821000e+01
6.821000e+01
6.987000e+01
6.987000e+01
7.082000e+01
7.082000e+01
72
72
72
7.267000e+01
7.267000e+01
7.661000e+01
7.661000e+01
7.536000e+01
7.536000e+01
7.536000e+01
7.447000e+01
7.447000e+01
7.424000e+01
7.424000e+01
7.424000e+01
