0
0
0
0
0
0
0
0
0
0
0
0
0
0
0
0
0
0
0
0
0
0
0
0
0
0
0
0
0
0
0
0
0
0
0
0
0
0
0
0
0
0
0
0
0
0
0
0
0
0
0
0
0
0
0
0
0
0
0
0
0
0
0
0
0
0
0
0
0
0
0
0
0
0
0
0
0
0
0
0
0
0
0
0
0
0
0
0
0
0
0
0
0
0
0
0
0
0
0
0
0
0
0
0
0
0
0
0
0
0
0
0
0
0
0
0
0
0
0
0
0
0
0
0
0
0
0
0
0
0
0
0
0
0
0
0
0
0
0
0
0
0
0
0
0
0
0
0
0
0
0
0
0
0
0
0
0
0
0
0
0
0
0
0
0
0
0
0
0
0
0
0
0
0
0
0
0
0
0
0
0
0
0
0
0
0
0
0
0
0
0
0
0
0
0
0
0
0
0
0
0
0
0
0
0
0
0
0
0
0
0
0
0
0
0
0
0
0
0
0
0
0
0
0
0
0
0
0
0
0
0
0
0
0
0
0
0
0
0
0
0
0
0
0
0
0
0
0
0
0
0
0
0
0
0
0
0
0
0
0
0
0
0
0
0
0
0
0
0
0
0
0
0
0
0
0
0
0
0
0
0
0
0
0
0
0
0
0
0
0
0
0
0
0
0
0
0
0
0
0
0
0
0
0
0
0
0
0
0
0
0
0
0
0
0
0
0
0
0
0
0
0
0
0
0
0
0
0
0
0
0
0
0
0
0
0
0
0
0
0
0
0
0
0
0
0
0
0
0
0
0
0
0
0
0
0
0
0
0
0
0
0
0
0
0
0
0
0
0
0
0
0
0
0
0
0
0
0
0
0
0
0
0
0
0
0
0
0
0
0
0
0
0
0
0
0
0
0
0
0
0
0
0
0
0
0
0
0
0
0
0
0
0
0
0
0
0
0
0
0
0
0
0
0
0
0
0
0
0
0
0
0
0
0
0
0
0
0
0
0
0
0
0
0
0
0
0
0
0
0
0
0
0
0
0
0
0
0
0
0
0
0
0
0
0
0
0
0
0
0
0
0
0
0
0
0
0
0
0
0
0
0
0
0
0
0
0
0
0
0
0
0
0
0
0
0
0
0
0
0
0
0
0
0
0
0
0
0
0
0
0
0
0
0
0
0
0
0
0
0
0
0
0
0
0
0
0
0
0
0
0
0
0
0
0
0
0
0
0
0
0
0
0
0
0
0
0
0
0
0
0
0
0
0
0
0
0
0
0
0
0
0
0
0
0
0
0
0
0
0
0
0
0
0
0
0
0
0
0
0
0
0
0
0
0
0
0
0
0
0
0
0
0
0
0
0
0
0
0
0
0
0
0
0
0
0
0
0
0
0
0
905
852
853
863
501
733
840
814
812
816
816
814
815
816
809
809
827
812
823
816
831
767
556
952
1002
1001
1005
803
954
863
861
880
955
954
959
972
962
972
1015
1010
897
1150
1.165450e+03
1171
1158
1159
1069
1057
1060
1154
1158
1152
1154
1209
1207
1260
1208
1192
1209
1227
1201
1179
1176
1154
1170
1168
1180
1177
1030
1178
1174
1246
1243
1309
1298
1243
1417
1253
1257
1.241420e+03
1.241420e+03
1391
1391
1424
1396
1244
1214
1264
1257
1172
1176
1169
1322
1348
1226
1387
1400
1344
1292
1928
1242
1242
1343
1277
1162
1180
1195
1162
1106
1109
1035
988
982
917
915
908
802
886
880
857
878
879
869
889
853
862
843
846
849
831
831
928
902
881
860
872
863
851
839
833
833
833
824
816
806
7.330100e+02
758
761
752
736
739
720
714
715
743
730
715
731
728
744
723
723
791
738
700
715
687
683
684
689
672
664
665
682
660
650
644
777
762
723
702
674
680
667
655
640
651
782
704
662
660
651
646
634
634
634
634
643
640
629
621
655
616
619
601
621
593
622
614
613
606
606
606
610
610
608
577
599
598
595
580
577
569
583
573
573
677
613
607
594
594
556
568
533
573
553
497
541
439
445
428
432
430
417
409
526
520
511
508
396
414
395
403
388
372
481
506
505
505
476
506
515
513
506
492
492
508
508
766
463
214
537
459
460
389
434
468
427
474
474
519
520
494
490
479
475
484
470
482
387
448
448
448
384
341
336
326
347
352
357
339
339
512
404
394
394
441
441
448
436
436
448
441
454
442
396
455
448
435
388
445
469
469
469
454
446
451
446
456
456
453
440
464
452
441
453
453
458
468
460
471
492
461
461
478
480
474
469
471
356
353
354
357
356
359
354
354
353
353
347
344
266
281
349
349
349
441
452
453
440
441
437
424
430
430
467
416
424
403
416
397
332
336
392
409
399
394
393
385
298
392
394
402
388
389
118
122
118
390
585
425
425
406
402
700
445
422
445
414
420
412
409
324
324
324
502
452
396
372
392
388
329
320
272
272
272
253
217
209
238
226
274
272
231
213
198
272
188
188
188
188
188
188
188
188
188
188
188
188
188
188
188
188
188
188
188
188
188
188
188
188
188
188
188
188
188
188
188
188
188
188
188
188
188
188
226
329
181
739
272
272
272
269
269
269
269
230
230
230
230
311
340
320
320
320
320
362
272
518
473
453
453
453
453
340
340
395
320
418
376
376
375
435
388
375
375
375
388
388
371
403
388
388
388
388
388
388
388
388
388
388
159
159
159
159
159
159
159
159
159
159
159
140
140
140
279
259
187
176
209
209
209
259
259
198
215
210
210
210
210
186
186
232
228
228
228
165
147
147
155
155
155
155
120
1.590000e+01
167
167
142
142
142
178
164
158
152
178
178
178
178
184
186
198
95
95
95
178
160
180
166
160
160
160
160
217
216
205
217
217
217
198
195
195
145
192
192
192
198
195
192
192
192
192
192
192
184
188
186
231
231
231
231
222
242
238
232
232
232
213
213
213
213
242
242
242
228
232
231
231
231
231
231
217
215
215
215
231
231
231
241
195
201
204
210
210
210
228
231
239
239
242
242
242
237
237
237
231
228
228
228
198
190
198
198
173
173
173
173
242
231
231
231
231
231
242
259
255
255
255
255
255
284
178
172
176
272
272
272
272
272
272
272
272
272
272
272
272
272
272
272
272
272
272
272
272
272
272
272
272
272
272
272
272
272
272
272
83
83
83
83
83
83
83
83
178
178
217
208
208
208
184
170
171
171
171
171
171
217
211
167
172
145
145
145
191
191
191
191
191
191
191
196
193
205
211
211
211
211
236
230
244
244
244
244
244
244
244
224
224
224
224
224
220
220
224
224
224
224
224
265
265
265
224
217
217
217
138
130
130
130
138
138
138
247
242
236
211
259
259
259
259
259
236
236
226
226
226
279
284
284
238
246
246
246
210
210
210
210
210
210
210
210
236
211
211
272
272
272
256
256
256
256
256
256
256
236
268
286
235
362
362
362
360
346
346
346
346
346
346
346
346
253
246
246
246
246
246
236
236
236
236
236
236
236
453
473
485
470
470
470
472
253
253
231
231
231
231
470
236
238
235
225
225
225
215
217
217
217
217
217
217
242
235
227
242
253
253
253
250
250
250
250
250
250
250
250
242
237
235
236
236
236
235
235
235
235
235
235
235
210
210
210
202
202
202
202
202
202
202
202
202
202
202
197
197
197
197
145
145
145
140
140
140
140
140
140
140
217
217
217
217
211
211
211
247
247
247
247
247
247
247
247
247
247
247
247
247
247
247
247
253
253
253
253
253
253
253
189
189
172
172
172
205
205
205
205
205
205
205
217
217
215
215
226
226
226
218
218
226
226
226
226
226
220
220
216
216
216
216
216
214
214
215
215
215
215
215
215
215
175
175
180
180
180
180
180
175
175
215
215
215
215
215
215
215
215
215
215
215
215
215
215
215
215
215
226
226
222
222
220
220
220
220
220
220
220
201
201
201
180
180
180
180
208
208
208
180
180
180
180
180
180
180
180
180
194
194
194
194
194
194
194
194
194
200
200
200
198
198
198
198
196
196
196
196
196
194
194
197
197
197
200
200
200
200
200
200
200
200
200
200
200
187
187
187
187
187
187
187
187
187
187
185
185
185
185
196
196
196
196
196
196
196
198
198
198
198
198
198
198
197
197
197
247
247
247
247
245
245
245
247
247
247
247
180
180
180
172
172
242
242
242
242
242
248
248
248
248
248
248
248
247
247
238
238
238
238
238
248
248
248
248
248
248
248
248
248
248
248
248
248
248
294
294
294
294
294
294
294
294
294
294
294
294
294
294
205
205
205
205
205
205
205
211
211
211
211
211
211
211
302
302
202
202
208
208
208
286
286
286
286
286
286
286
286
286
286
286
320
320
320
311
311
311
311
311
311
311
302
302
302
302
302
302
302
298
298
298
298
298
298
298
340
340
340
340
325
325
325
322
322
322
322
322
322
322
322
322
322
322
322
322
322
320
320
320
320
320
320
320
320
320
311
311
311
311
311
311
311
311
311
311
311
311
311
311
311
311
311
311
311
311
311
311
311
311
311
311
311
311
311
311
311
311
311
279
279
279
279
279
279
279
266
266
265
265
265
265
265
265
265
265
265
265
265
265
265
265
265
265
265
265
265
262
262
262
262
262
262
262
262
262
266
266
245
245
245
245
245
245
245
262
262
262
320
320
312
312
312
312
312
312
312
312
312
312
312
312
312
312
278
278
278
278
278
278
278
278
278
278
278
278
278
278
278
278
278
278
278
278
278
278
278
278
278
278
278
278
278
278
278
278
278
278
265
265
265
265
265
265
265
265
265
265
265
265
265
260
260
260
260
260
260
260
247
247
252
252
540
540
540
247
247
247
247
247
247
247
252
252
252
252
250
250
250
259
259
259
259
259
259
259
259
259
248
248
232
232
232
232
232
232
232
232
232
232
232
232
232
232
232
232
232
232
232
232
232
232
232
232
247
247
259
259
240
240
240
240
240
240
240
240
240
240
231
231
227
227
227
227
227
227
227
227
227
227
227
227
202
202
207
207
207
207
207
207
207
207
207
207
207
207
207
207
242
242
238
238
238
216
216
246
246
246
246
246
246
178
178
178
172
172
172
182
182
182
182
182
182
182
217
217
214
214
197
197
197
170
170
170
170
170
170
170
205
205
194
194
185
185
185
236
236
236
236
242
242
242
242
242
242
242
242
242
242
242
242
242
242
242
242
242
198
198
217
217
217
217
217
196
196
196
196
196
196
196
196
196
196
188
188
188
188
188
188
188
188
188
188
188
211
211
198
198
190
190
190
190
190
190
190
190
190
190
190
190
200
200
180
180
180
176
176
176
176
176
176
176
172
172
172
172
170
170
170
242
242
242
242
242
242
242
325
325
311
311
328
328
328
320
320
208
208
208
208
208
362
362
358
358
360
360
360
355
355
355
355
355
355
355
355
355
355
355
355
355
355
355
355
62
62
62
62
62
62
62
70
70
70
70
70
74
74
74
74
74
74
74
62
62
62
62
60
60
60
60
60
60
60
60
60
60
58
58
58
58
58
58
58
58
58
58
58
58
58
58
60
60
65
65
65
65
65
60
60
60
60
60
60
60
62
62
62
62
62
62
62
62
62
62
62
62
62
62
60
60
60
60
60
60
60
60
60
60
60
60
60
60
60
60
60
60
60
60
60
60
60
60
60
60
60
60
60
60
60
60
60
60
60
60
60
60
60
60
60
60
60
60
60
60
60
60
60
60
60
60
60
60
60
60
60
60
60
60
60
60
60
60
60
60
60
60
60
60
60
60
60
60
60
60
60
60
60
60
60
60
60
60
60
60
60
60
60
60
60
60
60
60
60
60
60
60
60
60
60
60
60
60
60
60
60
60
60
60
60
60
60
60
60
60
60
60
60
60
60
60
60
60
60
60
60
60
60
60
60
60
60
60
60
60
60
60
60
60
60
60
60
60
60
60
60
60
60
60
60
60
60
60
60
60
60
60
60
60
60
60
60
60
60
60
60
60
60
60
60
60
60
60
60
60
60
60
60
60
60
60
60
60
60
60
60
60
60
60
60
60
60
60
60
60
60
60
60
60
60
60
60
60
60
60
60
60
60
60
60
60
60
60
60
60
60
60
60
60
60
60
60
60
60
60
60
60
60
60
60
60
60
60
60
60
60
60
60
60
60
60
60
60
60
60
60
60
60
60
60
60
60
60
60
60
60
60
60
60
60
60
60
60
60
60
60
60
60
60
60
60
60
60
60
60
60
60
60
60
60
60
60
60
60
60
60
60
60
60
60
60
60
60
60
60
60
60
60
60
60
60
60
60
60
60
60
60
60
60
60
60
60
60
60
178
178
178
178
178
178
178
178
178
170
170
170
170
170
166
166
166
166
166
166
166
166
166
166
166
150
150
150
195
195
195
195
195
195
195
198
198
198
198
198
198
198
208
208
208
208
208
208
208
208
208
208
208
208
208
208
208
208
208
208
208
208
208
208
208
208
208
208
208
208
225
225
225
225
225
225
225
225
225
225
225
194
194
194
194
194
194
194
194
