0
0
0
0
0
0
0
0
0
0
0
0
0
0
0
0
0
0
0
0
0
0
0
0
0
0
0
0
0
0
0
0
0
0
0
0
0
0
0
0
0
0
0
0
0
0
0
0
0
0
0
0
0
0
0
0
0
0
0
0
0
0
0
0
0
0
0
0
0
0
0
0
0
0
0
0
0
0
0
0
0
0
0
0
0
0
0
0
0
0
0
0
0
0
0
0
0
0
0
0
0
0
0
0
0
0
0
0
0
0
0
0
0
0
0
0
0
0
0
0
0
0
0
0
0
0
0
0
0
0
0
0
0
0
0
0
0
0
0
0
0
0
0
0
0
0
0
0
0
0
0
0
0
0
0
0
0
0
0
0
0
0
0
0
0
0
0
0
0
0
0
0
0
0
0
0
0
0
0
0
0
0
0
0
0
0
0
0
0
0
0
0
0
0
0
0
0
0
0
0
0
0
0
0
0
0
0
0
0
0
0
0
0
0
0
0
0
0
0
0
0
0
0
0
0
0
0
0
0
0
0
0
0
0
0
0
0
0
0
0
0
0
0
0
0
0
0
0
0
0
0
0
0
0
0
0
0
0
0
0
0
0
0
0
0
0
0
0
0
0
0
0
0
0
0
0
0
0
0
0
0
0
0
0
0
0
0
0
0
0
0
0
0
0
0
0
0
0
0
0
0
0
0
0
0
0
0
0
0
0
0
0
0
0
0
0
0
0
0
0
0
0
0
0
0
0
0
0
0
0
0
0
0
0
0
0
0
0
0
0
0
0
0
0
0
0
0
0
0
0
0
0
0
0
0
0
0
0
0
0
0
0
0
0
0
0
0
0
0
0
0
0
0
0
0
0
0
0
0
0
0
0
0
0
0
0
0
0
0
0
0
0
0
0
0
0
0
0
0
0
0
0
0
0
0
0
0
0
0
0
0
0
0
0
0
0
0
0
0
0
0
0
0
0
0
0
0
0
0
0
0
0
0
0
0
0
0
0
0
0
0
0
0
0
0
0
0
0
0
0
0
0
0
0
0
0
0
0
0
0
0
0
0
0
0
0
0
0
0
0
0
0
0
0
0
0
0
0
0
0
0
0
0
0
0
0
0
0
0
0
0
0
0
0
0
0
0
0
0
0
0
0
0
0
0
0
0
0
0
0
0
0
0
0
0
0
0
0
0
0
0
0
0
0
0
0
0
0
0
0
0
0
0
0
0
0
0
0
0
0
0
0
0
0
0
0
0
0
0
0
0
0
0
0
0
0
0
0
0
0
0
0
0
0
0
0
0
0
0
0
0
0
0
0
0
0
0
0
0
0
0
0
0
0
0
0
0
0
0
0
0
0
0
0
0
0
0
0
0
0
0
0
0
0
0
0
0
0
0
0
0
0
0
0
0
0
0
0
0
0
0
0
0
0
0
0
0
0
0
0
0
0
0
0
0
0
0
0
0
0
0
0
0
0
0
0
0
0
0
0
0
0
0
0
0
0
0
0
0
0
0
0
0
0
0
0
0
0
0
0
0
0
0
0
0
0
0
0
0
0
0
0
0
0
0
0
0
0
0
0
0
0
0
0
0
0
0
0
0
0
0
0
0
0
0
0
0
0
0
0
0
0
0
0
0
0
0
0
0
0
0
0
0
0
0
0
0
0
0
0
0
0
0
0
0
0
0
0
0
0
0
0
0
0
0
0
0
0
0
0
0
0
0
0
0
0
0
0
0
0
0
0
4.218000e+01
5.979000e+01
4.178000e+01
4.218000e+01
4.218000e+01
2.564000e+01
5.979000e+01
2.617000e+01
2.553000e+01
4.259000e+01
0
3.880000e+01
4.569000e+01
7.344000e+01
5.863000e+01
6.036000e+01
7.483000e+01
6.092000e+01
7.483000e+01
8.746000e+01
9.723000e+01
8.746000e+01
1.833000e+01
0
7.483000e+01
1.078200e+02
1.175500e+02
4.299000e+01
1.097000e+02
1.410900e+02
1.372200e+02
1.334000e+02
1.464400e+02
1.356800e+02
1.322400e+02
1.365000e+02
1.397000e+02
1.484900e+02
1.423000e+02
1.423000e+02
1.438100e+02
1.543100e+02
1.509900e+02
1.522300e+02
1.522300e+02
1.529800e+02
1.531700e+02
1.543100e+02
8.552000e+01
8.691000e+01
8.766000e+01
8.631000e+01
1.403000e+02
1.829800e+02
1.799400e+02
1.774500e+02
1.801900e+02
1.841600e+02
1.875100e+02
1.909100e+02
1.909100e+02
1.909100e+02
1.944500e+02
2.073500e+02
2.071000e+02
2.196800e+02
2.218400e+02
2.228400e+02
2.348200e+02
2.338900e+02
2.442000e+02
2.820400e+02
2.810100e+02
2.877000e+02
3.003200e+02
3.094300e+02
2.983300e+02
2.964900e+02
2.958400e+02
2.987400e+02
3.025100e+02
2.974000e+02
2.943300e+02
2.939300e+02
2.901700e+02
2.897000e+02
2.922400e+02
2.975500e+02
2.990600e+02
2.990600e+02
3.006200e+02
3.010600e+02
2.986200e+02
2.978000e+02
3.014500e+02
3.030100e+02
2.996300e+02
2.978000e+02
2.989300e+02
3.013300e+02
3.005800e+02
2.994900e+02
2.977000e+02
2.969600e+02
2.950100e+02
2.943100e+02
3.149300e+02
3.047600e+02
3.024700e+02
3.033600e+02
3.028200e+02
2.991700e+02
301
3.065600e+02
307
3.018200e+02
3.020400e+02
3.051400e+02
3.053700e+02
3.047200e+02
3.050900e+02
3.078000e+02
3.033800e+02
3.045800e+02
3.033800e+02
3.040600e+02
3.029900e+02
2.967400e+02
3.005000e+02
3.080900e+02
3.147300e+02
3.148600e+02
3.118700e+02
3.103800e+02
3.081200e+02
3.110900e+02
309
3.077700e+02
3.085200e+02
3.136600e+02
3.136600e+02
3.136600e+02
3.064500e+02
3.131700e+02
3.154200e+02
3.089000e+02
3.097200e+02
3.060500e+02
3.123400e+02
3.099400e+02
3.118600e+02
3.093500e+02
3.111700e+02
3.107100e+02
3.107100e+02
3.014500e+02
3.055600e+02
3.049600e+02
3.092400e+02
3.092400e+02
3.058500e+02
3.049400e+02
3.042300e+02
3.055900e+02
3.032100e+02
3.109100e+02
3.116100e+02
3.061400e+02
3.054700e+02
2.998800e+02
3.018000e+02
3.018000e+02
3.018000e+02
2.984700e+02
2.979700e+02
2.977000e+02
2.946700e+02
2.961800e+02
2.961800e+02
2.955900e+02
2.971700e+02
2.996700e+02
3.029700e+02
3.061900e+02
3.152000e+02
3.120900e+02
3.059500e+02
3.009600e+02
2.978100e+02
2.990700e+02
2.951000e+02
2.919000e+02
3.121600e+02
3.056800e+02
2.968400e+02
2.964900e+02
2.936300e+02
2.925700e+02
2.974200e+02
2.984300e+02
3.003800e+02
3.042200e+02
3.038200e+02
3.076700e+02
3.025400e+02
3.051100e+02
3.087800e+02
3.162700e+02
3.131400e+02
3.094700e+02
3.131800e+02
3.114400e+02
3.097300e+02
3.097300e+02
3.097300e+02
3.101200e+02
3.030400e+02
3.050400e+02
2.947400e+02
2.933100e+02
2.927900e+02
2.907100e+02
2.901800e+02
2.870800e+02
2.906000e+02
2.939700e+02
2.919100e+02
2.904800e+02
2.930500e+02
2.908400e+02
2.928100e+02
2.876900e+02
2.835500e+02
2.773800e+02
2.820400e+02
2.936100e+02
2.974100e+02
2.947400e+02
2.940800e+02
2.909200e+02
2.897900e+02
2.940300e+02
2.898500e+02
2.960100e+02
2.952900e+02
3.004100e+02
300
2.956200e+02
304
3.035200e+02
3.107500e+02
3.143900e+02
3.068800e+02
3.054200e+02
3.090700e+02
3.041600e+02
3.031600e+02
3.025400e+02
3.028600e+02
2.974700e+02
2.974700e+02
3.025500e+02
3.022100e+02
3.051700e+02
2.997100e+02
2.992400e+02
2.987700e+02
2.979600e+02
3.044300e+02
3.081200e+02
3.081120e+02
3.035600e+02
3.022700e+02
3.019200e+02
3.006900e+02
3.062200e+02
2.970300e+02
2.943000e+02
2.913800e+02
2.932900e+02
2.798400e+02
2.985500e+02
3.008500e+02
2.997700e+02
2.957400e+02
3.000500e+02
2.984500e+02
3.008500e+02
3.000500e+02
2.949200e+02
2.984900e+02
2.894900e+02
2.966500e+02
3.010400e+02
3.054900e+02
3.007100e+02
3.105100e+02
3.077000e+02
3.134800e+02
3.149000e+02
3.208000e+02
3.120870e+02
3.130296e+02
3.219400e+02
3.210300e+02
3.265100e+02
3.196000e+02
3.380700e+02
3.380700e+02
3.380700e+02
3.095700e+02
3.119300e+02
3.086200e+02
3.119700e+02
3.154900e+02
3.154900e+02
3.154900e+02
3.014700e+02
3.019600e+02
3.083400e+02
3.054000e+02
3.003600e+02
3.003600e+02
3.003600e+02
2.959200e+02
2.932100e+02
2.981100e+02
2.888000e+02
2.090400e+02
2.090400e+02
2.090400e+02
3.058800e+02
3.058800e+02
3.058800e+02
3.088600e+02
3.070600e+02
3.070600e+02
3.070600e+02
3.070600e+02
3.007800e+02
3.041600e+02
3.033600e+02
2.985700e+02
2.985700e+02
2.985700e+02
2.933100e+02
2.936700e+02
2.922400e+02
2.900100e+02
2.910700e+02
288
2.878400e+02
290
2.985200e+02
2.942500e+02
2.893000e+02
2.881200e+02
2.870500e+02
2.857700e+02
2.844800e+02
2.873600e+02
2.860200e+02
2.903100e+02
2.892400e+02
2.877200e+02
2.892200e+02
2.867000e+02
2.867000e+02
2.865200e+02
2.857900e+02
2.865500e+02
2.865500e+02
2.865500e+02
2.975700e+02
2.905500e+02
2.912300e+02
2.878300e+02
2.922600e+02
2.922600e+02
2.922600e+02
2.872800e+02
2.848800e+02
2.887600e+02
2.887600e+02
2.875000e+02
2.875000e+02
2.875000e+02
2.935100e+02
2.950100e+02
2.921800e+02
2.911300e+02
3.467100e+02
3.467100e+02
3.467100e+02
3.409600e+02
3.335200e+02
3.223200e+02
3.248900e+02
3.530700e+02
3.530700e+02
3.530700e+02
2.488800e+02
3.241400e+02
3.612000e+02
3.550600e+02
3.521400e+02
3.521400e+02
3.521400e+02
1.416000e+02
4.820900e+02
399
3.873200e+02
3.817700e+02
3.817700e+02
3.817700e+02
3.817100e+02
3.792400e+02
3.792400e+02
3.778000e+02
2.825900e+02
2.825900e+02
2.825900e+02
3.834000e+02
3.732500e+02
3.780800e+02
371
371
371
371
3.635700e+02
3.572000e+02
3.541100e+02
360
3.563500e+02
3.563500e+02
3.563500e+02
3.582900e+02
3.640200e+02
3.644800e+02
3.681200e+02
3.671300e+02
3.671300e+02
3.671300e+02
3.616500e+02
3.552200e+02
3.473500e+02
3.579500e+02
3.522600e+02
3.522600e+02
3.522600e+02
3.475800e+02
3.482400e+02
3.487700e+02
3.450600e+02
3.409300e+02
3.409300e+02
3.409300e+02
3.497300e+02
3.467000e+02
3.432500e+02
3.483500e+02
3.460900e+02
3.460900e+02
3.460900e+02
3.464800e+02
3.464300e+02
3.463300e+02
3.458400e+02
3.458400e+02
3.458400e+02
3.458400e+02
3.458400e+02
3.451600e+02
3.481100e+02
3.472200e+02
3.464000e+02
3.464000e+02
3.464000e+02
3.464000e+02
3.512900e+02
3.404000e+02
3.397000e+02
3.348200e+02
3.348200e+02
3.348200e+02
3.455700e+02
3.455700e+02
3.455700e+02
3.455700e+02
3.258900e+02
3.258900e+02
3.258900e+02
3.281700e+02
3.291100e+02
3.265200e+02
3.168000e+02
3.162000e+02
3.162000e+02
3.162000e+02
3.158400e+02
6.156700e+02
6.156700e+02
6.156700e+02
3.200800e+02
3.200800e+02
3.200800e+02
3.335500e+02
3.344200e+02
3.328600e+02
3.356200e+02
3.300500e+02
3.300500e+02
3.300500e+02
3.387000e+02
3.347600e+02
2.575800e+02
2.146900e+02
2.081300e+02
2.081300e+02
2.081300e+02
1.951300e+02
1.951300e+02
1.951300e+02
3.643000e+02
3.546000e+02
3.546000e+02
3.546000e+02
3.517100e+02
3.503600e+02
3.499300e+02
3.502100e+02
3.503300e+02
3.503300e+02
3.503300e+02
3.503300e+02
3.479600e+02
3.479600e+02
3.479600e+02
3.479600e+02
3.479600e+02
3.479600e+02
3.585500e+02
3.584000e+02
3.584000e+02
3.584000e+02
3.584000e+02
3.584000e+02
3.584000e+02
3.547800e+02
3.533100e+02
3.616500e+02
3.651000e+02
3.632000e+02
3.632000e+02
3.632000e+02
3.635500e+02
3.634000e+02
3.679200e+02
3.679200e+02
3.679200e+02
3.679200e+02
3.679200e+02
1.968000e+02
1.789600e+02
1.799300e+02
1.799300e+02
4.152600e+02
4.152600e+02
4.152600e+02
3.838900e+02
3.838900e+02
3.838900e+02
3.838900e+02
3.887700e+02
3.887700e+02
3.887700e+02
3.780900e+02
3.780200e+02
3.836400e+02
3.796100e+02
3.818300e+02
3.818300e+02
3.818300e+02
3.833500e+02
3.862700e+02
3.862700e+02
3.864400e+02
3.864400e+02
3.864400e+02
3.864400e+02
2.147000e+02
2.462400e+02
2.462400e+02
2.400200e+02
2.321400e+02
2.321400e+02
2.321400e+02
2.259200e+02
2.229800e+02
2.205200e+02
2.205200e+02
2.205200e+02
2.205200e+02
2.205200e+02
2.101800e+02
2.083100e+02
2.062800e+02
2.052000e+02
2.036700e+02
2.036700e+02
2.036700e+02
1.997200e+02
1.997200e+02
1.997200e+02
1.997200e+02
1.997200e+02
1.997200e+02
1.997200e+02
1.920900e+02
1.891200e+02
1.891400e+02
1.872800e+02
1.872800e+02
1.872800e+02
1.872800e+02
4.644800e+02
4.342100e+02
419
4.121900e+02
4.121900e+02
4.121900e+02
4.121900e+02
4.032200e+02
4.000400e+02
4.006100e+02
3.978800e+02
3.955000e+02
3.955000e+02
3.955000e+02
3.310300e+02
2.722700e+02
2.565600e+02
2.565600e+02
2.353700e+02
2.353700e+02
2.353700e+02
2.155600e+02
2.155600e+02
2.155600e+02
0
0
0
0
0
0
0
2.167700e+02
2.135500e+02
2.135500e+02
2.135500e+02
2.139000e+02
2.128600e+02
2.121300e+02
2.109500e+02
2.089000e+02
2.089000e+02
2.089000e+02
2.047500e+02
2.030900e+02
2.013500e+02
2.013500e+02
4.975500e+02
4.975500e+02
4.975500e+02
4.718600e+02
4.727900e+02
4.729600e+02
4.597300e+02
4.596700e+02
4.596700e+02
4.596700e+02
4.596700e+02
4.596700e+02
4.596700e+02
4.514100e+02
4.512100e+02
4.512100e+02
4.512100e+02
4.512100e+02
4.944300e+02
4.912900e+02
4.912900e+02
4.834300e+02
4.834300e+02
4.834300e+02
4.667300e+02
4.667300e+02
6.469400e+02
6.469400e+02
6.469400e+02
6.469400e+02
6.469400e+02
4.530100e+02
4.530100e+02
6.900000e-01
4.898800e+02
4.844200e+02
4.844200e+02
4.844200e+02
4.718400e+02
4.670600e+02
4.565800e+02
4.719900e+02
4.691400e+02
4.691400e+02
4.691400e+02
4.583200e+02
4.567000e+02
4.585700e+02
4.476800e+02
4.447900e+02
4.447900e+02
4.447900e+02
4.477300e+02
4.443000e+02
4.438700e+02
4.552700e+02
4.593000e+02
4.593000e+02
4.593000e+02
4.503300e+02
4.501800e+02
4.485800e+02
4.469000e+02
4.501700e+02
4.501700e+02
4.501700e+02
4.487000e+02
4.480700e+02
4.465200e+02
4.414400e+02
4.401700e+02
4.401700e+02
4.401700e+02
4.458000e+02
4.476900e+02
4.433800e+02
1.442600e+02
4.475300e+02
4.475300e+02
4.475300e+02
4.478200e+02
4.543400e+02
4.543400e+02
4.543400e+02
4.418600e+02
4.418600e+02
4.418600e+02
4.502800e+02
4.432700e+02
4.425300e+02
4.450200e+02
4.423600e+02
4.423600e+02
4.423600e+02
4.372100e+02
4.372100e+02
4.394500e+02
4.394500e+02
4.394500e+02
4.394500e+02
4.394500e+02
4.509100e+02
4.504700e+02
4.413400e+02
4.408800e+02
4.424000e+02
4.424000e+02
4.424000e+02
4.427900e+02
4.427900e+02
4.427900e+02
4.427900e+02
4.427900e+02
4.427900e+02
4.427900e+02
2.631300e+02
2.631300e+02
2.631300e+02
2.377500e+02
2.377500e+02
2.377500e+02
2.377500e+02
2.064000e+02
2.064000e+02
2.064000e+02
2.064000e+02
2.064000e+02
2.064000e+02
2.064000e+02
2.124200e+02
2.124200e+02
2.124200e+02
2.007000e+02
1.971700e+02
1.971700e+02
1.971700e+02
1.819100e+02
1.819100e+02
1.819100e+02
1.819100e+02
1.819100e+02
1.819100e+02
1.819100e+02
1.727800e+02
1.727800e+02
1.603500e+02
1.603500e+02
1.554300e+02
1.554300e+02
1.554300e+02
1.463700e+02
1.463700e+02
1.463700e+02
1.463700e+02
1.463700e+02
1.463700e+02
1.463700e+02
1.151500e+02
1.151500e+02
1.169000e+01
1.169000e+01
1.169000e+01
1.169000e+01
1.169000e+01
0
0
0
0
0
0
0
0
0
0
0
4.409000e+01
4.409000e+01
4.409000e+01
4.437000e+01
4.437000e+01
4.437000e+01
4.437000e+01
0
0
0
4.396000e+01
4.396000e+01
4.397000e+01
4.397000e+01
4.292000e+01
4.292000e+01
4.292000e+01
4.455000e+01
4.455000e+01
4.618000e+01
4.618000e+01
4.606000e+01
4.606000e+01
4.606000e+01
4.420000e+01
4.420000e+01
4.370000e+01
4.370000e+01
4.370000e+01
4.370000e+01
4.370000e+01
4.350000e+01
4.350000e+01
4.359000e+01
4.359000e+01
4.359000e+01
4.359000e+01
4.359000e+01
4.359000e+01
4.359000e+01
4.464000e+01
4.464000e+01
4.486000e+01
4.486000e+01
4.486000e+01
4.292000e+01
4.292000e+01
4.254000e+01
4.254000e+01
4.277000e+01
4.277000e+01
4.277000e+01
4.277000e+01
4.277000e+01
4.277000e+01
4.277000e+01
4.277000e+01
4.277000e+01
4.277000e+01
4.277000e+01
4.277000e+01
4.277000e+01
4.277000e+01
4.277000e+01
4.277000e+01
4.277000e+01
2.109600e+02
2.109600e+02
2.057500e+02
2.057500e+02
2.061500e+02
2.061500e+02
2.061500e+02
2.073600e+02
2.073600e+02
2.056800e+02
2.056800e+02
2.086300e+02
2.086300e+02
2.086300e+02
2.093900e+02
2.093900e+02
2.118300e+02
2.118300e+02
2.115600e+02
2.115600e+02
2.115600e+02
2.129100e+02
2.129100e+02
2.138300e+02
2.138300e+02
2.138300e+02
2.138300e+02
2.138300e+02
2.138300e+02
2.138300e+02
2.204400e+02
2.204400e+02
2.204400e+02
2.204400e+02
2.204400e+02
1.978200e+02
1.978200e+02
2.169100e+02
2.169100e+02
2.030900e+02
2.030900e+02
2.030900e+02
2.263600e+02
2.263600e+02
2.263600e+02
2.263600e+02
2.779400e+02
2.779400e+02
2.779400e+02
2.771000e+02
2.771000e+02
2.749800e+02
2.749800e+02
2.740400e+02
2.740400e+02
2.740400e+02
2.748800e+02
2.748800e+02
2.748800e+02
2.748800e+02
2.748800e+02
2.748800e+02
2.748800e+02
2.748800e+02
2.748800e+02
2.748800e+02
2.748800e+02
2.773300e+02
2.773300e+02
2.773300e+02
2.773300e+02
2.773300e+02
2.771300e+02
2.771300e+02
1.032700e+02
1.032700e+02
1.032700e+02
3.539000e+01
3.539000e+01
3.539000e+01
3.539000e+01
0
0
0
0
0
3.193000e+02
3.193000e+02
2.625800e+02
2.625800e+02
2.625800e+02
2.872200e+02
2.872200e+02
2.943700e+02
2.943700e+02
3.013200e+02
3.013200e+02
3.013200e+02
3.053300e+02
3.053300e+02
3.061200e+02
3.061200e+02
3.086400e+02
3.086400e+02
3.086400e+02
3.054100e+02
3.054100e+02
3.054100e+02
3.054100e+02
3.159200e+02
3.159200e+02
3.159200e+02
3.168600e+02
3.168600e+02
3.194300e+02
3.194300e+02
3.194300e+02
3.194300e+02
3.194300e+02
3.176100e+02
3.176100e+02
3.383600e+02
3.383600e+02
3.383600e+02
3.383600e+02
3.383600e+02
3.032700e+02
3.032700e+02
3.424400e+02
3.424400e+02
3.654000e+02
3.654000e+02
3.654000e+02
3.794400e+02
3.794400e+02
3.794400e+02
3.794400e+02
3.794400e+02
3.794400e+02
3.794400e+02
3.719000e+02
3.719000e+02
3.719000e+02
3.719000e+02
3.719000e+02
3.719000e+02
3.719000e+02
3.870200e+02
3.870200e+02
4.146500e+02
4.146500e+02
4.146500e+02
4.146500e+02
4.146500e+02
4.146500e+02
4.146500e+02
1.066000e+02
1.066000e+02
1.066000e+02
1.066000e+02
1.066000e+02
1.064300e+02
1.064300e+02
1.064300e+02
1.064300e+02
1.064300e+02
1.064300e+02
1.064300e+02
3.668000e+02
3.668000e+02
3.668000e+02
3.668000e+02
3.668000e+02
3.668000e+02
3.668000e+02
4.284300e+02
4.284300e+02
4.433500e+02
4.433500e+02
4.653200e+02
4.653200e+02
4.653200e+02
4.762100e+02
4.762100e+02
4.762100e+02
4.762100e+02
4.762100e+02
4.762100e+02
4.762100e+02
4.762100e+02
1.879200e+02
1.879200e+02
1.879200e+02
4.791900e+02
4.791900e+02
4.791900e+02
1.881400e+02
1.881400e+02
1.881400e+02
1.881400e+02
1.881400e+02
1.881400e+02
1.881400e+02
2.189400e+02
2.189400e+02
4.844600e+02
4.844600e+02
4.206800e+02
4.206800e+02
4.206800e+02
5.050800e+02
5.050800e+02
5.050800e+02
5.050800e+02
5.050800e+02
5.050800e+02
5.050800e+02
5.180200e+02
5.180200e+02
5.180200e+02
5.180200e+02
5.781300e+02
5.781300e+02
5.781300e+02
5.815200e+02
5.815200e+02
5.815200e+02
5.815200e+02
5.815200e+02
5.815200e+02
5.815200e+02
5.815200e+02
5.815200e+02
5.815200e+02
2.840400e+02
2.840400e+02
2.840400e+02
2.840400e+02
4.679900e+02
4.679900e+02
4.679900e+02
4.679900e+02
4.679900e+02
4.679900e+02
4.679900e+02
4.679900e+02
4.679900e+02
5.612500e+02
5.612500e+02
5.612500e+02
5.612500e+02
5.612500e+02
5.439100e+02
5.439100e+02
5.439100e+02
5.439100e+02
5.439100e+02
5.439100e+02
5.439100e+02
5.439100e+02
5.439100e+02
5.439100e+02
5.439100e+02
5.439100e+02
5.439100e+02
5.439100e+02
5.395200e+02
5.395200e+02
5.309300e+02
5.309300e+02
5.309300e+02
5.309300e+02
5.309300e+02
5.453700e+02
5.453700e+02
5.453700e+02
5.453700e+02
5.453700e+02
5.453700e+02
5.453700e+02
5.190700e+02
5.190700e+02
5.190700e+02
5.190700e+02
5.190700e+02
5.190700e+02
5.190700e+02
5.091300e+02
5.091300e+02
5.212900e+02
5.212900e+02
5.274400e+02
5.274400e+02
5.274400e+02
5.211000e+02
5.211000e+02
5.043300e+02
5.043300e+02
5.091200e+02
5.091200e+02
5.091200e+02
4.981800e+02
4.981800e+02
4.953700e+02
4.953700e+02
5.049900e+02
5.049900e+02
5.049900e+02
5.129000e+02
5.129000e+02
5.129000e+02
5.129000e+02
5.129000e+02
5.129000e+02
5.129000e+02
5.118100e+02
5.118100e+02
2.719600e+02
2.719600e+02
5.507500e+02
5.507500e+02
5.507500e+02
5.507500e+02
5.507500e+02
5.507500e+02
5.507500e+02
5.072900e+02
5.072900e+02
5.072900e+02
1.745400e+02
1.745400e+02
2.009000e+02
2.009000e+02
2.009000e+02
2.009000e+02
2.009000e+02
2.009000e+02
2.009000e+02
2.009000e+02
2.009000e+02
2.009000e+02
2.009000e+02
2.009000e+02
2.009000e+02
2.009000e+02
5.191300e+02
5.191300e+02
5.191300e+02
5.191300e+02
5.191300e+02
5.191300e+02
5.191300e+02
5.191300e+02
5.191300e+02
5.191300e+02
5.191300e+02
5.191300e+02
5.191300e+02
5.191300e+02
5.191300e+02
5.191300e+02
5.191300e+02
5.191300e+02
5.191300e+02
5.191300e+02
5.191300e+02
6.024200e+02
6.024200e+02
6.024200e+02
6.024200e+02
6.024200e+02
6.024200e+02
6.024200e+02
6.024200e+02
6.024200e+02
6.024200e+02
6.024200e+02
6.024200e+02
6.024200e+02
5.171000e+02
5.171000e+02
5.171000e+02
5.171000e+02
5.171000e+02
5.171000e+02
5.180600e+02
5.180600e+02
5.138200e+02
5.138200e+02
5.138200e+02
5.138200e+02
5.138200e+02
5.112200e+02
5.112200e+02
5.112200e+02
5.112200e+02
5.112200e+02
5.112200e+02
5.112200e+02
5.174300e+02
5.174300e+02
5.109000e+02
5.109000e+02
5.051500e+02
5.051500e+02
5.051500e+02
3.653000e+02
3.653000e+02
3.653000e+02
3.653000e+02
3.653000e+02
3.653000e+02
3.653000e+02
5.091600e+02
5.091600e+02
5.009700e+02
5.009700e+02
4.999700e+02
4.999700e+02
4.999700e+02
2.523700e+02
2.523700e+02
2.523700e+02
2.523700e+02
2.523700e+02
2.523700e+02
2.523700e+02
2.435100e+02
2.435100e+02
2.408300e+02
2.408300e+02
1.979200e+02
1.979200e+02
1.979200e+02
5.386800e+02
5.386800e+02
5.386800e+02
5.386800e+02
5.386800e+02
5.386800e+02
5.386800e+02
5.386800e+02
5.386800e+02
5.386800e+02
5.386800e+02
5.386800e+02
5.386800e+02
5.386800e+02
4.840900e+02
4.840900e+02
4.844900e+02
4.844900e+02
4.844000e+02
4.844000e+02
4.844000e+02
4.822600e+02
4.822600e+02
4.818400e+02
4.818400e+02
4.832000e+02
4.832000e+02
4.832000e+02
4.834000e+02
4.834000e+02
4.834000e+02
4.834000e+02
4.834000e+02
4.834000e+02
4.834000e+02
4.823700e+02
4.823700e+02
4.918400e+02
4.918400e+02
4.926500e+02
4.926500e+02
4.926500e+02
4.848400e+02
4.848400e+02
4.848400e+02
4.848400e+02
4.760600e+02
4.760600e+02
4.760600e+02
4.739800e+02
4.739800e+02
4.702100e+02
4.702100e+02
4.708100e+02
4.708100e+02
4.708100e+02
4.708100e+02
4.708100e+02
4.708100e+02
4.708100e+02
4.838300e+02
4.838300e+02
4.838300e+02
4.838300e+02
4.838300e+02
4.802300e+02
4.802300e+02
4.728500e+02
4.728500e+02
4.728500e+02
4.775800e+02
4.775800e+02
4.762200e+02
4.762200e+02
4.762200e+02
4.762200e+02
4.762200e+02
4.702000e+02
4.702000e+02
4.631100e+02
4.631100e+02
4.685200e+02
4.685200e+02
4.685200e+02
4.615200e+02
4.615200e+02
4.615200e+02
4.615200e+02
4.609300e+02
4.609300e+02
4.609300e+02
4.841600e+02
4.841600e+02
4.705900e+02
4.705900e+02
4.683200e+02
4.683200e+02
4.683200e+02
4.634500e+02
4.634500e+02
4.830300e+02
4.830300e+02
4.830300e+02
4.830300e+02
4.830300e+02
4.663900e+02
4.663900e+02
4.673700e+02
4.673700e+02
4.656400e+02
4.656400e+02
4.656400e+02
4.195000e+02
4.195000e+02
4.533600e+02
4.533600e+02
4.533600e+02
4.353400e+02
4.353400e+02
4.353400e+02
4.662700e+02
4.662700e+02
4.662700e+02
4.662700e+02
4.581900e+02
4.581900e+02
4.581900e+02
4.562100e+02
1.330600e+02
1.330600e+02
1.330600e+02
1.330600e+02
1.330600e+02
4.562700e+02
4.562700e+02
4.503300e+02
4.503300e+02
4.541200e+02
4.541200e+02
4.541200e+02
4.512100e+02
4.512100e+02
4.486800e+02
4.486800e+02
4.446000e+02
4.446000e+02
4.446000e+02
4.474100e+02
4.474100e+02
4.474100e+02
442
4.418600e+02
4.418600e+02
4.418600e+02
4.413500e+02
4.413500e+02
4.413500e+02
4.413500e+02
4.413500e+02
4.413500e+02
4.413500e+02
4.375400e+02
4.375400e+02
4.339600e+02
4.339600e+02
4.318200e+02
4.318200e+02
4.318200e+02
4.309700e+02
4.309700e+02
4.317400e+02
4.317400e+02
4.302600e+02
4.302600e+02
4.302600e+02
4.335200e+02
4.335200e+02
4.327400e+02
4.327400e+02
4.640700e+02
4.640700e+02
4.640700e+02
4.343800e+02
4.343800e+02
4.414700e+02
4.414700e+02
4.321000e+02
4.321000e+02
4.321000e+02
4.363000e+02
4.363000e+02
4.364100e+02
4.364100e+02
434
434
434
4.320400e+02
4.320400e+02
4.290800e+02
4.290800e+02
4.262900e+02
4.262900e+02
4.262900e+02
4.259100e+02
4.259100e+02
4.211300e+02
4.211300e+02
4.192200e+02
4.192200e+02
4.192200e+02
4.184500e+02
4.184500e+02
2.042600e+02
2.042600e+02
2.042600e+02
2.042600e+02
2.042600e+02
4.438400e+02
4.438400e+02
4.335100e+02
4.335100e+02
4.345000e+02
4.345000e+02
4.345000e+02
4.344500e+02
4.344500e+02
4.358600e+02
4.358600e+02
4.320900e+02
4.320900e+02
4.320900e+02
4.311800e+02
4.311800e+02
4.290400e+02
4.290400e+02
4.290400e+02
4.290400e+02
4.290400e+02
4.513300e+02
4.513300e+02
4.335000e+02
4.335000e+02
4.279000e+02
4.279000e+02
4.279000e+02
4.227700e+02
4.227700e+02
4.230600e+02
4.230600e+02
4.231900e+02
4.231900e+02
4.231900e+02
4.246900e+02
4.246900e+02
4.246900e+02
4.246900e+02
4.246900e+02
4.246900e+02
4.246900e+02
4.442400e+02
4.442400e+02
4.375600e+02
4.375600e+02
4.344700e+02
4.344700e+02
4.344700e+02
4.248500e+02
4.248500e+02
4.248500e+02
4.248500e+02
4.296400e+02
4.296400e+02
4.296400e+02
4.003400e+02
4.003400e+02
4.322800e+02
4.322800e+02
4.322800e+02
4.322800e+02
4.322800e+02
4.224000e+02
4.224000e+02
4.245700e+02
4.245700e+02
4.197500e+02
4.197500e+02
4.197500e+02
426
426
4.240200e+02
4.240200e+02
4.248700e+02
4.248700e+02
4.248700e+02
4.237800e+02
4.237800e+02
4.120300e+02
4.120300e+02
4.160500e+02
4.160500e+02
4.160500e+02
4.066600e+02
4.066600e+02
4.066600e+02
4.066600e+02
4.065200e+02
4.065200e+02
4.065200e+02
4.047700e+02
4.047700e+02
4.047700e+02
4.047700e+02
4.047700e+02
4.047700e+02
4.047700e+02
4.060500e+02
4.060500e+02
4.058000e+02
4.058000e+02
4.058000e+02
4.058000e+02
4.058000e+02
4.084200e+02
4.084200e+02
4.021300e+02
4.021300e+02
4.001700e+02
4.001700e+02
4.001700e+02
4.019900e+02
4.019900e+02
3.996300e+02
3.996300e+02
3.997700e+02
3.997700e+02
3.997700e+02
3.933500e+02
3.933500e+02
3.930300e+02
3.930300e+02
3.930300e+02
3.930300e+02
3.930300e+02
3.930300e+02
3.930300e+02
3.839700e+02
3.839700e+02
3.839700e+02
3.839700e+02
3.839700e+02
3.842700e+02
3.842700e+02
3.904100e+02
3.904100e+02
3.827500e+02
3.827500e+02
3.827500e+02
3.743300e+02
3.743300e+02
3.661500e+02
3.661500e+02
3.666200e+02
3.666200e+02
3.666200e+02
3.655900e+02
3.655900e+02
3.820600e+02
3.820600e+02
3.820600e+02
3.820600e+02
3.820600e+02
3.762600e+02
3.762600e+02
3.840800e+02
3.840800e+02
3.840800e+02
3.840800e+02
3.840800e+02
3.828000e+02
3.828000e+02
3.783300e+02
3.783300e+02
3.812400e+02
3.812400e+02
3.812400e+02
3.774300e+02
3.774300e+02
3.730500e+02
3.730500e+02
3.730500e+02
3.730500e+02
3.730500e+02
3.730500e+02
3.730500e+02
3.735000e+02
3.735000e+02
3.732800e+02
3.732800e+02
3.732800e+02
3.756000e+02
3.756000e+02
3.227400e+02
3.227400e+02
3.227400e+02
3.227400e+02
3.227400e+02
3.831500e+02
3.831500e+02
3.749500e+02
3.749500e+02
3.895900e+02
3.895900e+02
3.895900e+02
3.851800e+02
3.851800e+02
3.855700e+02
3.855700e+02
3.855700e+02
3.855700e+02
3.855700e+02
3.799900e+02
3.799900e+02
3.814300e+02
3.814300e+02
3.814300e+02
3.814300e+02
3.814300e+02
3.774900e+02
3.774900e+02
3.709600e+02
3.709600e+02
3.709600e+02
3.709600e+02
3.709600e+02
3.688900e+02
3.688900e+02
3.656400e+02
3.656400e+02
3.656400e+02
3.656400e+02
3.656400e+02
3.600300e+02
3.600300e+02
3.577200e+02
3.577200e+02
3.577200e+02
3.577200e+02
3.577200e+02
3.588700e+02
3.588700e+02
3.588700e+02
3.588700e+02
3.539100e+02
3.539100e+02
3.539100e+02
3.471400e+02
3.471400e+02
346
346
346
346
346
346
346
3.463900e+02
3.463900e+02
3.463900e+02
3.463900e+02
3.463900e+02
3.618400e+02
3.618400e+02
3.618400e+02
3.618400e+02
3.341000e+02
3.341000e+02
3.341000e+02
3.426300e+02
3.426300e+02
3.419300e+02
3.419300e+02
3.167200e+02
3.167200e+02
3.167200e+02
3.126300e+02
3.126300e+02
3.095800e+02
3.095800e+02
3.095800e+02
3.095800e+02
3.095800e+02
3.072900e+02
3.072900e+02
3.054700e+02
3.054700e+02
3.105500e+02
3.105500e+02
3.105500e+02
3.103800e+02
3.103800e+02
3.085200e+02
3.085200e+02
3.085200e+02
3.085200e+02
3.085200e+02
3.044200e+02
3.044200e+02
3.392400e+02
3.392400e+02
3.479600e+02
3.479600e+02
3.479600e+02
3.479600e+02
3.479600e+02
3.479600e+02
3.479600e+02
3.479600e+02
3.479600e+02
3.479600e+02
3.416100e+02
3.416100e+02
3.407000e+02
3.407000e+02
3.411400e+02
3.411400e+02
3.411400e+02
3.411400e+02
3.411400e+02
3.383700e+02
3.383700e+02
3.383700e+02
3.383700e+02
3.383700e+02
3.398800e+02
3.398800e+02
3.397500e+02
3.397500e+02
3.399100e+02
3.399100e+02
3.399100e+02
3.399100e+02
3.399100e+02
3.399100e+02
3.399100e+02
3.399100e+02
3.399100e+02
3.399100e+02
3.427600e+02
3.427600e+02
3.427600e+02
3.427600e+02
3.418700e+02
3.418700e+02
3.418700e+02
3.410800e+02
3.410800e+02
3.411600e+02
3.411600e+02
341
341
341
340
340
337
337
340
340
340
340
340
335
335
340
340
340
339
339
334
334
334
334
334
334
334
334
334
334
334
334
3.316500e+02
3.316500e+02
3.211500e+02
3.211500e+02
3.198900e+02
3.198900e+02
3.198900e+02
3.164400e+02
3.164400e+02
2.953600e+02
2.953600e+02
2.930500e+02
2.930500e+02
2.930500e+02
3.254500e+02
3.254500e+02
3.254500e+02
3.254500e+02
3.174400e+02
3.174400e+02
3.174400e+02
3.127600e+02
3.127600e+02
3.122400e+02
3.122400e+02
3.114700e+02
3.114700e+02
3.114700e+02
3.129100e+02
3.129100e+02
3.131300e+02
3.131300e+02
3.016100e+02
3.016100e+02
3.016100e+02
3.156800e+02
3.156800e+02
3.156800e+02
3.156800e+02
3.135100e+02
3.135100e+02
3.135100e+02
3.138200e+02
3.138200e+02
3.142200e+02
3.142200e+02
3.137600e+02
3.137600e+02
3.137600e+02
3.126600e+02
3.126600e+02
3.123900e+02
3.123900e+02
3.200300e+02
3.200300e+02
3.200300e+02
3.206500e+02
3.206500e+02
3.214200e+02
3.214200e+02
3.214200e+02
3.214200e+02
3.214200e+02
3.131700e+02
3.131700e+02
3.187300e+02
3.187300e+02
3.073700e+02
3.073700e+02
3.073700e+02
3.046500e+02
3.046500e+02
3.078400e+02
3.078400e+02
3.069400e+02
3.069400e+02
3.069400e+02
2.998600e+02
2.998600e+02
2.975300e+02
2.975300e+02
3.051300e+02
3.051300e+02
3.051300e+02
2.986000e+02
2.986000e+02
2.986000e+02
2.986000e+02
3.105200e+02
3.105200e+02
3.105200e+02
3.119900e+02
3.119900e+02
3.032000e+02
3.032000e+02
3.025200e+02
3.025200e+02
3.025200e+02
3.025200e+02
3.025200e+02
3.025200e+02
3.025200e+02
3.025200e+02
3.025200e+02
3.025200e+02
3.016600e+02
3.016600e+02
2.998000e+02
2.998000e+02
2.998000e+02
2.998000e+02
2.998000e+02
2.823700e+02
2.823700e+02
2.801700e+02
2.801700e+02
2.790700e+02
2.790700e+02
2.790700e+02
2.829500e+02
2.829500e+02
3.003900e+02
3.003900e+02
2.936100e+02
2.936100e+02
2.936100e+02
2.907200e+02
2.907200e+02
2.874200e+02
2.874200e+02
2.874200e+02
