0
0
0
0
0
0
0
0
0
0
0
0
0
0
0
0
0
0
0
0
0
0
0
0
0
0
0
0
0
0
0
0
0
0
0
0
0
0
0
0
0
0
0
0
0
0
0
0
0
0
0
0
0
0
0
0
0
0
0
0
0
0
0
0
0
0
0
0
0
0
0
0
0
0
0
0
0
0
0
0
0
0
0
0
0
0
0
0
0
0
0
0
0
0
0
0
0
0
0
0
0
0
0
0
0
0
0
0
0
0
0
0
0
0
0
0
0
0
0
0
0
0
0
0
0
0
0
0
0
0
0
0
0
0
0
0
0
0
0
0
0
0
0
0
0
0
0
0
0
0
0
0
0
0
0
0
0
0
0
0
0
0
0
0
0
0
0
0
0
0
0
0
0
0
0
0
0
0
0
0
0
0
0
0
0
0
0
0
0
0
0
0
0
0
0
0
0
0
0
0
0
0
0
0
0
0
0
0
0
0
0
0
0
0
0
0
0
0
0
0
0
0
0
0
0
0
0
0
0
0
0
0
0
0
0
0
0
0
0
0
0
0
0
0
0
0
0
0
0
0
0
0
0
0
0
0
0
0
0
0
0
0
0
0
0
0
0
0
0
0
0
0
0
0
0
0
0
0
0
0
0
0
0
0
0
0
0
0
0
0
0
0
0
0
0
0
0
0
0
0
0
0
0
0
0
0
0
0
0
0
0
0
0
0
0
0
0
0
0
0
0
0
0
0
0
0
0
0
0
0
0
0
0
0
0
0
0
0
0
0
0
0
0
0
0
0
0
0
0
0
0
0
0
0
0
0
0
0
0
0
0
0
0
0
0
0
0
0
0
0
0
0
0
0
0
0
0
0
0
0
0
0
0
0
0
0
0
0
0
0
0
0
0
0
0
0
0
0
0
0
0
0
0
0
0
0
0
0
0
0
0
0
0
0
0
0
0
0
0
0
0
0
0
0
0
0
0
0
0
0
0
0
0
0
0
0
0
0
0
0
0
0
0
0
0
0
0
0
0
0
0
0
0
0
0
0
0
0
0
0
0
0
0
0
0
0
0
0
0
0
0
0
0
0
0
0
0
0
0
0
0
0
0
0
0
0
0
0
0
0
0
0
0
0
0
0
0
0
0
0
0
0
0
0
0
0
0
0
0
0
0
0
0
0
0
0
0
0
0
0
0
0
0
0
0
0
0
0
0
0
0
0
0
0
0
0
0
0
0
0
0
0
0
0
0
0
0
0
0
0
0
0
0
0
0
0
0
0
0
0
0
0
0
0
0
0
0
0
0
0
0
0
0
0
0
0
0
0
0
0
0
0
0
0
0
0
0
0
0
0
0
0
0
0
0
0
0
0
0
0
0
0
0
0
0
0
0
0
0
0
0
0
0
0
0
0
0
0
0
0
0
0
0
0
0
0
0
0
0
0
0
0
0
0
0
0
0
0
0
0
0
0
0
0
0
0
0
0
0
0
0
0
0
0
0
0
0
0
0
0
0
0
0
0
0
0
0
0
0
0
0
0
0
0
0
0
0
0
0
0
0
0
0
0
0
0
0
0
0
0
0
0
0
0
0
0
0
0
0
0
0
0
0
0
0
0
0
0
0
0
0
0
0
0
0
0
0
0
0
0
0
0
0
0
0
0
0
0
0
0
0
0
0
0
0
0
0
0
0
0
0
0
0
0
0
0
0
0
0
0
0
0
0
0
0
0
0
0
0
0
0
0
836
776
659
724
724
724
749
752
749
836
659
805
724
749
604
988
479
701
701
701
749
836
891
724
776
701
724
869
776
749
776
749
639
776
701
724
742
724
836
679
776
724
855
855
855
855
776
639
724
836
838
724
776
701
639
776
906
937
749
776
776
776
701
768
842
724
776
805
776
906
776
988
863
869
639
749
776
792
867
679
679
776
604
724
776
749
572
659
604
557
572
579
632
530
621
572
679
530
679
701
679
639
679
679
572
604
587
639
494
572
557
453
483
639
639
572
517
604
679
557
494
517
517
426
483
473
464
557
517
518
481
464
418
518
528
435
438
441
494
481
481
481
517
557
572
572
462
471
453
418
473
431
533
334
334
402
402
388
418
418
388
473
464
334
368
368
421
725
604
362
639
639
639
494
543
572
428
604
604
435
543
453
453
462
340
362
418
375
375
388
403
340
473
453
340
518
517
494
453
388
403
341
345
351
342
340
313
335
326
328
274
304
327
327
327
529
498
491
502
442
463
458
434
430
410
409
414
387
380
434
442
441
437
421
414
433
435
400
415
403
439
451
473
374
443
453
471
434
465
453
477
458
465
474
396
452
475
448
450
460
465
441
452
447
438
407
427
405
444
383
383
444
415
404
401
448
439
425
409
435
452
442
441
317
426
420
390
441
420
405
419
425
242
409
295
410
427
400
262
260
263
3.130471e+02
3.073075e+02
3.015680e+02
261
258
244
389
389
389
38
343
375
375
348
348
348
391
401
397
379
389
389
389
370
369
368
391
361
361
361
355
355
355
355
438
438
438
438
365
380
380
363
363
363
328
334
232
353
341
339
337
344
329
308
391
353
342
333
324
333
338
354
312
331
333
335
335
329
329
317
317
317
314
335
329
306
316
316
316
312
310
288
288
327
327
327
327
278
296
296
155
155
155
320
318
302
185
390
390
390
390
390
391
380
386
386
386
675
460
460
375
360
360
360
336
341
341
320
320
320
320
333
309
280
281
281
281
281
290
286
286
277
277
277
277
284
280
277
285
275
275
275
282
272
272
184
264
264
264
247
254
254
250
232
232
232
258
232
246
238
239
239
239
258
210
248
221
221
221
221
221
403
171
174
171
171
171
171
176
160
161
161
161
161
167
167
167
167
76
76
76
60
58
226
224
229
229
229
231
228
228
228
211
211
211
204
232
239
242
239
239
239
240
242
242
242
242
242
242
242
242
242
272
264
264
264
141
132
148
148
138
138
138
138
518
522
522
522
522
522
522
184
180
180
180
180
180
254
151
169
155
253
253
253
162
152
159
159
159
159
159
159
159
452
452
279
279
279
269
269
269
269
251
251
251
234
240
249
242
236
236
236
236
222
222
231
231
231
231
231
231
231
231
231
231
231
231
231
231
231
231
231
231
231
231
231
231
231
231
231
231
231
231
231
231
231
231
231
231
231
231
231
231
231
294
288
301
301
301
301
301
301
301
301
301
301
301
301
301
301
301
301
301
301
301
301
301
301
301
301
301
301
301
301
301
301
301
301
301
301
301
301
301
301
301
301
301
301
301
301
604
604
604
220
639
610
572
410
410
410
410
410
410
410
410
410
410
362
362
340
340
247
247
247
267
267
250
250
250
250
250
257
257
138
256
240
240
240
232
232
232
232
232
232
232
232
232
253
247
247
247
247
247
198
198
198
198
198
198
174
272
265
460
462
462
462
460
114
114
142
142
142
142
140
311
306
299
290
290
290
302
167
167
167
167
167
167
205
200
188
197
302
302
302
298
298
298
298
298
298
298
298
191
174
170
187
187
187
172
172
172
172
172
172
172
172
172
172
172
172
172
172
172
172
172
172
172
172
172
172
172
172
172
172
172
172
172
172
172
172
172
172
172
172
172
172
172
172
172
172
172
172
172
172
172
172
172
172
172
172
172
172
172
172
172
172
172
172
172
172
172
172
172
172
172
172
172
172
172
172
172
172
172
172
172
172
172
172
172
172
172
172
172
172
172
172
172
172
172
172
172
172
172
172
172
172
172
172
172
172
172
172
172
172
172
172
172
172
172
172
172
172
172
172
172
172
172
172
172
172
172
172
172
172
172
172
172
172
172
172
172
108
108
110
110
116
116
116
111
111
111
111
275
275
275
91
91
91
91
63
63
63
90
90
90
90
90
90
90
90
90
67
67
67
67
67
67
67
67
67
70
70
70
1112
1112
1112
1112
116
116
116
94
94
67
67
97
97
97
89
89
89
89
89
89
89
89
89
89
89
79
79
79
79
79
79
79
79
79
79
79
79
79
79
79
79
79
79
79
79
79
104
104
104
106
106
106
106
435
435
435
140
140
140
140
160
160
160
191
191
191
191
106
106
106
95
95
141
141
141
141
141
135
135
135
135
135
135
135
135
135
132
132
132
132
132
135
135
135
135
135
135
135
130
130
130
130
130
130
130
572
572
572
572
572
572
572
572
572
572
572
572
572
572
572
572
572
572
572
572
572
148
148
148
148
148
148
148
148
148
146
146
140
140
140
140
140
140
140
140
140
140
140
140
140
140
242
242
242
242
242
242
242
242
242
242
242
242
242
242
242
242
242
242
242
242
242
242
242
242
265
265
265
265
272
272
272
274
274
274
274
274
274
274
274
274
274
274
274
274
274
262
262
262
262
262
262
262
262
262
264
264
264
264
264
264
264
264
264
264
264
264
264
264
264
264
264
264
264
264
264
264
264
264
264
264
264
264
264
264
264
264
264
259
259
259
259
259
259
259
237
237
274
274
265
265
265
237
237
237
237
237
237
237
237
237
236
236
216
216
216
230
230
230
230
230
230
230
230
230
230
230
264
264
264
264
264
264
264
264
264
264
264
264
264
264
264
264
264
264
264
264
264
264
264
264
264
264
270
270
270
270
270
270
270
270
270
270
270
270
270
270
270
270
270
270
270
270
270
270
270
270
270
270
270
270
270
270
270
270
270
270
272
272
272
272
272
272
272
272
272
272
272
272
272
212
212
212
212
212
212
212
215
215
212
212
225
225
225
225
225
225
225
225
225
225
256
256
256
256
237
237
237
213
213
213
213
213
213
213
213
213
213
213
213
213
213
213
213
213
213
213
213
213
213
213
213
213
213
213
213
213
213
213
213
213
213
213
217
217
217
217
211
211
211
211
211
211
211
211
211
211
265
265
252
252
259
259
259
259
259
259
259
259
259
259
234
234
227
227
227
227
227
227
227
227
227
227
227
227
227
227
250
250
235
235
235
234
234
234
234
234
234
234
234
234
435
435
428
428
428
445
445
445
445
445
445
445
320
320
294
294
292
292
292
382
382
382
382
382
382
382
494
494
462
462
462
462
462
462
462
462
462
462
494
494
494
494
494
494
494
494
494
494
494
494
494
494
494
494
254
254
435
435
435
435
435
428
428
428
428
428
428
428
411
411
411
396
396
396
396
396
396
396
396
396
396
396
411
411
386
386
370
370
370
370
370
370
370
370
370
370
380
380
368
368
360
360
360
355
355
355
355
355
355
355
311
311
311
311
285
285
285
494
494
494
494
494
494
494
486
486
482
482
477
477
477
482
482
482
482
482
482
482
362
362
364
364
311
311
311
298
298
298
298
298
298
298
298
298
410
410
410
410
410
410
410
557
557
557
557
557
557
557
518
518
516
516
516
474
474
474
474
474
474
474
572
572
572
572
462
462
462
462
462
462
462
462
462
462
460
460
460
460
460
460
460
460
460
460
460
460
460
460
428
428
396
396
396
396
396
372
372
372
372
372
372
372
356
356
356
356
356
356
356
356
356
356
356
356
356
356
348
348
348
348
348
348
348
348
348
348
348
348
348
348
348
348
348
348
340
340
340
318
318
318
318
318
318
318
318
318
288
288
288
288
288
230
230
230
230
222
222
222
218
218
211
211
211
211
211
211
211
220
220
220
220
220
220
220
230
230
230
230
230
230
230
256
256
256
256
256
250
250
250
250
250
250
250
250
250
240
240
240
240
240
234
234
234
234
234
234
234
215
215
215
215
215
215
215
210
210
190
190
190
190
190
176
176
176
176
176
176
176
212
212
212
212
212
212
212
201
201
201
201
201
201
201
187
187
187
187
187
187
187
209
209
209
209
220
220
220
174
174
174
174
174
174
174
174
174
189
189
189
189
189
189
189
189
189
189
189
189
170
170
170
170
170
170
170
170
170
170
170
170
170
170
170
170
170
170
170
170
170
150
150
150
150
150
150
150
110
110
116
116
102
102
102
102
102
102
102
102
102
102
102
102
92
92
92
92
92
92
92
92
92
92
92
92
90
90
90
90
90
90
90
90
90
90
90
90
90
90
90
90
90
90
90
90
90
90
90
90
90
90
90
90
90
90
90
90
90
90
90
90
90
90
90
90
90
90
90
90
90
90
90
90
90
90
90
90
90
90
90
90
90
90
104
104
104
104
104
104
104
104
104
104
104
104
102
102
102
102
102
102
102
102
102
102
102
98
98
98
98
98
98
98
98
98
98
98
98
98
98
98
98
98
100
100
100
100
100
100
100
100
100
94
94
94
94
94
105
105
105
105
105
105
105
105
105
105
105
98
98
98
98
98
98
98
98
98
98
105
105
105
105
105
105
105
96
96
96
96
96
96
96
96
96
96
96
96
96
96
96
96
96
96
96
96
96
96
96
96
96
96
96
96
100
100
100
100
100
100
100
100
100
100
100
92
92
92
92
92
92
92
92
