0
0
0
0
0
0
0
0
0
0
0
0
0
0
0
0
0
0
0
0
0
0
0
0
0
0
0
0
0
0
0
0
0
0
0
0
0
0
0
0
0
0
0
0
0
0
0
0
0
0
0
0
0
0
0
0
0
0
0
0
0
0
0
0
0
0
0
0
0
0
0
0
0
0
0
0
0
0
0
0
0
0
0
0
0
0
0
0
0
0
0
0
0
0
0
0
0
0
0
0
0
0
0
0
0
0
0
0
0
0
0
0
0
0
0
0
0
0
0
0
0
0
0
0
0
0
0
0
0
0
0
0
0
0
0
0
0
0
0
0
0
0
0
0
0
0
0
0
0
0
0
0
0
0
0
0
0
0
0
0
0
0
0
0
0
0
0
0
0
0
0
0
0
0
0
0
0
0
0
0
0
0
0
0
0
0
0
0
0
0
0
0
0
0
0
0
0
0
0
0
0
0
0
0
0
0
0
0
0
0
0
0
0
0
0
0
0
0
0
0
0
0
0
0
0
0
0
0
0
0
0
0
0
0
0
0
0
0
0
0
0
0
0
0
0
0
0
0
0
0
0
0
0
0
0
0
0
0
0
0
0
0
0
0
0
0
0
0
0
0
0
0
0
0
0
0
0
0
0
0
0
0
0
0
0
0
0
0
0
0
0
0
0
0
0
0
0
0
0
0
0
0
0
0
0
0
0
0
0
0
0
0
0
0
0
0
0
0
0
0
0
0
0
0
0
0
0
0
0
0
0
0
0
0
0
0
0
0
0
0
0
0
0
0
0
0
0
0
0
0
0
0
0
0
0
0
0
0
0
0
0
0
0
0
0
0
0
0
0
0
0
0
0
0
0
0
0
0
0
0
0
0
0
0
0
0
0
0
0
0
0
0
0
0
0
0
0
0
0
0
0
0
0
0
0
0
0
0
0
0
0
0
0
0
0
0
0
0
0
0
0
0
0
0
0
0
0
0
0
0
0
0
0
0
0
0
0
0
0
0
0
0
0
0
0
0
0
0
0
0
0
0
0
0
0
0
0
0
0
0
0
0
0
0
0
0
0
0
0
0
0
0
0
0
0
0
0
0
0
0
0
0
0
0
0
0
0
0
0
0
0
0
0
0
0
0
0
0
0
0
0
0
0
0
0
0
0
0
0
0
0
0
0
0
0
0
0
0
0
0
0
0
0
0
0
0
0
0
0
0
0
0
0
0
0
0
0
0
0
0
0
0
0
0
0
0
0
0
0
0
0
0
0
0
0
0
0
0
0
0
0
0
0
0
0
0
0
0
0
0
0
0
0
0
0
0
0
0
0
0
0
0
0
0
0
0
0
0
0
0
0
0
0
0
0
0
0
0
0
0
0
0
0
0
0
0
0
0
0
0
0
0
0
0
0
0
0
0
0
0
0
0
0
0
0
0
0
0
0
0
0
0
0
0
0
0
0
0
0
0
0
0
0
0
0
0
0
0
0
0
0
0
0
0
0
0
0
0
0
0
0
0
0
0
0
0
0
0
0
0
0
0
0
0
0
0
0
0
0
0
0
0
0
0
0
0
0
0
0
0
0
0
0
0
0
0
0
0
0
0
0
0
0
0
0
0
0
0
0
0
0
0
0
0
0
0
0
0
0
0
0
0
0
0
0
0
0
0
0
0
0
0
0
0
0
0
0
0
0
0
0
0
0
0
0
0
0
0
0
0
0
0
0
0
0
0
0
0
0
0
0
0
0
0
0
0
0
0
0
0
0
0
0
0
0
0
4.218000e+01
5.979000e+01
4.259000e+01
4.259000e+01
0
0
0
0
1.833000e+01
0
3.816000e+01
4.378000e+01
0
0
4.456000e+01
4.378000e+01
6.148000e+01
1.934000e+01
3.943000e+01
4.378000e+01
4.259000e+01
4.370000e+01
5.882000e+01
4.290000e+01
6.148000e+01
6.440000e+01
3.373000e+01
2.720000e+01
4.456000e+01
4.456000e+01
4.456000e+01
4.023000e+01
3.844000e+01
44
44
44
44
4.339000e+01
2.463000e+01
3.175000e+01
3.240000e+01
3.142000e+01
2.667000e+01
2.899000e+01
3.699000e+01
3.690000e+01
3.690000e+01
34
40
4.266000e+01
4.320000e+01
4.752000e+01
4.527000e+01
4.620000e+01
4.502000e+01
4.787000e+01
4.888000e+01
5.805000e+01
5.980000e+01
6.143000e+01
6.088000e+01
6.447000e+01
7.287000e+01
7.246000e+01
7.292000e+01
7.106000e+01
7.220000e+01
7.349000e+01
7.319000e+01
7.268000e+01
8.080000e+01
7.731000e+01
7.862000e+01
8.125000e+01
8.131000e+01
8.172000e+01
8.492000e+01
9.546000e+01
9.246000e+01
8.420000e+01
8.183000e+01
8.778000e+01
9.372000e+01
9.246000e+01
9.030000e+01
8.626000e+01
7.913000e+01
8.176000e+01
8.879000e+01
8.801000e+01
8.836000e+01
9.312000e+01
9.296000e+01
9.223000e+01
9.139000e+01
8.921000e+01
9.252000e+01
8.912000e+01
8.769000e+01
8.936000e+01
8.467000e+01
8.413000e+01
8.893000e+01
8.903000e+01
9.739000e+01
1.006400e+02
9.953000e+01
9.855000e+01
9.486000e+01
8.967000e+01
8.467000e+01
9.097000e+01
9.161000e+01
9.338000e+01
8.389000e+01
8.034000e+01
7.507000e+01
7.521000e+01
7.602000e+01
7.626000e+01
7.570000e+01
7.740000e+01
7.708000e+01
7.502000e+01
7.458000e+01
7.450000e+01
7.450000e+01
7.450000e+01
7.798000e+01
7.739000e+01
7.668000e+01
7.780000e+01
7.823000e+01
7.811000e+01
7.791000e+01
7.864000e+01
7.930000e+01
8.346000e+01
0
8.708000e+01
8.708000e+01
1.180100e+02
1.131000e+02
1.103500e+02
1.079800e+02
1.079800e+02
1.051400e+02
1.079400e+02
1.106300e+02
1.155600e+02
1.215100e+02
1.245900e+02
1.256300e+02
1.203600e+02
1.157000e+02
1.553200e+02
1.161700e+02
1.161700e+02
1.161700e+02
1.153300e+02
1.148500e+02
1.088700e+02
1.099300e+02
1.114500e+02
1.114500e+02
107
1.106900e+02
1.143300e+02
1.112800e+02
1.045300e+02
1.097200e+02
1.104100e+02
1.112900e+02
1.156500e+02
1.137400e+02
1.128900e+02
1.227100e+02
1.202500e+02
1.250400e+02
1.253900e+02
1.251700e+02
1.237000e+02
1.235800e+02
1.251200e+02
1.238000e+02
1.204700e+02
1.187100e+02
1.164000e+02
1.143700e+02
1.161600e+02
1.156900e+02
1.105700e+02
1.113900e+02
1.098600e+02
1.147100e+02
1.154100e+02
1.164900e+02
1.134500e+02
1.136500e+02
1.136500e+02
1.136500e+02
3.410000e+01
2.546000e+01
1.048200e+02
1.379400e+02
1.346900e+02
1.272300e+02
1.284200e+02
1.300800e+02
1.315000e+02
1.305200e+02
1.278600e+02
1.289800e+02
1.313400e+02
1.301800e+02
1.298500e+02
1.302300e+02
1.292800e+02
1.314400e+02
1.317700e+02
1.324900e+02
1.342700e+02
1.372300e+02
1.406900e+02
1.375300e+02
1.378700e+02
1.396800e+02
1.390300e+02
1.381900e+02
1.430600e+02
1.447900e+02
1.481400e+02
1.439700e+02
1.432800e+02
1.427100e+02
1.392200e+02
1.432400e+02
1.395200e+02
1.418600e+02
1.390600e+02
1.347800e+02
1.308400e+02
1.336500e+02
1.313600e+02
1.298700e+02
1.267300e+02
1.267300e+02
1.248400e+02
1.231900e+02
1.237900e+02
1.238000e+02
1.225500e+02
1.219700e+02
1.227300e+02
1.223500e+02
1.218500e+02
1.280900e+02
1.275900e+02
1.248500e+02
1.260900e+02
1.266500e+02
1.269300e+02
1.270800e+02
1.260500e+02
1.247100e+02
1.281300e+02
1.336900e+02
1.360400e+02
1.356900e+02
1.352800e+02
1.339200e+02
1.339000e+02
1.339500e+02
1.339000e+02
1.356900e+02
1.316400e+02
1.305000e+02
1.299100e+02
1.322600e+02
1.334200e+02
1.395100e+02
1.433900e+02
1.448000e+02
1.481800e+02
1.538900e+02
1.892300e+02
1.905800e+02
1.782300e+02
1.846900e+02
1.808900e+02
1.788200e+02
1.749700e+02
1.786700e+02
1.736900e+02
1.736900e+02
1.736900e+02
1.722100e+02
1.732300e+02
1.750500e+02
1.736200e+02
1.723800e+02
1.723800e+02
1.723800e+02
1.773500e+02
1.818800e+02
1.879500e+02
1.911800e+02
1.883400e+02
1.883400e+02
1.883400e+02
1.800500e+02
1.818000e+02
1.819000e+02
1.816500e+02
1.891900e+02
1.891900e+02
1.891900e+02
1.904400e+02
1.904400e+02
1.904400e+02
1.904400e+02
1.924400e+02
1.924400e+02
1.924400e+02
1.924400e+02
1.906000e+02
1.926300e+02
1.953300e+02
1.965900e+02
1.965900e+02
1.965900e+02
1.975100e+02
2.024400e+02
2.042300e+02
2.042000e+02
2.062600e+02
2.059300e+02
2.005900e+02
2.029500e+02
2.047300e+02
2.072100e+02
2.089000e+02
2.106300e+02
2.135500e+02
2.154900e+02
2.155500e+02
2.156200e+02
2.162800e+02
2.186100e+02
2.174300e+02
2.143100e+02
212
2.109200e+02
2.109200e+02
2.145700e+02
2.140200e+02
2.167300e+02
2.167300e+02
2.167300e+02
6.594000e+01
271
2.778200e+02
2.751800e+02
2.732200e+02
2.732200e+02
2.732200e+02
2.684100e+02
2.667600e+02
2.669300e+02
2.669300e+02
2.685800e+02
2.685800e+02
2.685800e+02
2.734400e+02
271
2.742500e+02
2.630500e+02
2.683600e+02
2.683600e+02
2.683600e+02
2.942000e+02
2.935800e+02
2.885700e+02
2.749600e+02
2.917200e+02
2.917200e+02
2.917200e+02
1.177100e+02
2.820400e+02
3.017600e+02
2.869300e+02
2.869000e+02
2.869000e+02
2.869000e+02
7.481000e+01
3.618200e+02
2.764300e+02
3.013200e+02
3.081700e+02
3.081700e+02
3.081700e+02
3.119000e+02
3.154000e+02
3.154000e+02
3.160900e+02
3.189600e+02
3.189600e+02
3.189600e+02
3.186500e+02
3.139000e+02
3.126200e+02
3.118000e+02
3.104200e+02
3.104200e+02
3.104200e+02
3.075800e+02
3.041000e+02
3.037900e+02
3.056400e+02
3.101800e+02
3.101800e+02
3.101800e+02
3.077800e+02
3.084800e+02
3.061300e+02
3.074800e+02
3.089600e+02
3.089600e+02
3.089600e+02
2.995500e+02
2.960400e+02
2.959600e+02
2.924600e+02
3.013400e+02
3.013400e+02
3.013400e+02
1.969700e+02
2.966700e+02
2.952800e+02
2.957200e+02
2.948800e+02
2.948800e+02
2.948800e+02
2.974100e+02
2.966100e+02
2.931600e+02
3.001400e+02
2.994700e+02
2.994700e+02
2.994700e+02
2.946700e+02
2.954300e+02
2.959100e+02
2.959100e+02
2.959100e+02
2.959100e+02
2.959100e+02
2.959100e+02
2.940600e+02
2.942200e+02
2.917700e+02
2.925400e+02
2.925400e+02
2.925400e+02
2.925400e+02
2.989900e+02
3.001200e+02
2.992200e+02
2.996800e+02
2.996800e+02
2.996800e+02
2.985200e+02
2.985200e+02
2.985200e+02
2.985200e+02
2.991700e+02
2.991700e+02
2.991700e+02
2.977500e+02
2.972000e+02
2.994800e+02
3.021100e+02
3.082400e+02
3.082400e+02
3.082400e+02
3.051800e+02
3.003800e+02
3.003800e+02
3.003800e+02
4.725000e+01
4.725000e+01
4.725000e+01
3.934000e+01
2.838700e+02
412
3.455000e+02
3.131700e+02
3.131700e+02
3.131700e+02
3.001500e+02
3.034900e+02
3.075000e+02
3.051900e+02
3.165400e+02
3.165400e+02
3.165400e+02
3.216500e+02
3.216500e+02
3.216500e+02
3.159000e+02
3.145100e+02
3.145100e+02
3.145100e+02
3.175800e+02
3.155700e+02
3.174700e+02
3.265300e+02
3.271300e+02
3.271300e+02
3.271300e+02
3.271300e+02
3.203900e+02
3.213300e+02
3.213300e+02
3.213300e+02
3.213300e+02
3.213300e+02
3.166100e+02
3.205600e+02
3.221000e+02
3.221000e+02
3.221000e+02
3.221000e+02
3.221000e+02
319
3.192000e+02
3.218600e+02
3.211800e+02
3.154000e+02
3.154000e+02
3.154000e+02
3.197200e+02
3.225000e+02
3.226700e+02
3.226700e+02
3.226700e+02
3.226700e+02
3.226700e+02
3.239300e+02
3.186700e+02
3.271600e+02
3.271600e+02
3.174000e+02
3.174000e+02
3.174000e+02
4.362300e+02
4.362300e+02
4.362300e+02
4.362300e+02
4.362300e+02
4.362300e+02
4.362300e+02
3.397900e+02
3.382100e+02
3.382100e+02
3.485300e+02
3.490200e+02
3.490200e+02
3.490200e+02
3.514800e+02
3.438400e+02
3.438400e+02
3.438400e+02
3.438400e+02
3.438400e+02
3.438400e+02
3.452600e+02
3.448100e+02
3.448100e+02
3.417400e+02
3.443200e+02
3.443200e+02
3.443200e+02
3.400700e+02
3.392800e+02
3.449900e+02
3.449900e+02
3.449900e+02
3.449900e+02
3.449900e+02
3.473400e+02
3.491400e+02
3.529200e+02
3.498700e+02
3.495200e+02
3.495200e+02
3.495200e+02
3.441900e+02
3.441900e+02
3.441900e+02
3.441900e+02
3.441900e+02
3.441900e+02
3.441900e+02
3.445800e+02
3.438200e+02
3.433000e+02
3.425400e+02
3.425400e+02
3.425400e+02
3.425400e+02
3.588300e+02
3.268900e+02
3.238300e+02
3.272400e+02
3.272400e+02
3.272400e+02
3.272400e+02
3.311300e+02
3.316500e+02
3.295000e+02
3.297100e+02
3.290600e+02
3.290600e+02
3.290600e+02
3.396100e+02
3.423000e+02
3.409600e+02
3.409600e+02
3.405400e+02
3.405400e+02
3.405400e+02
3.465100e+02
3.465100e+02
3.465100e+02
3.454000e+02
3.417800e+02
3.417800e+02
3.417800e+02
3.367900e+02
3.367700e+02
3.367700e+02
0
0
0
0
0
0
0
0
0
0
0
0
0
0
0
0
0
0
0
0
0
0
0
0
0
0
0
0
0
0
0
0
5.611000e+01
5.441000e+01
0
5.215000e+01
5.278000e+01
5.278000e+01
5.278000e+01
5.226000e+01
5.226000e+01
5.226000e+01
5.226000e+01
5.226000e+01
5.226000e+01
5.226000e+01
1.593000e+02
1.593000e+02
1.681900e+02
2.138400e+02
2.035800e+02
2.035800e+02
2.035800e+02
2.337700e+02
2.199700e+02
2.180600e+02
2.193800e+02
2.229100e+02
2.229100e+02
2.229100e+02
2.228900e+02
2.227700e+02
2.259600e+02
2.220200e+02
2.211000e+02
2.211000e+02
2.211000e+02
2.249900e+02
2.249900e+02
2.314500e+02
2.482100e+02
2.539500e+02
2.539500e+02
2.539500e+02
2.583400e+02
2.583400e+02
2.583400e+02
2.579900e+02
2.579900e+02
2.579900e+02
2.579900e+02
2.701100e+02
2.703500e+02
2.722600e+02
2.704200e+02
2.741900e+02
2.741900e+02
2.741900e+02
8.489000e+01
2.217100e+02
2.714800e+02
2.592200e+02
2.600600e+02
2.600600e+02
2.600600e+02
2.716200e+02
2.716200e+02
2.716200e+02
2.716200e+02
2.869800e+02
2.869800e+02
2.869800e+02
2.860600e+02
2.826100e+02
2.828200e+02
2.822700e+02
2.828300e+02
2.828300e+02
2.828300e+02
2.836500e+02
2.836500e+02
2.849300e+02
2.849300e+02
2.849300e+02
2.849300e+02
2.849300e+02
8.561000e+01
3.180700e+02
2.916400e+02
2.763900e+02
2.809900e+02
2.809900e+02
2.809900e+02
2.946300e+02
2.946300e+02
2.946300e+02
2.946300e+02
2.946300e+02
2.946300e+02
2.946300e+02
8.616000e+01
8.616000e+01
8.616000e+01
1.171000e+02
1.171000e+02
1.171000e+02
1.171000e+02
1.658600e+02
1.658600e+02
1.658600e+02
1.658600e+02
1.658600e+02
1.658600e+02
1.658600e+02
8.421000e+01
8.421000e+01
8.421000e+01
8.428000e+01
2.136600e+02
2.136600e+02
2.136600e+02
2.739700e+02
2.739700e+02
2.739700e+02
2.739700e+02
2.739700e+02
2.739700e+02
2.739700e+02
7.927000e+01
7.927000e+01
2.943400e+02
2.943400e+02
2.791300e+02
2.791300e+02
2.791300e+02
2.827900e+02
2.827900e+02
2.827900e+02
2.827900e+02
2.827900e+02
2.827900e+02
2.827900e+02
2.907800e+02
2.907800e+02
2.974800e+02
2.974800e+02
2.974800e+02
2.974800e+02
2.974800e+02
3.123200e+02
3.123200e+02
3.175100e+02
3.175100e+02
3.194400e+02
3.194400e+02
3.194400e+02
3.194400e+02
3.194400e+02
3.240600e+02
3.240600e+02
3.246600e+02
3.246600e+02
3.246600e+02
3.298400e+02
3.298400e+02
3.306700e+02
3.306700e+02
3.322300e+02
3.322300e+02
3.322300e+02
3.348800e+02
3.348800e+02
3.368900e+02
3.368900e+02
3.486300e+02
3.486300e+02
3.486300e+02
3.433500e+02
3.433500e+02
3.410200e+02
3.410200e+02
3.451000e+02
3.451000e+02
3.451000e+02
3.532500e+02
3.532500e+02
3.526900e+02
3.526900e+02
3.526900e+02
3.526900e+02
3.526900e+02
3.580400e+02
3.580400e+02
3.487600e+02
3.487600e+02
3.487600e+02
3.487600e+02
3.487600e+02
3.487600e+02
3.487600e+02
3.747500e+02
3.747500e+02
3.378100e+02
3.378100e+02
3.378100e+02
1.231000e+02
1.231000e+02
1.190300e+02
1.190300e+02
1.264200e+02
1.264200e+02
1.264200e+02
1.264200e+02
1.264200e+02
1.264200e+02
1.264200e+02
1.264200e+02
1.264200e+02
1.264200e+02
1.264200e+02
1.264200e+02
0
0
0
0
0
1.034700e+02
1.034700e+02
1.015200e+02
1.015200e+02
9.872000e+01
9.872000e+01
9.872000e+01
9.332000e+01
9.332000e+01
9.332000e+01
9.332000e+01
8.822000e+01
8.822000e+01
8.822000e+01
8.621000e+01
8.621000e+01
8.640000e+01
8.640000e+01
8.615000e+01
8.615000e+01
8.615000e+01
8.275000e+01
8.275000e+01
8.119000e+01
8.119000e+01
8.119000e+01
8.119000e+01
8.119000e+01
8.119000e+01
8.119000e+01
8.119000e+01
8.119000e+01
8.119000e+01
8.119000e+01
8.119000e+01
0
0
0
0
0
0
0
0
0
0
0
0
0
0
1.048300e+02
1.048300e+02
1.032100e+02
1.032100e+02
9.909000e+01
9.909000e+01
9.909000e+01
9.914000e+01
9.914000e+01
9.914000e+01
9.914000e+01
9.914000e+01
9.914000e+01
9.914000e+01
9.914000e+01
9.914000e+01
9.914000e+01
9.914000e+01
8.840000e+01
8.840000e+01
8.840000e+01
8.840000e+01
8.840000e+01
8.644000e+01
8.644000e+01
8.521000e+01
8.521000e+01
8.521000e+01
8.355000e+01
8.355000e+01
8.355000e+01
8.355000e+01
8.159000e+01
8.159000e+01
8.159000e+01
8.159000e+01
8.159000e+01
1.061100e+02
1.061100e+02
1.059000e+02
1.059000e+02
1.059000e+02
1.210100e+02
1.210100e+02
1.339300e+02
1.339300e+02
1.393400e+02
1.393400e+02
1.393400e+02
1.444200e+02
1.444200e+02
1.491200e+02
1.491200e+02
1.522500e+02
1.522500e+02
1.522500e+02
1.541200e+02
1.541200e+02
1.541200e+02
1.541200e+02
1.555100e+02
1.555100e+02
1.555100e+02
1.562500e+02
1.562500e+02
1.569400e+02
1.569400e+02
1.569400e+02
1.569400e+02
1.569400e+02
1.513600e+02
1.513600e+02
1.521300e+02
1.521300e+02
1.521300e+02
1.521300e+02
1.521300e+02
1.112600e+02
1.112600e+02
1.469800e+02
1.469800e+02
1.224500e+02
1.224500e+02
1.224500e+02
1.499500e+02
1.499500e+02
1.499500e+02
1.499500e+02
1.499500e+02
1.499500e+02
1.499500e+02
1.133100e+02
1.133100e+02
1.133100e+02
1.133100e+02
1.133100e+02
1.133100e+02
1.133100e+02
1.470700e+02
1.470700e+02
1.434900e+02
1.434900e+02
1.434900e+02
1.434900e+02
1.434900e+02
1.434900e+02
1.434900e+02
9.832000e+01
9.832000e+01
9.832000e+01
9.832000e+01
9.832000e+01
1.453800e+02
1.453800e+02
1.453800e+02
1.453800e+02
1.453800e+02
1.453800e+02
1.453800e+02
1.465700e+02
1.465700e+02
1.465700e+02
1.465700e+02
1.465700e+02
1.465700e+02
1.465700e+02
1.053000e+02
1.053000e+02
1.002500e+02
1.002500e+02
9.750000e+01
9.750000e+01
9.750000e+01
9.374000e+01
9.374000e+01
9.374000e+01
9.374000e+01
9.374000e+01
9.374000e+01
9.374000e+01
9.374000e+01
8.929000e+01
8.929000e+01
8.929000e+01
8.757000e+01
8.757000e+01
8.757000e+01
8.807000e+01
8.807000e+01
8.807000e+01
8.807000e+01
8.807000e+01
8.807000e+01
8.807000e+01
8.403000e+01
8.403000e+01
8.323000e+01
8.323000e+01
8.103000e+01
8.103000e+01
8.103000e+01
7.944000e+01
7.944000e+01
7.944000e+01
7.944000e+01
7.944000e+01
7.944000e+01
7.944000e+01
7.572000e+01
7.572000e+01
7.572000e+01
7.572000e+01
7.504000e+01
7.504000e+01
7.504000e+01
8.634000e+01
8.634000e+01
8.634000e+01
8.634000e+01
8.634000e+01
8.634000e+01
8.634000e+01
8.634000e+01
8.634000e+01
8.634000e+01
8.478000e+01
8.478000e+01
8.478000e+01
8.478000e+01
7.766000e+01
7.766000e+01
7.766000e+01
7.766000e+01
7.766000e+01
7.766000e+01
7.766000e+01
7.766000e+01
7.766000e+01
7.076000e+01
7.076000e+01
7.076000e+01
7.076000e+01
7.076000e+01
1.241800e+02
1.241800e+02
1.241800e+02
1.241800e+02
1.241800e+02
1.241800e+02
1.241800e+02
1.241800e+02
1.241800e+02
1.241800e+02
1.241800e+02
1.241800e+02
1.241800e+02
1.241800e+02
1.241800e+02
1.241800e+02
1.241800e+02
1.241800e+02
1.241800e+02
1.241800e+02
1.241800e+02
7.403000e+01
7.403000e+01
7.403000e+01
7.403000e+01
7.403000e+01
7.403000e+01
7.403000e+01
1.303500e+02
1.303500e+02
1.303500e+02
1.303500e+02
1.303500e+02
1.303500e+02
1.303500e+02
9.677000e+01
9.677000e+01
9.128000e+01
9.128000e+01
8.591000e+01
8.591000e+01
8.591000e+01
1.060400e+02
1.060400e+02
1.347500e+02
1.347500e+02
1.367500e+02
1.367500e+02
1.367500e+02
1.423500e+02
1.423500e+02
1.444000e+02
1.444000e+02
1.464000e+02
1.464000e+02
1.464000e+02
1.582500e+02
1.582500e+02
1.582500e+02
1.582500e+02
1.582500e+02
1.582500e+02
1.582500e+02
8.380000e+01
8.380000e+01
1.377600e+02
1.377600e+02
1.437600e+02
1.437600e+02
1.437600e+02
1.437600e+02
1.437600e+02
1.437600e+02
1.437600e+02
1.466300e+02
1.466300e+02
1.466300e+02
1.550400e+02
1.550400e+02
1.572100e+02
1.572100e+02
1.572100e+02
1.572100e+02
1.572100e+02
1.572100e+02
1.572100e+02
1.572100e+02
1.572100e+02
1.572100e+02
1.572100e+02
1.572100e+02
1.572100e+02
1.572100e+02
1.598200e+02
1.598200e+02
1.598200e+02
1.598200e+02
1.598200e+02
1.598200e+02
1.598200e+02
1.598200e+02
1.598200e+02
1.598200e+02
1.598200e+02
1.598200e+02
1.598200e+02
1.598200e+02
1.598200e+02
1.598200e+02
1.598200e+02
1.598200e+02
1.598200e+02
1.598200e+02
1.598200e+02
1.332000e+02
1.332000e+02
1.332000e+02
1.332000e+02
1.332000e+02
1.332000e+02
1.332000e+02
1.332000e+02
1.332000e+02
1.332000e+02
1.332000e+02
1.332000e+02
1.332000e+02
1.619300e+02
1.619300e+02
1.619300e+02
1.619300e+02
1.619300e+02
1.619300e+02
1.542500e+02
1.542500e+02
1.684600e+02
1.684600e+02
1.684600e+02
1.684600e+02
1.684600e+02
1.748700e+02
1.748700e+02
1.748700e+02
1.748700e+02
1.748700e+02
1.748700e+02
1.748700e+02
1.197000e+02
1.197000e+02
1.713800e+02
1.713800e+02
1.822900e+02
1.822900e+02
1.822900e+02
1.793300e+02
1.793300e+02
1.793300e+02
1.793300e+02
1.793300e+02
1.793300e+02
1.793300e+02
1.833300e+02
1.833300e+02
1.914900e+02
1.914900e+02
190
190
190
1.934200e+02
1.934200e+02
1.934200e+02
1.934200e+02
1.934200e+02
1.934200e+02
1.934200e+02
1.380700e+02
1.380700e+02
1.249800e+02
1.249800e+02
1.853400e+02
1.853400e+02
1.853400e+02
1.939500e+02
1.939500e+02
1.939500e+02
1.939500e+02
1.939500e+02
1.939500e+02
1.939500e+02
1.939500e+02
1.939500e+02
1.939500e+02
1.939500e+02
1.939500e+02
1.939500e+02
1.939500e+02
1.939500e+02
1.939500e+02
1.172700e+02
1.172700e+02
1.653600e+02
1.653600e+02
1.653600e+02
1.572200e+02
1.572200e+02
1.755300e+02
1.755300e+02
1.321000e+02
1.321000e+02
1.321000e+02
1.808700e+02
1.808700e+02
1.808700e+02
1.808700e+02
1.808700e+02
1.808700e+02
1.808700e+02
1.669700e+02
1.669700e+02
1.830400e+02
1.830400e+02
1.394500e+02
1.394500e+02
1.394500e+02
1.616100e+02
1.616100e+02
1.616100e+02
1.616100e+02
1.286700e+02
1.286700e+02
1.286700e+02
1.323700e+02
1.323700e+02
1.644000e+02
1.644000e+02
1.253200e+02
1.253200e+02
1.253200e+02
1.253200e+02
1.253200e+02
1.253200e+02
1.253200e+02
1.511900e+02
1.511900e+02
1.511900e+02
1.511900e+02
1.511900e+02
1.232500e+02
1.232500e+02
1.743800e+02
1.743800e+02
1.743800e+02
1.427500e+02
1.427500e+02
1.553000e+02
1.553000e+02
1.553000e+02
1.553000e+02
1.553000e+02
1.312100e+02
1.312100e+02
1.760800e+02
1.760800e+02
1.392300e+02
1.392300e+02
1.392300e+02
1.849000e+02
1.849000e+02
1.849000e+02
1.849000e+02
1.211900e+02
1.211900e+02
1.211900e+02
1.321400e+02
1.321400e+02
1.555800e+02
1.555800e+02
1.841200e+02
1.841200e+02
1.841200e+02
1.730500e+02
1.730500e+02
1.730500e+02
1.730500e+02
1.730500e+02
1.730500e+02
1.730500e+02
1.999300e+02
1.999300e+02
1.488300e+02
1.488300e+02
1.892800e+02
1.892800e+02
1.892800e+02
2.106400e+02
2.106400e+02
1.985500e+02
1.985500e+02
1.935500e+02
1.935500e+02
1.935500e+02
1.951700e+02
1.951700e+02
1.951700e+02
1.951700e+02
1.951700e+02
1.951700e+02
1.951700e+02
1.951700e+02
1.951700e+02
1.395800e+02
1.395800e+02
1.395800e+02
1.395800e+02
1.395800e+02
1.962400e+02
1.962400e+02
1.991600e+02
1.991600e+02
1.972300e+02
1.972300e+02
1.972300e+02
2.045200e+02
2.045200e+02
1.985500e+02
1.985500e+02
2.005700e+02
2.005700e+02
2.005700e+02
2.055400e+02
2.055400e+02
2.055400e+02
2.098100e+02
2.111900e+02
2.111900e+02
2.111900e+02
2.162300e+02
2.162300e+02
2.162300e+02
2.162300e+02
2.162300e+02
2.162300e+02
2.162300e+02
2.261400e+02
2.261400e+02
2.357300e+02
2.357300e+02
2.394400e+02
2.394400e+02
2.394400e+02
2.516700e+02
2.516700e+02
2.608200e+02
2.608200e+02
2.637700e+02
2.637700e+02
2.637700e+02
2.526000e+02
2.526000e+02
259
259
2.647200e+02
2.647200e+02
2.647200e+02
2.612200e+02
2.612200e+02
2.685200e+02
2.685200e+02
2.723300e+02
2.723300e+02
2.723300e+02
2.789500e+02
2.789500e+02
2.868600e+02
2.868600e+02
2.911300e+02
2.911300e+02
2.911300e+02
2.953400e+02
2.953400e+02
3.020400e+02
3.020400e+02
3.020500e+02
3.020500e+02
3.020500e+02
3.035500e+02
3.035500e+02
3.036900e+02
3.036900e+02
3.025200e+02
3.025200e+02
3.025200e+02
2.989800e+02
2.989800e+02
2.989800e+02
2.989800e+02
2.989800e+02
2.989800e+02
2.989800e+02
2.948300e+02
2.948300e+02
2.931100e+02
2.931100e+02
2.992300e+02
2.992300e+02
3.026100e+02
3.026100e+02
3.072700e+02
3.072700e+02
3.008800e+02
3.008800e+02
3.008800e+02
3.008800e+02
2.949800e+02
2.949800e+02
2.443000e+02
2.443000e+02
2.443000e+02
2.443000e+02
2.443000e+02
3.056800e+02
3.056800e+02
2.998100e+02
2.998100e+02
2.985800e+02
2.985800e+02
2.985800e+02
3.036400e+02
3.036400e+02
3.005800e+02
3.005800e+02
3.012400e+02
3.012400e+02
3.012400e+02
3.006900e+02
3.006900e+02
3.006900e+02
3.006900e+02
3.006900e+02
3.006900e+02
3.006900e+02
1.621300e+02
1.621300e+02
3.252900e+02
3.252900e+02
2.899700e+02
2.899700e+02
2.899700e+02
3.022300e+02
3.022300e+02
3.022300e+02
3.022300e+02
3.025900e+02
3.025900e+02
3.025900e+02
3.000500e+02
3.000500e+02
2.989800e+02
2.989800e+02
2.989800e+02
2.989800e+02
2.989800e+02
2.979600e+02
2.979600e+02
3.001100e+02
3.001100e+02
2.981800e+02
2.981800e+02
2.981800e+02
2.998400e+02
2.998400e+02
2.988600e+02
2.988600e+02
2.992400e+02
2.992400e+02
2.992400e+02
2.978300e+02
2.978300e+02
2.743940e+02
2.743940e+02
2.955100e+02
2.955100e+02
2.955100e+02
2.945600e+02
2.945600e+02
2.945600e+02
2.945600e+02
2.939700e+02
2.939700e+02
2.939700e+02
2.918400e+02
2.918400e+02
2.918400e+02
2.918400e+02
2.918400e+02
2.918400e+02
2.918400e+02
2.903200e+02
2.903200e+02
2.863000e+02
2.863000e+02
2.863000e+02
2.863000e+02
2.863000e+02
2.871700e+02
2.871700e+02
2.925900e+02
2.925900e+02
5.842700e+02
5.842700e+02
5.842700e+02
2.923200e+02
2.923200e+02
2.823200e+02
2.823200e+02
2.928600e+02
2.928600e+02
2.928600e+02
2.913400e+02
2.913400e+02
2.891200e+02
2.891200e+02
2.891200e+02
2.891200e+02
2.891200e+02
2.891200e+02
2.891200e+02
2.881100e+02
2.881100e+02
2.881100e+02
2.881100e+02
2.881100e+02
284
284
2.849100e+02
2.849100e+02
2.832700e+02
2.832700e+02
2.832700e+02
2.835800e+02
2.835800e+02
2.826500e+02
2.826500e+02
2.828900e+02
2.828900e+02
2.828900e+02
2.815000e+02
2.815000e+02
2.817100e+02
2.817100e+02
2.817100e+02
2.817100e+02
2.817100e+02
2.972800e+02
2.972800e+02
2.831900e+02
2.831900e+02
2.831900e+02
2.831900e+02
2.831900e+02
2.852600e+02
2.852600e+02
2.860300e+02
2.860300e+02
2.887000e+02
2.887000e+02
2.887000e+02
2.893700e+02
2.893700e+02
2.819400e+02
2.819400e+02
2.819400e+02
2.819400e+02
2.819400e+02
2.819400e+02
2.819400e+02
2.812200e+02
2.812200e+02
2.633600e+02
2.633600e+02
2.633600e+02
2.870700e+02
2.870700e+02
2.833800e+02
2.833800e+02
2.833800e+02
2.833800e+02
2.833800e+02
2.806600e+02
2.806600e+02
2.893100e+02
2.893100e+02
3.069200e+02
3.069200e+02
3.069200e+02
2.989600e+02
2.989600e+02
2.923300e+02
2.923300e+02
2.923300e+02
2.923300e+02
2.923300e+02
2.843700e+02
2.843700e+02
2.828500e+02
2.828500e+02
2.828500e+02
2.828500e+02
2.828500e+02
2.839300e+02
2.839300e+02
2.840100e+02
2.840100e+02
2.840100e+02
2.840100e+02
2.840100e+02
2.799900e+02
2.799900e+02
2.785100e+02
2.785100e+02
2.785100e+02
2.785100e+02
2.785100e+02
2.717900e+02
2.717900e+02
2.704500e+02
2.704500e+02
2.704500e+02
2.704500e+02
2.704500e+02
2.670400e+02
2.670400e+02
2.670400e+02
2.670400e+02
2.654600e+02
2.654600e+02
2.654600e+02
2.620100e+02
2.620100e+02
2.634100e+02
2.634100e+02
2.634100e+02
2.634100e+02
2.634100e+02
2.634100e+02
2.634100e+02
2.597800e+02
2.597800e+02
2.597800e+02
2.597800e+02
2.597800e+02
2.566100e+02
2.566100e+02
2.566100e+02
2.566100e+02
2.551600e+02
2.551600e+02
2.551600e+02
2.546000e+02
2.546000e+02
2.587900e+02
2.587900e+02
2.593700e+02
2.593700e+02
2.593700e+02
2.531300e+02
2.531300e+02
2.528300e+02
2.528300e+02
2.528300e+02
2.528300e+02
2.528300e+02
2.551900e+02
2.551900e+02
2.535800e+02
2.535800e+02
2.519900e+02
2.519900e+02
2.519900e+02
2.517800e+02
2.517800e+02
2.476300e+02
2.476300e+02
2.476300e+02
2.476300e+02
2.476300e+02
2.490100e+02
2.490100e+02
2.480700e+02
2.480700e+02
1.432500e+02
1.432500e+02
1.432500e+02
1.432500e+02
1.432500e+02
1.432500e+02
1.432500e+02
1.432500e+02
1.432500e+02
1.432500e+02
2.442500e+02
2.442500e+02
2.451700e+02
2.451700e+02
2.454600e+02
2.454600e+02
2.454600e+02
2.454600e+02
2.454600e+02
2.423300e+02
2.423300e+02
2.423300e+02
2.423300e+02
2.423300e+02
2.405000e+02
2.405000e+02
2.435500e+02
2.435500e+02
2.433900e+02
2.433900e+02
2.433900e+02
2.433900e+02
2.433900e+02
2.433900e+02
2.433900e+02
2.433900e+02
2.433900e+02
2.433900e+02
2.410600e+02
2.410600e+02
2.410600e+02
2.410600e+02
2.533400e+02
2.533400e+02
2.533400e+02
2.494600e+02
2.494600e+02
2.504200e+02
2.504200e+02
2.479300e+02
2.479300e+02
2.479300e+02
246
246
254
254
251
251
251
251
251
247
247
248
248
248
246
246
247
247
247
247
247
243
243
243
243
243
243
243
2.435700e+02
2.435700e+02
2.416400e+02
2.416400e+02
2.426400e+02
2.426400e+02
2.426400e+02
2.379100e+02
2.379100e+02
2.380700e+02
2.380700e+02
2.416500e+02
2.416500e+02
2.416500e+02
2.400700e+02
2.400700e+02
2.400700e+02
2.400700e+02
2.431500e+02
2.431500e+02
2.431500e+02
2.370100e+02
2.370100e+02
2.370500e+02
2.370500e+02
2.328500e+02
2.328500e+02
2.328500e+02
2.354400e+02
2.354400e+02
2.395500e+02
2.395500e+02
2.343600e+02
2.343600e+02
2.343600e+02
2.373000e+02
2.373000e+02
2.373000e+02
2.373000e+02
2.333100e+02
2.333100e+02
2.333100e+02
2.334400e+02
2.334400e+02
2.334400e+02
2.334400e+02
5.310100e+02
5.310100e+02
5.310100e+02
2.528400e+02
2.528400e+02
2.277600e+02
2.277600e+02
2.288000e+02
2.288000e+02
2.288000e+02
2.292900e+02
2.292900e+02
2.307600e+02
2.307600e+02
2.307600e+02
2.307600e+02
2.307600e+02
2.276800e+02
2.276800e+02
2.302400e+02
2.302400e+02
2.347200e+02
2.347200e+02
2.347200e+02
2.315700e+02
2.315700e+02
2.305400e+02
2.305400e+02
2.313500e+02
2.313500e+02
2.313500e+02
2.293300e+02
2.293300e+02
2.275400e+02
2.275400e+02
2.340800e+02
2.340800e+02
2.340800e+02
2.279800e+02
2.279800e+02
2.279800e+02
2.279800e+02
2.368800e+02
2.368800e+02
2.368800e+02
2.358300e+02
2.358300e+02
2.572200e+02
2.572200e+02
2.503700e+02
2.503700e+02
2.503700e+02
2.503700e+02
2.503700e+02
2.503700e+02
2.503700e+02
2.503700e+02
2.503700e+02
2.503700e+02
2.479700e+02
2.479700e+02
2.547400e+02
2.547400e+02
2.547400e+02
2.547400e+02
2.547400e+02
2.604300e+02
2.604300e+02
2.512300e+02
2.512300e+02
2.512100e+02
2.512100e+02
2.512100e+02
2.483100e+02
2.483100e+02
2.469200e+02
2.469200e+02
2.485100e+02
2.485100e+02
2.485100e+02
2.499400e+02
2.499400e+02
2.499400e+02
2.499400e+02
2.499400e+02
