0
0
0
0
0
0
0
0
0
0
0
0
0
0
0
0
0
0
0
0
0
0
0
0
0
0
0
0
0
0
0
0
0
0
0
0
0
0
0
0
0
0
0
0
0
0
0
0
0
0
0
0
0
0
0
0
0
0
0
0
0
0
0
0
0
0
0
0
0
0
0
0
0
0
0
0
0
0
0
0
0
0
0
0
0
0
0
0
0
0
0
0
0
0
0
0
0
0
0
0
0
0
0
0
0
0
0
0
0
0
0
0
0
0
0
0
0
0
0
0
0
0
0
0
0
0
0
0
0
0
0
0
0
0
0
0
0
0
0
0
0
0
0
0
0
0
0
0
0
0
0
0
0
0
0
0
0
0
0
0
0
0
0
0
0
0
0
0
0
0
0
0
0
0
0
0
0
0
0
0
0
0
0
0
0
0
0
0
0
0
0
0
0
0
0
0
0
0
0
0
0
0
0
0
0
0
0
0
0
0
0
0
0
0
0
0
0
0
0
0
0
0
0
0
0
0
0
0
0
0
0
0
0
0
0
0
0
0
0
0
0
0
0
0
0
0
0
0
0
0
0
0
0
0
0
0
0
0
0
0
0
0
0
0
0
0
0
0
0
0
0
0
0
0
0
0
0
0
0
0
0
0
0
0
0
0
0
0
0
0
0
0
0
0
0
0
0
0
0
0
0
0
0
0
0
0
0
0
0
0
0
0
0
0
0
0
0
0
0
0
0
0
0
0
0
0
0
0
0
0
0
0
0
0
0
0
0
0
0
0
0
0
0
0
0
0
0
0
0
0
0
0
0
0
0
0
0
0
0
0
0
0
0
0
0
0
0
0
0
0
0
0
0
0
0
0
0
0
0
0
0
0
0
0
0
0
0
0
0
0
0
0
0
0
0
0
0
0
0
0
0
0
0
0
0
0
0
0
0
0
0
0
0
0
0
0
0
0
0
0
0
0
0
0
0
0
0
0
0
0
0
0
0
0
0
0
0
0
0
0
0
0
0
0
0
0
0
0
0
0
0
0
0
0
0
0
0
0
0
0
0
0
0
0
0
0
0
0
0
0
0
0
0
0
0
0
0
0
0
0
0
0
0
0
0
0
0
0
0
0
0
0
0
0
0
0
0
0
0
0
0
0
0
0
0
0
0
0
0
0
0
0
0
0
0
0
0
0
0
0
0
0
0
0
0
0
0
0
0
0
0
0
0
0
0
0
0
0
0
0
0
0
0
0
0
0
0
0
0
0
0
0
0
0
0
0
0
0
0
0
0
0
0
0
0
0
0
0
0
0
0
0
0
0
0
0
0
0
0
0
0
0
0
0
0
0
0
0
0
0
0
0
0
0
0
0
0
0
0
0
0
0
0
0
0
0
0
0
0
0
0
0
0
0
0
0
0
0
0
0
0
0
0
0
0
0
0
0
0
0
0
0
0
0
0
0
0
0
0
0
0
0
0
0
0
0
0
0
0
0
0
0
0
0
0
0
0
0
0
0
0
0
0
0
0
0
0
0
0
0
0
0
0
0
0
0
0
0
0
0
0
0
0
0
0
0
0
0
0
0
0
0
0
0
0
0
0
0
0
0
0
0
0
0
0
0
0
0
0
0
0
0
0
0
0
0
0
0
0
0
0
0
0
0
0
0
0
0
0
0
0
0
0
0
0
0
0
0
0
0
0
0
0
0
0
0
0
0
0
0
0
0
0
0
0
0
0
0
0
0
0
0
0
0
0
0
0
0
0
0
0
0
0
0
0
679
557
776
587
679
639
557
587
621
625
505
530
639
572
621
724
749
557
587
530
604
572
603
567
572
587
572
572
557
604
604
604
604
604
517
572
551
579
659
659
557
639
517
659
604
483
587
587
587
587
553
589
604
639
494
679
639
639
701
557
572
557
724
587
501
512
453
557
587
472
505
572
572
517
587
505
472
572
480
460
557
462
472
530
460
494
472
557
572
639
659
604
572
604
587
572
557
572
557
557
453
453
557
517
517
604
517
453
462
460
406
403
473
451
679
604
468
435
435
572
418
543
453
428
426
421
435
435
435
453
418
406
435
483
489
479
351
560
560
560
607
607
517
517
426
438
438
453
453
445
566
522
538
572
776
724
557
572
572
572
572
518
566
418
543
543
494
388
572
543
530
375
549
518
543
604
572
530
403
494
543
473
538
543
557
639
543
453
518
494
502
391
405
388
455
448
453
446
442
425
425
425
425
425
425
581
563
465
498
478
462
472
457
448
440
444
410
432
440
438
435
426
430
381
383
374
430
413
377
435
371
422
409
404
390
433
409
382
411
421
389
406
391
405
394
351
348
351
325
406
425
347
375
370
368
345
401
407
392
400
404
411
373
392
394
287
384
318
382
391
320
371
244
354
244
391
375
317
381
371
372
301
310
400
382
374
525
404
3.783761e+02
3.795617e+02
3.807473e+02
400
389
384
389
389
389
367
384
384
370
363
363
363
364
397
412
387
387
387
387
376
3.829900e+02
378
375
385
385
385
378
378
378
378
336
336
336
336
381
363
385
364
364
364
358
374
363
364
348
362
359
371
358
367
334
365
357
364
370
341
364
366
363
369
369
371
371
354
368
352
352
352
352
486
439
430
437
437
437
407
385
376
376
393
393
393
328
376
382
382
433
433
433
404
270
377
316
340
340
340
340
340
465
463
451
451
451
451
481
481
562
543
543
543
272
340
340
268
268
268
268
344
324
292
236
312
312
312
304
300
312
321
305
305
305
311
308
297
302
304
304
304
300
302
298
287
302
302
302
270
263
268
275
278
278
278
281
230
200
302
300
300
300
298
302
299
299
299
299
299
299
275
271
276
274
274
274
274
290
289
279
275
275
275
281
281
281
281
286
286
286
290
285
298
285
293
293
293
288
280
280
280
305
305
305
305
310
399
364
359
359
359
330
290
283
283
275
275
275
268
268
268
280
259
259
259
263
283
269
267
259
259
259
259
261
245
245
245
245
245
251
256
254
254
254
254
254
246
246
240
253
248
248
248
251
241
246
246
246
246
246
225
226
237
237
233
233
233
271
271
271
271
271
271
271
282
249
249
267
274
274
274
256
264
264
264
264
264
264
254
249
249
213
218
218
218
260
242
249
249
249
249
249
251
229
220
247
191
191
191
197
197
197
197
197
197
197
205
273
256
249
249
249
249
217
255
224
224
224
224
224
202
197
223
223
225
225
225
220
220
218
218
218
218
218
218
218
218
200
209
209
209
217
139
139
139
139
139
139
139
139
139
139
139
139
139
139
139
139
139
139
139
139
139
139
139
139
139
139
139
139
139
139
139
139
139
139
139
139
139
139
139
139
139
139
139
139
139
139
139
139
209
209
127
226
237
237
237
211
208
208
208
208
208
208
208
208
518
526
526
526
526
526
526
526
776
304
304
304
296
296
296
272
272
272
272
182
177
177
250
248
248
248
243
340
336
325
311
311
311
336
336
336
336
336
336
336
238
249
260
257
234
234
234
224
224
224
224
224
224
224
224
261
279
270
260
260
260
272
272
272
272
272
272
272
272
272
272
272
272
272
272
272
272
272
272
272
272
272
272
272
272
272
272
272
272
272
272
272
272
272
272
272
272
272
272
272
211
211
211
435
435
435
435
435
435
435
435
435
435
435
435
435
435
435
435
83
83
83
83
83
83
83
145
145
140
140
140
118
118
118
118
118
118
118
77
77
72
72
76
76
76
72
72
76
76
76
76
76
72
72
76
76
76
76
76
70
70
75
75
75
75
75
75
75
213
213
213
213
213
213
213
213
213
213
213
213
213
213
213
213
213
213
213
213
213
213
213
213
213
213
213
213
213
213
213
213
213
213
213
213
213
213
213
213
213
213
213
213
213
213
213
213
213
213
213
213
213
213
213
213
213
213
213
213
213
213
213
213
213
213
213
213
213
213
213
213
213
213
213
213
213
213
213
213
213
213
213
213
213
213
213
213
213
213
213
213
213
213
213
213
213
213
213
213
213
213
213
213
213
213
213
213
213
213
213
213
120
120
91
91
91
86
86
86
86
99
99
99
155
155
155
155
148
148
148
126
126
126
126
86
86
86
84
84
136
136
136
136
136
138
138
138
138
138
138
138
138
138
135
135
135
135
135
130
130
130
130
130
130
130
122
122
122
122
122
122
122
198
198
198
198
198
198
198
198
198
198
198
198
198
198
202
202
202
202
202
202
202
187
187
187
187
187
187
187
187
187
187
187
187
187
187
187
187
187
187
187
187
187
187
187
187
187
187
187
187
187
187
187
187
187
187
187
187
187
187
187
187
187
187
187
187
187
187
187
187
187
187
187
187
187
187
187
187
187
187
187
187
187
187
187
187
187
187
187
187
187
187
187
187
187
187
187
187
187
187
187
187
187
187
187
187
187
187
187
187
187
187
187
187
187
187
187
187
187
187
187
187
187
187
187
187
187
187
187
187
187
187
187
187
141
141
141
141
141
141
141
141
141
141
141
141
141
141
141
141
141
141
141
141
141
141
141
145
145
155
155
155
150
150
150
150
150
150
150
150
150
140
140
128
128
128
128
128
128
128
128
128
128
128
128
128
128
128
128
128
128
128
128
128
128
128
128
128
128
208
208
208
208
208
208
208
208
208
208
208
208
208
208
208
208
208
208
208
208
208
208
208
208
208
208
208
208
208
208
208
208
208
208
198
198
198
198
198
198
198
198
198
198
198
198
198
154
154
154
154
154
154
154
154
154
204
204
211
211
211
198
198
198
198
198
198
198
204
204
204
204
192
192
192
191
191
191
191
191
191
191
191
191
186
186
162
162
162
162
162
162
162
162
162
162
162
162
162
162
162
162
162
162
162
162
162
162
162
162
162
162
162
162
162
162
162
162
162
162
162
162
162
162
162
162
160
160
160
160
160
160
160
160
160
160
160
160
160
160
160
160
160
160
160
160
160
160
160
160
160
160
160
160
160
160
161
161
161
161
161
161
161
161
161
161
161
161
153
153
144
144
144
140
140
140
140
140
140
140
140
140
140
140
158
158
158
138
138
138
138
138
138
138
162
162
162
162
162
162
162
178
178
178
178
147
147
147
147
147
147
147
147
147
147
147
147
147
147
147
147
147
158
158
151
151
151
151
151
294
294
294
294
294
294
294
125
125
125
150
150
150
150
150
150
150
150
150
150
150
137
137
131
131
130
130
130
130
130
130
130
130
130
130
128
128
135
135
136
136
136
136
136
136
136
136
136
136
130
130
130
130
122
122
122
176
176
176
176
176
176
176
170
170
168
168
178
178
178
170
170
170
170
170
170
170
170
170
170
170
152
152
176
176
176
176
176
176
176
176
176
176
149
149
149
149
149
149
149
159
159
159
159
159
159
159
178
178
177
177
177
170
170
170
170
170
170
170
170
170
170
170
172
172
172
172
172
172
172
172
172
172
166
166
166
166
166
166
166
166
166
166
166
166
166
166
150
150
144
144
144
144
144
132
132
132
132
132
132
132
122
122
122
122
122
122
122
122
122
122
122
122
122
122
130
130
130
130
130
130
130
130
130
130
130
130
130
130
116
116
116
116
128
128
128
130
130
130
130
130
130
130
130
130
125
125
125
125
125
141
141
135
135
142
142
142
144
144
144
144
144
144
144
144
144
130
130
130
130
130
130
130
150
150
150
150
150
150
150
150
150
150
150
150
150
150
150
150
150
150
150
150
150
138
138
138
138
138
135
135
135
135
135
135
135
127
127
127
127
127
127
127
122
122
196
196
196
196
196
205
205
205
205
205
205
205
204
204
204
204
204
204
204
198
198
198
198
198
198
198
204
204
204
204
204
204
204
211
211
211
211
198
198
198
234
234
234
234
234
234
234
234
234
230
230
230
230
230
230
230
230
230
230
230
230
211
211
211
211
211
211
211
194
194
194
194
194
194
194
194
194
194
194
194
194
194
200
200
200
200
200
200
200
126
126
118
118
118
118
118
118
118
118
118
118
118
118
118
118
112
112
112
112
112
112
112
112
112
112
112
112
110
110
110
110
110
110
110
110
110
110
110
110
110
110
110
110
110
110
110
110
110
110
110
110
110
110
110
110
110
110
110
110
110
110
110
110
110
110
110
110
110
110
110
110
110
110
110
110
110
110
110
110
110
110
110
110
110
110
126
126
126
126
126
126
126
128
128
128
128
128
120
120
120
120
120
120
120
120
120
120
120
98
98
98
98
98
98
98
98
98
98
98
98
98
98
98
98
98
100
100
100
100
100
100
100
100
100
100
100
100
100
100
88
88
88
88
88
88
88
88
88
88
88
85
85
85
90
90
90
90
90
90
90
88
88
88
88
88
88
88
90
90
90
90
90
90
90
90
90
90
90
90
90
90
90
90
90
90
90
90
90
90
90
90
90
90
90
90
86
86
86
86
86
86
86
86
86
86
86
90
90
90
90
90
90
90
90
