0
0
0
0
0
0
0
0
0
0
0
0
0
0
0
0
0
0
0
0
0
0
0
0
0
0
0
0
0
0
0
0
0
0
0
0
0
0
0
0
0
0
0
0
0
0
0
0
0
0
0
0
0
0
0
0
0
0
0
0
0
0
0
0
0
0
0
0
0
0
0
0
0
0
0
0
0
0
0
0
0
0
0
0
0
0
0
0
0
0
0
0
0
0
0
0
0
0
0
0
0
0
0
0
0
0
0
0
0
0
0
0
0
0
0
0
0
0
0
0
0
0
0
0
0
0
0
0
0
0
0
0
0
0
0
0
0
0
0
0
0
0
0
0
0
0
0
0
0
0
0
0
0
0
0
0
0
0
0
0
0
0
0
0
0
0
0
0
0
0
0
0
0
0
0
0
0
0
0
0
0
0
0
0
0
0
0
0
0
0
0
0
0
0
0
0
0
0
0
0
0
0
0
0
0
0
0
0
0
0
0
0
0
0
0
0
0
0
0
0
0
0
0
0
0
0
0
0
0
0
0
0
0
0
0
0
0
0
0
0
0
0
0
0
0
0
0
0
0
0
0
0
0
0
0
0
0
0
0
0
0
0
0
0
0
0
0
0
0
0
0
0
0
0
0
0
0
0
0
0
0
0
0
0
0
0
0
0
0
0
0
0
0
0
0
0
0
0
0
0
0
0
0
0
0
0
0
0
0
0
0
0
0
0
0
0
0
0
0
0
0
0
0
0
0
0
0
0
0
0
0
0
0
0
0
0
0
0
0
0
0
0
0
0
0
0
0
0
0
0
0
0
0
0
0
0
0
0
0
0
0
0
0
0
0
0
0
0
0
0
0
0
0
0
0
0
0
0
0
0
0
0
0
0
0
0
0
0
0
0
0
0
0
0
0
0
0
0
0
0
0
0
0
0
0
0
0
0
0
0
0
0
0
0
0
0
0
0
0
0
0
0
0
0
0
0
0
0
0
0
0
0
0
0
0
0
0
0
0
0
0
0
0
0
0
0
0
0
0
0
0
0
0
0
0
0
0
0
0
0
0
0
0
0
0
0
0
0
0
0
0
0
0
0
0
0
0
0
0
0
0
0
0
0
0
0
0
0
0
0
0
0
0
0
0
525
513
510
510
546
544
546
546
543
585
578
554
556
552
548
583
583
614
600
609
730
729
769
695
556
686
761
758
764
760
753
752
740
830
830
859
858
853
856
901
899
900
940
830
934
948
939
935
933
931
930
927
930
934
931
928
930
927
927
954
932
936
933
932
935
932
934
929
931
921
919
929
929
918
928
936
924
948
951
946
952
942
947
949
952
956
956
964
937
627
627
627
627
627
627
627
627
627
627
627
627
627
845
860
811
687
597
588
507
684
843
833
642
811
809
808
806
802
835
813
825
766
866
825
827
836
836
836
836
830
827
822
849
841
853
853
668
1024
1029
1027
713
1070
1068
913
905
858
858
866
931
928
917
922
920
939
981
968
964
1080
1.053990e+03
1054
1036
1.015000e+01
980
977
969
963
993
989
986
862
1001
1036
1056
1094
1065
1097
1092
1044
1024
980
944
967
1090
1060
926
1031
1012
1011
1024
987
981
993
975
974
966
944
908
908
908
959
909
879
847
880
775
767
773
745
851
823
833
835
826
808
832
794
783
811
802
790
785
780
769
758
732
725
723
706
692
650
564
545
533
531
528
528
574
560
553
553
560
551
546
542
544
534
5.354400e+02
530
526
521
519
517
515
517
509
512
512
512
505
504
498
4.982500e+02
497
499
411
498
491
491
485
490
483
470
495
489
479
479
504
498
519
532
511
508
495
499
499
495
489
491
488
661
526
640
569
521
539
525
513
516
522
499
498
500
515
500
390
372
373
377
367
361
361
361
361
355
351
346
351
343
373
667
681
497
439
719
463
403
373
373
373
341
334
342
666
426
426
436
399
355
341
325
322
319
305
308
296
322
311
681
460
454
406
245
289
265
281
278
272
272
271
262
254
265
249
265
254
264
258
255
258
254
253
250
250
248
234
265
236
239
229
239
242
232
225
231
226
230
212
358
237
237
211
232
385
219
244
244
206
655
647
236
236
232
227
219
221
220
214
214
214
218
216
217
205
209
212
208
207
206
202
185
201
201
197
197
198
198
198
193
192
188
186
186
193
178
168
153
193
185
185
185
184
184
184
196
179
179
179
179
178
174
166
174
178
173
176
172
168
171
171
169
157
173
166
172
169
170
166
142
164
162
171
167
150
161
161
160
156
139
157
146
146
146
236
277
268
272
227
226
284
215
260
266
203
207
235
235
271
294
301
298
216
277
189
210
111
105
198
175
185
228
207
212
206
189
259
233
342
96
148
207
166
156
232
249
211
209
189
192
212
217
173
214
214
210
209
193
258
207
284
352
351
347
199
237
227
139
210
179
148
166
204
221
230
89
139
164
234
232
185
184
201
153
253
268
188
131
167
199
1.617161e+02
1.587427e+02
1.557694e+02
168
231
231
194
194
194
477
199
199
503
229
229
229
229
217
222
204
207
207
207
199
194
195
192
190
190
190
179
179
179
179
286
286
286
286
171
166
165
167
167
167
157
157
165
146
148
149
149
149
149
171
101
82
84
80
158
375
320
68
170
170
170
259
259
75
180
247
247
247
236
253
103
97
100
100
100
104
100
80
80
80
80
80
80
80
80
80
137
137
137
126
130
375
368
368
130
130
130
137
165
162
170
170
170
351
59
59
60
58
58
58
138
132
132
123
123
123
123
153
141
121
118
138
138
138
154
138
132
128
153
153
153
121
121
118
112
108
108
108
106
118
152
147
115
115
115
116
141
138
126
91
91
91
91
91
91
91
91
91
91
91
91
91
91
91
91
91
91
91
91
91
91
91
91
91
91
91
91
91
91
91
91
91
91
91
91
91
91
91
91
91
91
91
91
91
91
91
91
91
91
91
91
91
91
91
91
91
91
91
91
91
91
91
91
91
91
91
91
91
91
91
91
91
91
91
91
91
91
91
91
91
91
91
91
91
91
91
91
91
91
91
91
91
91
91
91
91
91
91
91
91
91
91
91
91
91
91
91
91
91
91
91
91
91
91
91
91
91
91
91
91
91
121
217
198
198
198
198
198
167
157
157
157
157
157
157
167
153
153
134
126
126
126
145
142
138
138
138
138
138
108
102
136
132
126
126
126
133
133
133
133
133
133
133
105
111
136
130
130
130
130
178
178
174
174
174
174
174
174
174
181
181
181
181
181
176
176
176
176
176
176
176
176
176
176
176
176
176
176
176
176
176
176
176
176
176
176
176
176
176
176
176
176
176
176
176
176
176
176
176
176
176
176
217
211
211
211
216
216
216
216
216
216
216
216
95
82
82
100
100
100
96
96
104
104
104
104
104
102
102
120
118
153
153
153
125
120
120
120
120
120
120
120
120
265
260
260
260
260
260
30
30
30
30
30
30
42
198
177
170
170
170
170
170
51
51
52
52
52
52
75
59
57
60
52
52
52
52
191
191
191
191
191
191
184
170
178
186
80
80
80
75
75
75
75
75
75
75
75
104
101
97
90
90
90
108
108
108
108
108
108
108
114
114
114
120
120
120
120
120
120
120
120
120
120
120
99
99
99
99
108
108
108
97
97
97
97
97
97
97
128
128
128
128
128
128
128
128
128
128
128
128
128
128
128
128
128
128
128
128
128
128
128
128
128
128
128
128
128
128
128
128
128
128
128
128
128
128
128
128
128
128
128
128
128
128
128
128
128
128
128
128
128
128
128
128
128
128
128
128
128
128
128
128
128
128
128
128
128
128
128
128
128
128
128
128
128
128
128
128
128
128
128
128
128
128
128
128
128
128
128
128
128
128
128
128
128
128
128
128
128
128
128
128
128
128
128
128
128
128
128
128
128
128
128
128
128
128
128
128
128
128
128
128
128
128
128
128
128
128
128
128
128
128
128
128
128
128
128
128
128
128
128
128
128
128
128
128
128
128
128
128
128
128
128
128
128
128
128
128
128
128
128
128
128
128
128
128
128
128
128
128
128
128
128
128
128
128
128
128
128
128
128
128
120
120
153
153
153
148
148
148
148
175
175
175
178
178
178
178
159
159
159
184
184
184
184
148
148
148
148
148
180
180
180
180
180
170
170
170
170
170
170
170
167
167
165
165
165
165
165
160
160
160
160
160
160
160
155
155
155
155
155
155
155
155
167
167
167
167
167
167
167
167
167
167
167
167
167
148
148
148
148
148
148
148
140
140
140
140
140
140
140
145
145
148
148
136
136
136
140
140
140
140
140
140
140
140
140
140
140
153
153
153
153
153
153
153
153
153
153
153
153
153
153
153
153
153
153
153
153
153
153
153
153
153
153
153
153
153
153
153
153
153
153
153
153
153
153
153
153
153
153
153
153
153
153
153
153
153
153
153
153
153
153
153
153
153
153
153
153
153
153
153
153
153
153
153
153
153
153
153
153
153
153
153
153
153
153
153
153
153
153
153
153
153
153
153
153
153
153
153
153
153
153
162
162
150
150
142
142
142
166
166
166
166
166
166
166
166
166
123
123
118
118
118
118
118
118
118
118
118
118
118
118
120
120
110
110
110
110
110
110
110
110
110
110
138
138
146
146
146
146
146
146
146
146
146
146
146
146
146
146
126
126
126
126
126
126
126
126
126
126
126
126
126
126
126
126
126
126
126
126
126
126
126
126
126
126
126
126
126
126
126
126
126
126
120
120
120
120
120
120
120
120
120
120
120
120
120
120
120
120
120
120
120
120
112
112
118
118
120
120
120
126
126
126
126
126
126
126
121
121
121
121
113
113
113
80
80
80
80
80
80
80
80
80
80
80
78
78
78
78
78
78
78
78
78
78
78
78
78
78
78
78
78
78
78
78
78
78
78
78
78
78
78
78
76
76
76
76
76
76
76
76
76
76
53
53
50
50
50
50
50
50
50
50
50
50
50
50
48
48
50
50
50
50
50
50
50
50
50
50
50
50
50
50
114
114
112
112
112
110
110
112
112
112
112
112
112
112
102
102
98
98
98
100
100
100
100
100
100
100
81
81
76
76
70
70
70
100
100
100
100
100
100
100
108
108
102
102
98
98
98
167
167
167
167
60
60
60
60
60
60
60
60
60
60
60
60
60
60
60
60
60
70
70
66
66
66
66
66
68
68
68
68
68
68
68
62
62
62
60
60
60
60
60
60
60
60
60
60
60
65
65
60
60
58
58
58
58
58
58
58
58
58
58
60
60
58
58
45
45
45
52
52
52
52
52
52
52
58
58
58
58
60
60
60
78
78
78
78
78
78
78
72
72
68
68
65
65
65
68
68
68
68
68
68
68
72
72
70
70
64
64
64
70
70
70
70
70
70
70
70
70
88
88
88
88
88
88
88
72
72
72
72
72
72
72
85
85
84
84
84
85
85
85
85
85
85
85
85
85
85
85
85
85
85
85
85
85
85
85
85
85
85
85
85
85
85
85
85
85
85
85
85
85
85
85
80
80
76
76
76
76
76
72
72
72
72
72
72
72
68
68
68
68
68
68
68
68
68
68
68
68
68
68
70
70
70
70
70
70
70
70
70
70
70
70
70
70
70
70
70
70
72
72
72
70
70
70
70
70
70
70
70
70
68
68
68
68
68
84
84
80
80
82
82
82
80
80
82
82
82
82
82
82
82
80
80
80
80
80
80
80
80
80
80
80
80
80
80
72
72
72
72
72
20
20
20
20
20
20
20
20
20
78
78
78
78
78
70
70
70
70
70
70
70
68
68
68
68
68
68
68
70
70
70
70
70
70
70
68
68
68
68
68
68
68
72
72
72
72
72
72
72
70
70
70
70
70
70
70
68
68
68
68
68
68
68
70
70
70
70
72
72
72
60
60
60
60
60
60
60
60
60
62
62
62
62
62
62
62
62
62
62
62
62
58
58
58
58
58
58
58
60
60
60
60
60
60
60
60
60
60
60
60
60
60
55
55
55
55
55
55
55
75
75
72
72
72
72
72
72
72
72
72
72
72
72
72
72
75
75
75
75
75
75
75
75
75
75
75
75
72
72
72
72
72
72
72
72
72
72
72
72
72
72
72
72
72
72
72
72
72
72
72
72
72
72
72
72
72
72
72
72
72
72
72
72
72
72
72
72
72
72
72
72
72
72
72
72
72
72
72
72
72
72
72
72
72
72
107
107
107
107
107
107
107
109
109
109
109
109
105
105
105
105
105
105
105
105
105
105
105
100
100
100
100
100
100
100
100
100
100
100
100
100
100
100
100
100
92
92
92
92
92
92
92
92
92
90
90
90
90
90
85
85
85
85
85
85
85
85
85
85
85
80
80
80
82
82
82
82
82
82
82
78
78
78
78
78
78
78
75
75
75
75
75
75
75
75
75
75
75
75
75
75
75
75
75
75
75
75
75
75
75
75
75
75
75
75
80
80
80
80
80
80
80
80
80
80
80
72
72
72
72
72
72
72
72
