0
0
0
0
0
0
0
0
0
0
0
0
0
0
0
0
0
0
0
0
0
0
0
0
0
0
0
0
0
0
0
0
0
0
0
0
0
0
0
0
0
0
0
0
0
0
0
0
0
0
0
0
0
0
0
0
0
0
0
0
0
0
0
0
0
0
0
0
0
0
0
0
0
0
0
0
0
0
0
0
0
0
0
0
0
0
0
0
0
0
0
0
0
0
0
0
0
0
0
0
0
0
0
0
0
0
0
0
0
0
0
0
0
0
0
0
0
0
0
0
0
0
0
0
0
0
0
0
0
0
0
0
0
0
0
0
0
0
0
0
0
0
0
0
0
0
0
0
0
0
0
0
0
0
0
0
0
0
0
0
0
0
0
0
0
0
0
0
0
0
0
0
0
0
0
0
0
0
0
0
0
0
0
0
0
0
0
0
0
0
0
0
0
0
0
0
0
0
0
0
0
0
0
0
0
0
0
0
0
0
0
0
0
0
0
0
0
0
0
0
0
0
0
0
0
0
0
0
0
0
0
0
0
0
0
0
0
0
0
0
0
0
0
0
0
0
0
0
0
0
0
0
0
0
0
0
0
0
0
0
0
0
0
0
0
0
0
0
0
0
0
0
0
0
0
0
0
0
0
0
0
0
0
0
0
0
0
0
0
0
0
0
0
0
0
0
0
0
0
0
0
0
0
0
0
0
0
0
0
0
0
0
0
0
0
0
0
0
0
0
0
0
0
0
0
0
0
0
0
0
0
0
0
0
0
0
0
0
0
0
0
0
0
0
0
0
0
0
0
0
0
0
0
0
0
0
0
0
0
0
0
0
0
0
0
0
0
0
0
0
0
0
0
0
0
0
0
0
0
0
0
0
0
0
0
0
0
0
0
0
0
0
0
0
0
0
0
0
0
0
0
0
0
0
0
0
0
0
0
0
0
0
0
0
0
0
0
0
0
0
0
0
0
0
0
0
0
0
0
0
0
0
0
0
0
0
0
0
0
0
0
0
0
0
0
0
0
0
0
0
0
0
0
0
0
0
0
0
0
0
0
0
0
0
0
0
0
0
0
0
0
0
0
0
0
0
0
0
0
0
0
0
0
0
0
0
0
0
0
0
0
0
0
0
0
0
0
0
0
0
0
0
0
0
0
0
0
0
0
0
0
0
0
0
0
0
0
0
1.000000e-01
9.000000e-02
1.000000e-01
1.100000e-01
1.600000e-01
1.500000e-01
1.000000e-01
1.100000e-01
1.100000e-01
1.200000e-01
1.200000e-01
2.000000e-01
4.400000e-01
6.300000e-01
5.700000e-01
5.600000e-01
6.000000e-01
3.500000e-01
2.200000e-01
1.600000e-01
8.000000e-02
1.500000e-01
7.000000e-02
2.900000e-01
3.100000e-01
1.200000e-01
9.000000e-02
8.000000e-02
3.000000e-01
1.700000e-01
2.500000e-01
5.300000e-01
3.500000e-01
5.700000e-01
6.600000e-01
8.400000e-01
8.900000e-01
1.180000e+00
1.390000e+00
7.100000e-01
0
0
2.000000e-02
1.000000e-02
1.900000e-01
2.400000e-01
2.900000e-01
9.600000e-01
1.650000e+00
2.530000e+00
5.050000e+00
5.510000e+00
5.360000e+00
5.600000e+00
5.670000e+00
5.780000e+00
5.970000e+00
6.150000e+00
6.390000e+00
6.500000e+00
6.600000e+00
6.460000e+00
6.920000e+00
7.220000e+00
7.520000e+00
7.490000e+00
3.200000e+00
4.000000e-02
9.000000e-02
7.000000e-02
2.000000e-02
1.000000e-01
8.000000e-02
8.000000e-02
6.000000e-02
6.000000e-02
3.000000e-02
4.000000e-02
3.000000e-02
3.900000e-01
7.210000e+00
7.320000e+00
7.410000e+00
7.240000e+00
6.810000e+00
6.670000e+00
7.080000e+00
8.140000e+00
9.120000e+00
9.930000e+00
1.002000e+01
9.870000e+00
9.590000e+00
9.870000e+00
1.070000e+01
1.206000e+01
1.277000e+01
1.362000e+01
1.377000e+01
1.358000e+01
1.308000e+01
1.262000e+01
1.246000e+01
1.255700e+01
1.258000e+01
1.256000e+01
1.276000e+01
1.309000e+01
1.291000e+01
1.327000e+01
1.351000e+01
1.373000e+01
1.372000e+01
1.389000e+01
1.433000e+01
1.535000e+01
1.641000e+01
1.818000e+01
2.030000e+01
1.996000e+01
1.799000e+01
1.601000e+01
1.511000e+01
1.580000e+01
1.630000e+01
1.823000e+01
1.873000e+01
1.903000e+01
1.979000e+01
2.015000e+01
2.084000e+01
2.303000e+01
2.198000e+01
2.480000e+01
27
2.968000e+01
3.186000e+01
3.408000e+01
3.538000e+01
3.556000e+01
3.749000e+01
3.889000e+01
4.056000e+01
4.503000e+01
4.757000e+01
4.946000e+01
5.163000e+01
5.332000e+01
5.492000e+01
6.046000e+01
6.163000e+01
6.169000e+01
6.267000e+01
6.399000e+01
6.465000e+01
6.613000e+01
6.914000e+01
6.813000e+01
6.767000e+01
6.825000e+01
68
6.904000e+01
6.976000e+01
7.212000e+01
7.371000e+01
7.527000e+01
7.620000e+01
7.634000e+01
7.681000e+01
7.619000e+01
7.723000e+01
7.733000e+01
7.770000e+01
7.849000e+01
7.915000e+01
7.933000e+01
8.464000e+01
8.711000e+01
8.584000e+01
8.530000e+01
8.765000e+01
9.027000e+01
9.285000e+01
9.217000e+01
9.160000e+01
9.193000e+01
9.343000e+01
9.366000e+01
9.337000e+01
9.290000e+01
9.102000e+01
9.147000e+01
8.932000e+01
8.740000e+01
8.766000e+01
8.839000e+01
8.715000e+01
8.889000e+01
9.011000e+01
9.051000e+01
9.101000e+01
9.097000e+01
9.189000e+01
9.197000e+01
9.327000e+01
9.496000e+01
9.645000e+01
9.616000e+01
9.713000e+01
9.880000e+01
1.001300e+02
1.014500e+02
4.124000e+01
3.458000e+01
6.672000e+01
7.816000e+01
7.967000e+01
5.593000e+01
8.491000e+01
9.313000e+01
9.799000e+01
1.016100e+02
1.048600e+02
1.065800e+02
1.053900e+02
1.081200e+02
1.101300e+02
1.109200e+02
1.131100e+02
1.166000e+02
1.199700e+02
1.209800e+02
1.224100e+02
1.224100e+02
1.224100e+02
1.244500e+02
1.234000e+02
1.240700e+02
1.263000e+02
1.280200e+02
1.276000e+02
1.342300e+02
1.316300e+02
1.314300e+02
1.309400e+02
1.310200e+02
1.323000e+02
1.365600e+02
1.425600e+02
1.502200e+02
1.480100e+02
1.496700e+02
1.503000e+02
1.491100e+02
1.442300e+02
1.415500e+02
1.430200e+02
1.418300e+02
1.436200e+02
1.425600e+02
1.415700e+02
1.421500e+02
1.426100e+02
1.432600e+02
1.446200e+02
1.435400e+02
7.173000e+01
1.247600e+02
8.581000e+01
1.022400e+02
1.552800e+02
1.481900e+02
1.496400e+02
1.536700e+02
1.580100e+02
1.601000e+02
1.628100e+02
1.627700e+02
1.648600e+02
1.733400e+02
1.741600e+02
1.729600e+02
1.745600e+02
1.753400e+02
1.760700e+02
1.773900e+02
1.759900e+02
1.742000e+02
1.742000e+02
1.773700e+02
1.760800e+02
1.771500e+02
179
1.793900e+02
1.799200e+02
1.852000e+02
9.142000e+01
6.034000e+01
1.182100e+02
1.831700e+02
9.124000e+01
1.331300e+02
1.884900e+02
1.899900e+02
1.899900e+02
1.899900e+02
1.998500e+02
2.036400e+02
2.078700e+02
2.087800e+02
1.331300e+02
9.001000e+01
1.383300e+02
1.875500e+02
2.046300e+02
2.090600e+02
2.120800e+02
2.171200e+02
2.208800e+02
2.209000e+02
2.194900e+02
2.202200e+02
1.868800e+02
2.049000e+02
9.223000e+01
1.623300e+02
1.968200e+02
2.265700e+02
2.286900e+02
2.372300e+02
2.362500e+02
2.392100e+02
2.414600e+02
2.414200e+02
2.411500e+02
2.417600e+02
2.399300e+02
2.399700e+02
2.408800e+02
2.414000e+02
2.412900e+02
2.421100e+02
2.376700e+02
2.405600e+02
2.421500e+02
2.420700e+02
2.415800e+02
2.420600e+02
2.402700e+02
2.411100e+02
2.410700e+02
2.408900e+02
2.404800e+02
2.397700e+02
2.400100e+02
2.355000e+02
2.378200e+02
2.378800e+02
2.380900e+02
2.338100e+02
2.364900e+02
2.373000e+02
2.372500e+02
2.356200e+02
2.338400e+02
2.320100e+02
2.309800e+02
2.265100e+02
2.338400e+02
7.864000e+01
1.626100e+02
1.931800e+02
2.005400e+02
2.120900e+02
2.177800e+02
2.332900e+02
2.301900e+02
2.423900e+02
2.435800e+02
245
2.455100e+02
2.453900e+02
2.456700e+02
2.462800e+02
2.462800e+02
2.462800e+02
2.502300e+02
2.507400e+02
2.506800e+02
2.499200e+02
2.490500e+02
2.495100e+02
2.497100e+02
2.492500e+02
2.483400e+02
2.473300e+02
2.454000e+02
2.471200e+02
2.471200e+02
2.428000e+02
2.427900e+02
2.424200e+02
2.434000e+02
2.434000e+02
2.451100e+02
2.468000e+02
2.499500e+02
2.490600e+02
2.448400e+02
2.481100e+02
2.495000e+02
2.519000e+02
2.516600e+02
2.505100e+02
2.515100e+02
2.515100e+02
2.515100e+02
2.524900e+02
2.517400e+02
2.364400e+02
2.001300e+02
2.288100e+02
2.288100e+02
2.397100e+02
2.423900e+02
2.450400e+02
2.466100e+02
2.483900e+02
2.488500e+02
2.492700e+02
2.482600e+02
2.493400e+02
2.483600e+02
2.481700e+02
2.511400e+02
2.521900e+02
2.524100e+02
2.490100e+02
2.511100e+02
2.510500e+02
2.514300e+02
2.509800e+02
2.494500e+02
2.503900e+02
2.491200e+02
2.501400e+02
2.504100e+02
2.514600e+02
2.520800e+02
2.511200e+02
2.512700e+02
2.515500e+02
2.500200e+02
2.490600e+02
2.494300e+02
2.502900e+02
2.505000e+02
2.505000e+02
2.505000e+02
2.413900e+02
2.395200e+02
2.395400e+02
2.390500e+02
2.411800e+02
2.362900e+02
2.372900e+02
2.379500e+02
2.392100e+02
2.402300e+02
2.399600e+02
2.403200e+02
2.404300e+02
2.396200e+02
2.394100e+02
2.388500e+02
2.394600e+02
2.404100e+02
2.401300e+02
2.404100e+02
2.425800e+02
244
2.443800e+02
2.439600e+02
2.436900e+02
2.427400e+02
2.431200e+02
2.457600e+02
2.452100e+02
2.461200e+02
2.437700e+02
2.433300e+02
2.425700e+02
2.411600e+02
2.403600e+02
2.411800e+02
2.418800e+02
2.432700e+02
2.433400e+02
2.433500e+02
2.432800e+02
2.452400e+02
2.473700e+02
2.488700e+02
2.495600e+02
2.492700e+02
248
2.493400e+02
2.513300e+02
2.494500e+02
2.478100e+02
2.481600e+02
2.497400e+02
2.488700e+02
2.484900e+02
2.486800e+02
2.490200e+02
2.494500e+02
2.485800e+02
2.478700e+02
2.472200e+02
2.416900e+02
2.419500e+02
2.418600e+02
2.427400e+02
2.482400e+02
2.506300e+02
2.509400e+02
2.512500e+02
2.486000e+02
2.514300e+02
2.524700e+02
2.513100e+02
2.484100e+02
2.523600e+02
2.510400e+02
2.499000e+02
2.500500e+02
2.494300e+02
2.508200e+02
2.506800e+02
2.509400e+02
2.496100e+02
2.478300e+02
2.443900e+02
2.450800e+02
2.478892e+02
2.476474e+02
2.408600e+02
2.393200e+02
2.430600e+02
1.450500e+02
1.997700e+02
1.997700e+02
1.997700e+02
1.265300e+02
1.982300e+02
1.435100e+02
1.275100e+02
1.887700e+02
1.887700e+02
1.887700e+02
1.422500e+02
2.121600e+02
2.193200e+02
2.165700e+02
2.127000e+02
2.127000e+02
2.127000e+02
2.071300e+02
2.078400e+02
2.070100e+02
2.068700e+02
207
207
207
2.071700e+02
2.071700e+02
2.071700e+02
2.141500e+02
2.148000e+02
2.148000e+02
2.148000e+02
2.148000e+02
2.165000e+02
2.228200e+02
2.245900e+02
2.264700e+02
2.264700e+02
2.264700e+02
2.300700e+02
2.339770e+02
2.340700e+02
2.339900e+02
2.347000e+02
2.368800e+02
2.381300e+02
2.391000e+02
2.421100e+02
2.441500e+02
2.455400e+02
2.481200e+02
2.488700e+02
2.492100e+02
2.494200e+02
2.518500e+02
2.499800e+02
2.520600e+02
2.557500e+02
2.563800e+02
2.533200e+02
2.532900e+02
2.532900e+02
2.514000e+02
2.501100e+02
2.492400e+02
2.492400e+02
2.492400e+02
2.563300e+02
2.524200e+02
2.515200e+02
2.487900e+02
2.479600e+02
2.479600e+02
2.479600e+02
2.470300e+02
2.440700e+02
2.433300e+02
2.433300e+02
2.403000e+02
2.403000e+02
2.403000e+02
2.435700e+02
1.569600e+02
1.365100e+02
2.287400e+02
2.416800e+02
2.416800e+02
2.416800e+02
1.840600e+02
2.438900e+02
1.926000e+02
2.113300e+02
1.464200e+02
1.464200e+02
1.464200e+02
2.512400e+02
2.467100e+02
2.490200e+02
2.483600e+02
2.486600e+02
2.486600e+02
2.486600e+02
2.748700e+02
2.630100e+02
2.627300e+02
259
2.531600e+02
2.531600e+02
2.531600e+02
2.497400e+02
2.506400e+02
2.506400e+02
2.580600e+02
2.640900e+02
2.640900e+02
2.640900e+02
2.611800e+02
2.655300e+02
2.536200e+02
2.584100e+02
2.576700e+02
2.576700e+02
2.576700e+02
2.524300e+02
2.494400e+02
2.497000e+02
2.514000e+02
4.514200e+02
4.514200e+02
4.514200e+02
2.455800e+02
2.449800e+02
2.450600e+02
2.497400e+02
2.497600e+02
2.497600e+02
2.497600e+02
2.420700e+02
2.370900e+02
2.372700e+02
2.447600e+02
2.487600e+02
2.487600e+02
2.487600e+02
2.428000e+02
2.374800e+02
2.346200e+02
2.345600e+02
2.328200e+02
2.328200e+02
2.328200e+02
1.470300e+02
1.449700e+02
1.431300e+02
1.445900e+02
1.405600e+02
1.405600e+02
1.405600e+02
1.336000e+02
2.344500e+02
1.342800e+02
1.340200e+02
1.340200e+02
1.340200e+02
1.340200e+02
1.340200e+02
1.352000e+02
1.338700e+02
1.338500e+02
1.328800e+02
1.328800e+02
1.328800e+02
1.328800e+02
1.329600e+02
1.332700e+02
1.344600e+02
1.349400e+02
1.349400e+02
1.349400e+02
1.352600e+02
1.352600e+02
1.352600e+02
1.352600e+02
1.320100e+02
1.320100e+02
1.320100e+02
1.358000e+02
1.326700e+02
1.333800e+02
1.333600e+02
1.308800e+02
1.308800e+02
1.308800e+02
1.316400e+02
1.280500e+02
1.280500e+02
1.280500e+02
1.278100e+02
1.278100e+02
1.278100e+02
1.296900e+02
1.285300e+02
1.282800e+02
1.280300e+02
1.261800e+02
1.261800e+02
1.261800e+02
1.254400e+02
1.258400e+02
1.254100e+02
1.248900e+02
1.254800e+02
1.254800e+02
1.254800e+02
1.239000e+02
1.239000e+02
1.239000e+02
1.234300e+02
1.348000e+02
1.348000e+02
1.348000e+02
1.247500e+02
1.297100e+02
1.273300e+02
1.285100e+02
1.254500e+02
1.254500e+02
1.254500e+02
1.254500e+02
1.259900e+02
1.249000e+02
1.249000e+02
1.249000e+02
1.249000e+02
1.249000e+02
1.274200e+02
1.239800e+02
1.247000e+02
1.247000e+02
1.247000e+02
1.247000e+02
1.247000e+02
1.247000e+02
1.246200e+02
1.241400e+02
1.240100e+02
1.254500e+02
1.254500e+02
1.254500e+02
1.253500e+02
1.227200e+02
1.227200e+02
1.227200e+02
1.227200e+02
1.227200e+02
1.227200e+02
1.216600e+02
1.224200e+02
1.219300e+02
1.219300e+02
1.196200e+02
1.196200e+02
1.196200e+02
1.201600e+02
1.201600e+02
1.201600e+02
1.201600e+02
1.215800e+02
1.215800e+02
1.215800e+02
2.525800e+02
2.525200e+02
2.491500e+02
2.485900e+02
2.448300e+02
2.448300e+02
2.448300e+02
2.606300e+02
2.514400e+02
2.514400e+02
2.363900e+02
2.363900e+02
2.363900e+02
2.363900e+02
2.317400e+02
2.330600e+02
2.330600e+02
2.313400e+02
2.338300e+02
2.338300e+02
2.338300e+02
2.325900e+02
2.329000e+02
2.372600e+02
2.372600e+02
2.372600e+02
2.372600e+02
2.372600e+02
2.486500e+02
2.505700e+02
2.516800e+02
2.509800e+02
2.502900e+02
2.502900e+02
2.502900e+02
2.511700e+02
2.511700e+02
2.511700e+02
2.511700e+02
2.511700e+02
2.511700e+02
2.511700e+02
2.619400e+02
2.599300e+02
2.597200e+02
2.602800e+02
2.602800e+02
2.602800e+02
2.602800e+02
2.581700e+02
2.532700e+02
2.512200e+02
2.496600e+02
2.496600e+02
2.496600e+02
2.496600e+02
2.282600e+02
2.440400e+02
2.521200e+02
2.506700e+02
2.075600e+02
2.075600e+02
2.075600e+02
2.551900e+02
1.934600e+02
1.764000e+02
1.764000e+02
1.764000e+02
1.764000e+02
1.764000e+02
1.681300e+02
1.681300e+02
1.681300e+02
1.669800e+02
1.637900e+02
1.637900e+02
1.637900e+02
164
1.639400e+02
1.639400e+02
1.562000e+02
1.660800e+02
1.660800e+02
1.660800e+02
1.586000e+02
1.635200e+02
1.594000e+02
1.569100e+02
1.672200e+02
1.672200e+02
1.672200e+02
1.654100e+02
1.601200e+02
1.587300e+02
1.587300e+02
1.662700e+02
1.662700e+02
1.662700e+02
1.623300e+02
1.578600e+02
1.554000e+02
2.386300e+02
2.538900e+02
2.538900e+02
2.538900e+02
2.264800e+02
2.264800e+02
2.264800e+02
2.292100e+02
2.289200e+02
2.289200e+02
2.289200e+02
2.379700e+02
2.409600e+02
2.450300e+02
2.436900e+02
2.450500e+02
2.450500e+02
2.450500e+02
2.448200e+02
2.448200e+02
2.526600e+02
2.526600e+02
2.526600e+02
2.526600e+02
2.526600e+02
2.671100e+02
2.678400e+02
2.430100e+02
2.678700e+02
2.725600e+02
2.725600e+02
2.725600e+02
2.013700e+02
2.557100e+02
2.638000e+02
2.647300e+02
2.378000e+02
2.378000e+02
2.378000e+02
2.700700e+02
2.727000e+02
2.746800e+02
2.694000e+02
2.661200e+02
2.661200e+02
2.661200e+02
2.610900e+02
2.645400e+02
2.251800e+02
2.511600e+02
2.854600e+02
2.854600e+02
2.854600e+02
2.854000e+02
2.871900e+02
2.840500e+02
2.823000e+02
2.815100e+02
2.815100e+02
2.815100e+02
2.200100e+02
2.815100e+02
2.891600e+02
2.862600e+02
2.935100e+02
2.935100e+02
2.935100e+02
1.833300e+02
2.808400e+02
2.892400e+02
2.476900e+02
2.779600e+02
2.779600e+02
2.779600e+02
2.836900e+02
2.890800e+02
2.890800e+02
2.890800e+02
2.792700e+02
2.792700e+02
2.792700e+02
2.626800e+02
2.946800e+02
2.919500e+02
2.899700e+02
2.916300e+02
2.916300e+02
2.916300e+02
2.902000e+02
2.902000e+02
2.889400e+02
2.889400e+02
2.889400e+02
2.889400e+02
2.889400e+02
2.891400e+02
2.891900e+02
2.853000e+02
2.833700e+02
2.813300e+02
2.813300e+02
2.813300e+02
2.834600e+02
2.834600e+02
2.834600e+02
2.834600e+02
2.834600e+02
2.834600e+02
2.834600e+02
2.806900e+02
2.806900e+02
2.806900e+02
2.886100e+02
2.886100e+02
2.886100e+02
2.886100e+02
288
288
288
288
288
288
288
2.921400e+02
2.921400e+02
2.921400e+02
3.104800e+02
3.158400e+02
3.158400e+02
3.158400e+02
3.121100e+02
3.121100e+02
3.121100e+02
3.121100e+02
3.121100e+02
3.121100e+02
3.121100e+02
3.095000e+02
3.095000e+02
3.108400e+02
3.108400e+02
1.881600e+02
1.881600e+02
1.881600e+02
1.846800e+02
1.846800e+02
1.846800e+02
1.846800e+02
1.846800e+02
1.846800e+02
1.846800e+02
1.729600e+02
1.729600e+02
1.746100e+02
1.746100e+02
1.746100e+02
1.746100e+02
1.746100e+02
1.751800e+02
1.751800e+02
1.003000e+02
1.003000e+02
1.060900e+02
1.060900e+02
1.060900e+02
1.060900e+02
1.060900e+02
1.941600e+02
1.941600e+02
1.998500e+02
1.998500e+02
1.998500e+02
1.997700e+02
1.997700e+02
1.969000e+02
1.969000e+02
1.956700e+02
1.956700e+02
1.956700e+02
1.945700e+02
1.945700e+02
1.920300e+02
1.920300e+02
1.965000e+02
1.965000e+02
1.965000e+02
1.946300e+02
1.946300e+02
1.945800e+02
1.945800e+02
1.959200e+02
1.959200e+02
1.959200e+02
1.980100e+02
1.980100e+02
1.953000e+02
1.953000e+02
1.953000e+02
1.953000e+02
1.953000e+02
1.952300e+02
1.952300e+02
1.951200e+02
1.951200e+02
1.951200e+02
1.951200e+02
1.951200e+02
1.951200e+02
1.951200e+02
1.906500e+02
1.906500e+02
1.892700e+02
1.892700e+02
1.892700e+02
1.876500e+02
1.876500e+02
1.082500e+02
1.082500e+02
1.091000e+02
1.091000e+02
1.091000e+02
1.091000e+02
1.091000e+02
1.091000e+02
1.091000e+02
1.091000e+02
1.091000e+02
1.091000e+02
1.091000e+02
1.091000e+02
1.896400e+02
1.896400e+02
1.896400e+02
1.896400e+02
1.896400e+02
1.763500e+02
1.763500e+02
1.726600e+02
1.726600e+02
1.709800e+02
1.709800e+02
1.709800e+02
1.696900e+02
1.696900e+02
1.681700e+02
1.681700e+02
1.677300e+02
1.677300e+02
1.677300e+02
1.658800e+02
1.658800e+02
1.643000e+02
1.643000e+02
1.653000e+02
1.653000e+02
1.653000e+02
1.641000e+02
1.641000e+02
1.644900e+02
1.644900e+02
1.644900e+02
1.644900e+02
1.644900e+02
1.644900e+02
1.644900e+02
1.601800e+02
1.601800e+02
1.601800e+02
1.601800e+02
1.601800e+02
1.602600e+02
1.602600e+02
1.609700e+02
1.609700e+02
1.601900e+02
1.601900e+02
1.601900e+02
1.597800e+02
1.597800e+02
1.597800e+02
1.597800e+02
1.547700e+02
1.547700e+02
1.547700e+02
1.518800e+02
1.518800e+02
1.510400e+02
1.510400e+02
1.483600e+02
1.483600e+02
1.483600e+02
1.456000e+02
1.456000e+02
1.456000e+02
1.456000e+02
1.456000e+02
1.456000e+02
1.456000e+02
1.456000e+02
1.456000e+02
1.456000e+02
1.456000e+02
1.391900e+02
1.391900e+02
1.391900e+02
1.391900e+02
1.391900e+02
1.375500e+02
1.375500e+02
1.369300e+02
1.369300e+02
0
0
0
0
0
0
0
0
0
0
1.928500e+02
1.928500e+02
1.804700e+02
1.804700e+02
1.804700e+02
2.026000e+01
2.026000e+01
2.481300e+02
2.481300e+02
2.536500e+02
2.536500e+02
2.536500e+02
2.640700e+02
2.640700e+02
2.718300e+02
2.718300e+02
2.777100e+02
2.777100e+02
2.777100e+02
2.754800e+02
2.754800e+02
2.754800e+02
2.754800e+02
2.780600e+02
2.780600e+02
2.780600e+02
2.913200e+02
2.913200e+02
1.951700e+02
1.951700e+02
1.951700e+02
1.951700e+02
1.951700e+02
2.525200e+02
2.525200e+02
2.562900e+02
2.562900e+02
2.562900e+02
2.562900e+02
2.562900e+02
2.605200e+02
2.605200e+02
2.766000e+02
2.766000e+02
2.680900e+02
2.680900e+02
2.680900e+02
2.688400e+02
2.688400e+02
2.688400e+02
2.688400e+02
2.688400e+02
2.688400e+02
2.688400e+02
2.573900e+02
2.573900e+02
2.573900e+02
2.573900e+02
2.573900e+02
2.573900e+02
2.573900e+02
2.573900e+02
2.406800e+02
2.406800e+02
2.461800e+02
2.461800e+02
2.461800e+02
2.461800e+02
2.461800e+02
2.461800e+02
2.517900e+02
2.517900e+02
2.517900e+02
2.517900e+02
2.517900e+02
2.554800e+02
2.554800e+02
2.554800e+02
2.554800e+02
2.554800e+02
2.554800e+02
2.554800e+02
2.445600e+02
2.445600e+02
2.445600e+02
2.445600e+02
2.445600e+02
2.445600e+02
2.445600e+02
2.364600e+02
2.364600e+02
2.387400e+02
2.387400e+02
2.330900e+02
2.330900e+02
2.330900e+02
2.330500e+02
2.330500e+02
2.330500e+02
2.330500e+02
2.330500e+02
2.330500e+02
2.330500e+02
2.330500e+02
2.363200e+02
2.363200e+02
2.363200e+02
2.319600e+02
2.319600e+02
2.319600e+02
1.522100e+02
1.522100e+02
1.522100e+02
1.522100e+02
1.522100e+02
1.522100e+02
1.522100e+02
1.539100e+02
1.539100e+02
1.541600e+02
1.541600e+02
1.534900e+02
1.534900e+02
1.534900e+02
1.469400e+02
1.469400e+02
1.469400e+02
1.469400e+02
1.469400e+02
1.469400e+02
1.469400e+02
1.445900e+02
1.445900e+02
1.445900e+02
1.445900e+02
1.758400e+02
1.758400e+02
1.758400e+02
1.384000e+02
1.384000e+02
1.384000e+02
1.384000e+02
1.384000e+02
1.384000e+02
1.384000e+02
1.384000e+02
1.384000e+02
1.384000e+02
1.431100e+02
1.431100e+02
1.431100e+02
1.431100e+02
1.428900e+02
1.428900e+02
1.428900e+02
1.428900e+02
1.428900e+02
1.428900e+02
1.428900e+02
1.428900e+02
1.428900e+02
1.330500e+02
1.330500e+02
1.330500e+02
1.330500e+02
1.330500e+02
2.656700e+02
2.656700e+02
2.656700e+02
2.656700e+02
2.656700e+02
2.656700e+02
2.656700e+02
2.656700e+02
2.656700e+02
2.656700e+02
2.656700e+02
2.656700e+02
2.656700e+02
2.656700e+02
2.617200e+02
2.617200e+02
2.577900e+02
2.577900e+02
2.577900e+02
2.577900e+02
2.577900e+02
2.461500e+02
2.461500e+02
2.461500e+02
2.461500e+02
2.461500e+02
2.461500e+02
2.461500e+02
2.448500e+02
2.448500e+02
2.448500e+02
2.448500e+02
2.448500e+02
2.448500e+02
2.448500e+02
2.354300e+02
2.354300e+02
1.817900e+02
1.817900e+02
2.420600e+02
2.420600e+02
2.420600e+02
2.559900e+02
2.559900e+02
2.548700e+02
2.548700e+02
2.623200e+02
2.623200e+02
2.623200e+02
2.469800e+02
2.469800e+02
2.492800e+02
2.492800e+02
2.483900e+02
2.483900e+02
2.483900e+02
2.528000e+02
2.528000e+02
2.528000e+02
2.528000e+02
2.528000e+02
2.528000e+02
2.528000e+02
2.316300e+02
2.316300e+02
2.385300e+02
2.385300e+02
2.387600e+02
2.387600e+02
2.387600e+02
2.387600e+02
2.387600e+02
2.387600e+02
2.387600e+02
1.451100e+02
1.451100e+02
1.451100e+02
2.492900e+02
2.492900e+02
2.574300e+02
2.574300e+02
2.574300e+02
2.574300e+02
2.574300e+02
2.574300e+02
2.574300e+02
2.574300e+02
2.574300e+02
2.574300e+02
2.574300e+02
2.574300e+02
2.574300e+02
2.574300e+02
2.556500e+02
2.556500e+02
2.556500e+02
2.556500e+02
2.556500e+02
2.556500e+02
2.556500e+02
2.556500e+02
2.556500e+02
2.556500e+02
2.556500e+02
2.556500e+02
2.556500e+02
2.556500e+02
2.556500e+02
2.556500e+02
2.556500e+02
2.556500e+02
2.556500e+02
2.556500e+02
2.556500e+02
2.637900e+02
2.637900e+02
2.637900e+02
2.637900e+02
2.637900e+02
2.637900e+02
2.637900e+02
2.637900e+02
2.637900e+02
2.637900e+02
2.637900e+02
2.637900e+02
2.637900e+02
2.574300e+02
2.574300e+02
2.574300e+02
2.574300e+02
2.574300e+02
2.574300e+02
2.554000e+02
2.554000e+02
2.571200e+02
2.571200e+02
2.571200e+02
2.571200e+02
2.571200e+02
2.552600e+02
2.552600e+02
2.552600e+02
2.552600e+02
2.552600e+02
2.552600e+02
2.552600e+02
2.614500e+02
2.614500e+02
2.562500e+02
2.562500e+02
2.495300e+02
2.495300e+02
2.495300e+02
2.431200e+02
2.431200e+02
2.431200e+02
2.431200e+02
2.431200e+02
2.431200e+02
2.431200e+02
2.371200e+02
2.371200e+02
2.352800e+02
2.352800e+02
2.346300e+02
2.346300e+02
2.346300e+02
3.278800e+02
3.278800e+02
3.278800e+02
3.278800e+02
3.278800e+02
3.278800e+02
3.278800e+02
2.290700e+02
2.290700e+02
2.305100e+02
2.305100e+02
2.160900e+02
2.160900e+02
2.160900e+02
2.276300e+02
2.276300e+02
2.276300e+02
2.276300e+02
2.276300e+02
2.276300e+02
2.276300e+02
2.276300e+02
2.276300e+02
2.276300e+02
2.276300e+02
2.276300e+02
2.276300e+02
2.276300e+02
2.220500e+02
2.220500e+02
2.205000e+02
2.205000e+02
2.203500e+02
2.203500e+02
2.203500e+02
2.175700e+02
2.175700e+02
2.154100e+02
2.154100e+02
2.147700e+02
2.147700e+02
2.147700e+02
2.139800e+02
2.139800e+02
2.139800e+02
2.139800e+02
2.139800e+02
2.139800e+02
2.139800e+02
2.089700e+02
2.089700e+02
2.077500e+02
2.077500e+02
2.094900e+02
2.094900e+02
2.094900e+02
2.069100e+02
2.069100e+02
2.069100e+02
2.069100e+02
2.089000e+02
2.089000e+02
2.089000e+02
2.089200e+02
2.089200e+02
2.062900e+02
2.062900e+02
2.290300e+02
2.290300e+02
2.290300e+02
2.290300e+02
2.290300e+02
2.290300e+02
2.290300e+02
2.020300e+02
2.020300e+02
2.020300e+02
2.020300e+02
2.020300e+02
1.995100e+02
1.995100e+02
1.975000e+02
1.975000e+02
1.975000e+02
2.007200e+02
2.007200e+02
1.979700e+02
1.979700e+02
1.979700e+02
1.979700e+02
1.979700e+02
1.974400e+02
1.974400e+02
1.939300e+02
1.939300e+02
1.957100e+02
1.957100e+02
1.957100e+02
1.926000e+02
1.926000e+02
1.926000e+02
1.926000e+02
1.903500e+02
1.903500e+02
1.903500e+02
1.909800e+02
1.909800e+02
190
190
1.919300e+02
1.919300e+02
1.919300e+02
1.835500e+02
1.835500e+02
1.214200e+02
1.214200e+02
1.214200e+02
1.214200e+02
1.214200e+02
1.872600e+02
1.872600e+02
1.842800e+02
1.842800e+02
1.844900e+02
1.844900e+02
1.844900e+02
1.863500e+02
1.863500e+02
1.857500e+02
1.857500e+02
1.826400e+02
1.826400e+02
1.826400e+02
1.848400e+02
1.848400e+02
1.848400e+02
1.848400e+02
1.869600e+02
1.869600e+02
1.869600e+02
1.847100e+02
1.847100e+02
1.873500e+02
1.873500e+02
1.873500e+02
1.873500e+02
1.873500e+02
1.896200e+02
1.896200e+02
1.865700e+02
1.865700e+02
1.920500e+02
1.920500e+02
1.920500e+02
1.945500e+02
1.945500e+02
1.931000e+02
1.931000e+02
1.883800e+02
1.883800e+02
1.883800e+02
1.878600e+02
1.878600e+02
1.878600e+02
1.855800e+02
1.835000e+02
1.835000e+02
1.835000e+02
1.831100e+02
1.831100e+02
1.831100e+02
1.831100e+02
1.831100e+02
1.831100e+02
1.831100e+02
1.789100e+02
1.789100e+02
1.771500e+02
1.771500e+02
1.776000e+02
1.776000e+02
1.776000e+02
1.761800e+02
1.761800e+02
1.752700e+02
1.752700e+02
1.754700e+02
1.754700e+02
1.754700e+02
1.743500e+02
1.743500e+02
1.739300e+02
1.739300e+02
1.740600e+02
1.740600e+02
1.740600e+02
1.723900e+02
1.723900e+02
1.721100e+02
1.721100e+02
1.701500e+02
1.701500e+02
1.701500e+02
1.727800e+02
1.727800e+02
1.756500e+02
1.756500e+02
1.752600e+02
1.752600e+02
1.752600e+02
1.749600e+02
1.749600e+02
9.307000e+01
9.307000e+01
9.614000e+01
9.614000e+01
9.614000e+01
9.564000e+01
9.564000e+01
9.240000e+01
9.240000e+01
9.497000e+01
9.497000e+01
9.497000e+01
1.738800e+02
1.738800e+02
1.736300e+02
1.736300e+02
1.736300e+02
1.736300e+02
1.736300e+02
1.726800e+02
1.726800e+02
1.703200e+02
1.703200e+02
1.706500e+02
1.706500e+02
1.706500e+02
1.702400e+02
1.702400e+02
1.707700e+02
1.707700e+02
1.545700e+02
1.545700e+02
1.545700e+02
1.647500e+02
1.647500e+02
1.637100e+02
1.637100e+02
1.637100e+02
1.637100e+02
1.637100e+02
1.662400e+02
1.662400e+02
1.653900e+02
1.653900e+02
1.657100e+02
1.657100e+02
1.657100e+02
1.658400e+02
1.658400e+02
1.659100e+02
1.659100e+02
1.664500e+02
1.664500e+02
1.664500e+02
1.663700e+02
1.663700e+02
1.663700e+02
1.663700e+02
1.663700e+02
1.663700e+02
1.663700e+02
1.650800e+02
1.650800e+02
1.661300e+02
1.661300e+02
1.634900e+02
1.634900e+02
1.634900e+02
1.674500e+02
1.674500e+02
1.674500e+02
1.674500e+02
3.539300e+02
3.539300e+02
3.539300e+02
1.656800e+02
1.656800e+02
1.076200e+02
1.076200e+02
1.076200e+02
1.076200e+02
1.076200e+02
1.594800e+02
1.594800e+02
1.607700e+02
1.607700e+02
1.595700e+02
1.595700e+02
1.595700e+02
1.624100e+02
1.624100e+02
1.624400e+02
1.624400e+02
1.665800e+02
1.665800e+02
1.665800e+02
1.673500e+02
1.673500e+02
1.636300e+02
1.636300e+02
1.639800e+02
1.639800e+02
1.639800e+02
1.622500e+02
1.622500e+02
1.622500e+02
1.622500e+02
1.653700e+02
1.653700e+02
1.653700e+02
1.678200e+02
1.678200e+02
1.678200e+02
1.678200e+02
1.678200e+02
1.678200e+02
1.678200e+02
1.671900e+02
1.671900e+02
1.517500e+02
1.517500e+02
1.517500e+02
1.517500e+02
1.517500e+02
1.524500e+02
1.524500e+02
1.542100e+02
1.542100e+02
1.552000e+02
1.552000e+02
1.552000e+02
1.564500e+02
1.564500e+02
1.576800e+02
1.576800e+02
3.493900e+02
3.493900e+02
3.493900e+02
1.566800e+02
1.566800e+02
1.553300e+02
1.553300e+02
1.553300e+02
1.553300e+02
1.553300e+02
1.553300e+02
1.553300e+02
1.521100e+02
1.521100e+02
1.521100e+02
1.521100e+02
1.521100e+02
1.533700e+02
1.533700e+02
1.063700e+02
1.063700e+02
1.500500e+02
1.500500e+02
1.500500e+02
1.467300e+02
1.467300e+02
1.456600e+02
1.456600e+02
1.492200e+02
1.492200e+02
1.492200e+02
1.554200e+02
1.554200e+02
1.592500e+02
1.592500e+02
1.592500e+02
1.592500e+02
1.592500e+02
1.622300e+02
1.622300e+02
1.616400e+02
1.616400e+02
1.616400e+02
1.616400e+02
1.616400e+02
1.642800e+02
1.642800e+02
3.535900e+02
3.535900e+02
1.663800e+02
1.663800e+02
1.663800e+02
1.699600e+02
1.699600e+02
1.652100e+02
1.652100e+02
1.652100e+02
1.652100e+02
1.652100e+02
1.652100e+02
1.652100e+02
1.676600e+02
1.676600e+02
1.666400e+02
1.666400e+02
1.666400e+02
1.683000e+02
1.683000e+02
1.687500e+02
1.687500e+02
1.687500e+02
1.687500e+02
1.687500e+02
1.693200e+02
1.693200e+02
1.661600e+02
1.661600e+02
1.670900e+02
1.670900e+02
1.670900e+02
1.674800e+02
1.674800e+02
1.680300e+02
1.680300e+02
1.680300e+02
1.680300e+02
1.680300e+02
1.750700e+02
1.750700e+02
1.755400e+02
1.755400e+02
1.755400e+02
1.755400e+02
1.755400e+02
1.720100e+02
1.720100e+02
1.717800e+02
1.717800e+02
1.717800e+02
1.717800e+02
1.717800e+02
1.712200e+02
1.712200e+02
1.321900e+02
1.321900e+02
1.321900e+02
1.321900e+02
1.321900e+02
1.625800e+02
1.625800e+02
1.619500e+02
1.619500e+02
1.619500e+02
1.619500e+02
1.619500e+02
1.624700e+02
1.624700e+02
1.624700e+02
1.624700e+02
1.629900e+02
1.629900e+02
1.629900e+02
1.616300e+02
1.616300e+02
1.634300e+02
1.634300e+02
1.634300e+02
1.634300e+02
1.634300e+02
1.634300e+02
1.634300e+02
1.613000e+02
1.613000e+02
1.613000e+02
1.613000e+02
1.613000e+02
1.597000e+02
1.597000e+02
1.597000e+02
1.597000e+02
1.581400e+02
1.581400e+02
1.581400e+02
1.583100e+02
1.583100e+02
1.580200e+02
1.580200e+02
1.592800e+02
1.592800e+02
1.592800e+02
1.590800e+02
1.590800e+02
1.583200e+02
1.583200e+02
1.583200e+02
1.583200e+02
1.583200e+02
1.565000e+02
1.565000e+02
1.562500e+02
1.562500e+02
1.547300e+02
1.547300e+02
1.547300e+02
1.551500e+02
1.551500e+02
1.551500e+02
1.551500e+02
1.551500e+02
1.551500e+02
1.551500e+02
1.533000e+02
1.533000e+02
1.534300e+02
1.534300e+02
1.469200e+02
1.469200e+02
1.469200e+02
1.469200e+02
1.469200e+02
1.469200e+02
1.469200e+02
1.469200e+02
1.469200e+02
1.469200e+02
1.471600e+02
1.471600e+02
1.468700e+02
1.468700e+02
1.471600e+02
1.471600e+02
1.471600e+02
1.471600e+02
1.471600e+02
1.496600e+02
1.496600e+02
1.496600e+02
1.496600e+02
1.496600e+02
1.473500e+02
1.473500e+02
1.473100e+02
1.473100e+02
1.476100e+02
1.476100e+02
1.476100e+02
1.476100e+02
1.476100e+02
1.476100e+02
1.476100e+02
1.476100e+02
1.476100e+02
1.476100e+02
1.462100e+02
1.462100e+02
1.462100e+02
1.462100e+02
1.453700e+02
1.453700e+02
1.453700e+02
1.441600e+02
1.441600e+02
1.474900e+02
1.474900e+02
1.436300e+02
1.436300e+02
1.436300e+02
143
143
142
142
142
142
142
142
142
141
141
142
142
142
143
143
140
140
140
140
140
141
141
141
141
141
141
141
1.390400e+02
1.390400e+02
1.398600e+02
1.398600e+02
1.398000e+02
1.398000e+02
1.398000e+02
1.375700e+02
1.375700e+02
1.377700e+02
1.377700e+02
1.395200e+02
1.395200e+02
1.395200e+02
1.377400e+02
1.377400e+02
1.377400e+02
1.377400e+02
1.376600e+02
1.376600e+02
1.376600e+02
1.346000e+02
1.346000e+02
1.348200e+02
1.348200e+02
1.333000e+02
1.333000e+02
1.333000e+02
1.332100e+02
1.332100e+02
1.338900e+02
1.338900e+02
1.336400e+02
1.336400e+02
1.336400e+02
1.335100e+02
1.335100e+02
1.335100e+02
1.335100e+02
1.346400e+02
1.346400e+02
1.346400e+02
1.338000e+02
1.338000e+02
1.331300e+02
1.331300e+02
1.329100e+02
1.329100e+02
1.329100e+02
1.318200e+02
1.318200e+02
1.314200e+02
1.314200e+02
1.316700e+02
1.316700e+02
1.316700e+02
1.317700e+02
1.317700e+02
1.327500e+02
1.327500e+02
1.327500e+02
1.327500e+02
1.327500e+02
1.286500e+02
1.286500e+02
1.320500e+02
1.320500e+02
1.317100e+02
1.317100e+02
1.317100e+02
1.311100e+02
1.311100e+02
1.305500e+02
1.305500e+02
1.309800e+02
1.309800e+02
1.309800e+02
1.286300e+02
1.286300e+02
1.282400e+02
1.282400e+02
131
131
131
1.309000e+02
1.309000e+02
1.309000e+02
1.309000e+02
1.322200e+02
1.322200e+02
1.322200e+02
1.334400e+02
1.334400e+02
1.364500e+02
1.364500e+02
1.352400e+02
1.352400e+02
1.352400e+02
1.352400e+02
1.352400e+02
1.352400e+02
1.352400e+02
1.352400e+02
1.352400e+02
1.352400e+02
1.346700e+02
1.346700e+02
1.345300e+02
1.345300e+02
1.345300e+02
1.345300e+02
1.345300e+02
1.348500e+02
1.348500e+02
1.333400e+02
1.333400e+02
1.337900e+02
1.337900e+02
1.337900e+02
1.328800e+02
1.328800e+02
1.341800e+02
1.341800e+02
1.372800e+02
1.372800e+02
1.372800e+02
1.373800e+02
1.373800e+02
1.377000e+02
1.377000e+02
1.377000e+02
