0
0
0
0
0
0
0
0
0
0
0
0
0
0
0
0
0
0
0
0
0
0
0
0
0
0
0
0
0
0
0
0
0
0
0
0
0
0
0
0
0
0
0
0
0
0
0
0
0
0
0
0
0
0
0
0
0
0
0
0
0
0
0
0
0
0
0
0
0
0
0
0
0
0
0
0
0
0
0
0
0
0
0
0
0
0
0
0
0
0
0
0
0
0
0
0
0
0
0
0
0
0
0
0
0
0
0
0
0
0
0
0
0
0
0
0
0
0
0
0
0
0
0
0
0
0
0
0
0
0
0
0
0
0
0
0
0
0
0
0
0
0
0
0
0
0
0
0
0
0
0
0
0
0
0
0
0
0
0
0
0
0
0
0
0
0
0
0
0
0
0
0
0
0
0
0
0
0
0
0
0
0
0
0
0
0
0
0
0
0
0
0
0
0
0
0
0
0
0
0
0
0
0
0
0
0
0
0
0
0
0
0
0
0
0
0
0
0
0
0
0
0
0
0
0
0
0
0
0
0
0
0
0
0
0
0
0
0
0
0
0
0
0
0
0
0
0
0
0
0
0
0
0
0
0
0
0
0
0
0
0
0
0
0
0
0
0
0
0
0
0
0
0
0
0
0
0
0
0
0
0
0
0
0
0
0
0
0
0
0
0
0
0
0
0
0
0
0
0
0
0
0
0
0
0
0
0
0
0
0
0
0
0
0
0
0
0
0
0
0
0
0
0
0
0
0
0
0
0
0
0
0
0
0
0
0
0
0
0
0
0
0
0
0
0
0
0
0
0
0
0
0
0
0
0
0
0
0
0
0
0
0
0
0
0
0
0
0
0
0
0
0
0
0
0
0
0
0
0
0
0
0
0
0
0
0
0
0
0
0
0
0
0
0
0
0
0
0
0
0
0
0
0
0
0
0
0
0
0
0
0
0
0
0
0
0
0
0
0
0
0
0
0
0
0
0
0
0
0
0
0
0
0
0
0
0
0
0
0
0
0
0
0
0
0
0
0
0
0
0
0
0
0
0
0
0
0
0
0
0
0
0
0
0
0
0
0
0
0
0
0
0
0
0
0
0
0
0
0
0
0
0
0
0
0
0
0
0
0
0
0
0
0
0
0
0
0
0
0
0
0
0
0
0
0
0
0
0
0
0
0
0
0
0
0
0
0
0
0
0
0
0
0
0
0
0
0
0
0
0
0
0
0
0
0
0
0
0
0
0
0
0
0
0
0
0
0
0
0
0
0
0
0
0
0
0
0
0
0
0
0
0
0
0
0
0
0
0
0
0
0
0
0
0
0
0
0
0
0
0
0
0
0
0
0
0
0
0
0
0
0
0
0
0
0
0
0
0
0
0
0
0
0
0
0
0
0
0
0
0
0
0
0
0
0
0
0
0
0
0
0
0
0
0
0
0
0
0
0
0
0
0
0
0
0
0
0
0
0
0
0
0
0
0
0
0
0
0
0
0
0
0
0
0
0
0
0
0
0
0
0
0
0
0
0
0
0
0
0
0
0
0
0
0
0
0
0
0
0
0
0
0
0
0
0
0
0
0
0
0
0
0
0
0
0
0
0
0
0
0
0
0
0
0
0
0
0
0
0
0
0
0
0
0
0
0
0
0
0
0
0
0
0
0
0
0
0
0
0
0
0
0
0
0
0
0
0
0
0
0
0
0
0
0
0
0
0
0
0
0
0
0
0
0
0
0
0
0
0
0
0
0
0
0
0
0
0
0
0
0
0
0
0
0
0
0
0
0
0
0
0
0
0
0
0
0
0
0
0
0
0
0
0
0
0
0
0
0
0
0
0
0
0
0
0
0
0
0
0
0
0
0
0
0
0
0
0
0
0
0
0
0
0
0
0
0
0
0
0
0
0
0
0
0
0
0
0
0
0
0
0
0
0
0
0
0
0
0
0
0
0
0
0
0
0
0
0
0
0
0
0
0
0
0
0
0
0
0
0
0
0
0
0
0
0
0
0
0
0
0
0
0
0
0
0
0
0
0
0
0
0
0
0
0
0
0
0
0
0
0
0
0
0
0
0
0
0
0
0
0
0
0
0
0
0
0
0
0
0
0
0
0
0
0
0
0
0
0
0
0
0
0
0
0
0
0
0
0
0
0
0
0
0
0
0
0
0
0
0
0
0
0
0
0
0
0
0
0
0
0
0
0
0
0
0
0
0
0
0
0
0
0
0
0
0
0
0
0
0
0
0
0
0
0
0
0
0
0
0
0
0
0
0
0
0
0
0
0
0
0
0
0
0
0
0
0
0
0
0
0
0
0
0
0
0
0
0
0
0
0
0
0
0
0
0
0
0
0
0
0
0
0
0
0
0
0
0
0
0
0
0
0
0
0
0
0
0
0
0
0
0
0
0
0
0
0
0
0
0
0
0
0
0
0
0
0
0
0
0
0
0
0
0
0
0
0
0
0
0
0
0
0
0
0
0
0
0
0
0
0
0
0
0
0
0
0
0
0
0
0
0
0
0
0
0
0
0
0
0
0
0
0
0
0
0
0
0
0
0
0
0
0
0
0
0
0
0
0
0
0
0
0
0
0
0
0
0
0
0
0
0
0
0
0
0
0
0
0
0
0
0
0
0
0
0
0
0
0
0
0
0
0
0
0
0
0
0
0
0
0
0
0
0
0
0
0
0
0
0
0
0
0
0
0
0
0
0
0
0
0
0
0
0
0
0
0
0
0
0
0
0
0
0
0
0
0
0
0
0
0
0
0
0
0
0
0
0
0
0
0
0
0
0
0
0
0
0
0
0
0
0
0
0
0
0
0
0
0
0
0
0
0
0
0
0
0
0
0
0
0
0
0
0
0
0
0
0
0
0
0
0
0
0
0
0
0
0
0
0
0
0
0
0
0
0
0
0
0
0
0
0
0
0
0
0
0
0
0
0
0
0
0
0
0
0
0
0
0
0
0
0
0
0
0
0
0
0
0
0
0
0
0
0
0
0
0
0
0
0
0
0
0
0
0
0
0
0
0
0
0
0
0
0
0
0
0
0
0
0
0
0
0
0
0
0
0
0
0
0
0
0
0
0
0
0
0
0
0
0
0
0
0
0
0
0
0
0
0
0
0
0
0
0
0
0
0
0
0
0
0
0
0
0
0
0
0
0
0
0
0
0
0
0
0
0
0
0
0
0
0
0
0
0
0
0
0
0
0
0
0
0
0
0
0
0
0
0
0
0
0
0
0
0
0
0
0
0
0
0
0
0
0
0
0
0
0
0
0
0
0
0
0
0
0
0
0
0
0
0
0
0
0
0
0
0
0
0
0
0
0
0
0
0
0
0
0
0
0
0
0
0
0
0
0
0
0
0
0
0
0
0
0
0
0
0
0
0
0
0
0
0
0
0
0
0
0
0
0
0
0
0
0
0
0
0
0
0
1.400000e+00
2.040000e+00
4.590000e+00
4.460000e+00
4.460000e+00
4.460000e+00
4.460000e+00
1.814000e+01
1.934000e+01
2.222000e+01
2.602000e+01
2.602000e+01
2.602000e+01
3.908000e+01
4.226000e+01
4.383000e+01
4.563000e+01
4.563000e+01
4.563000e+01
4.563000e+01
5.537000e+01
5.757000e+01
7.015000e+01
7.757000e+01
8.126000e+01
8.126000e+01
8.126000e+01
8.184000e+01
8.485000e+01
8.991000e+01
9.374000e+01
9.616000e+01
9.616000e+01
9.616000e+01
1.014000e+02
9.720000e+01
1.040500e+02
1.092600e+02
1.209200e+02
1.209200e+02
1.209200e+02
1.378900e+02
1.378900e+02
1.378900e+02
1.561800e+02
1.650400e+02
1.650400e+02
1.650400e+02
1.962300e+02
1.962300e+02
1.974700e+02
1.974700e+02
2.645500e+02
2.645500e+02
2.645500e+02
2.891700e+02
2.891700e+02
3.021200e+02
3.021200e+02
3.229300e+02
3.229300e+02
3.229300e+02
3.328100e+02
3.328100e+02
3.328100e+02
3.328100e+02
3.696100e+02
3.696100e+02
3.696100e+02
4.179700e+02
4.179700e+02
4.216900e+02
4.216900e+02
4.495600e+02
4.495600e+02
4.495600e+02
4.506100e+02
4.506100e+02
4.506100e+02
4.506100e+02
1.689000e+01
1.689000e+01
1.689000e+01
2.334300e+02
2.334300e+02
4.262900e+02
4.262900e+02
4.262900e+02
4.262900e+02
4.262900e+02
2.430400e+02
2.430400e+02
2.652000e+02
2.652000e+02
2.256600e+02
2.256600e+02
2.256600e+02
2.256600e+02
2.256600e+02
2.276200e+02
2.276200e+02
2.484800e+02
2.484800e+02
2.484800e+02
2.639400e+02
2.639400e+02
2.555900e+02
2.555900e+02
2.670700e+02
2.670700e+02
2.670700e+02
2.745900e+02
2.745900e+02
1.217700e+02
1.217700e+02
1.243300e+02
1.243300e+02
1.243300e+02
1.349800e+02
1.349800e+02
1.183400e+02
1.183400e+02
1.388900e+02
1.388900e+02
1.388900e+02
1.575600e+02
1.575600e+02
1.439900e+02
1.439900e+02
1.546900e+02
1.546900e+02
1.546900e+02
1.831100e+02
1.831100e+02
1.740700e+02
1.740700e+02
1.740700e+02
1.740700e+02
1.740700e+02
1.858600e+02
1.858600e+02
1.890500e+02
1.890500e+02
1.890500e+02
1.890500e+02
1.890500e+02
2.088900e+02
2.088900e+02
2.088900e+02
2.088900e+02
2.133700e+02
2.133700e+02
2.133700e+02
2.133700e+02
2.133700e+02
3.464900e+02
3.464900e+02
3.464900e+02
3.464900e+02
3.464900e+02
3.464900e+02
3.464900e+02
3.616100e+02
3.616100e+02
3.616100e+02
3.616100e+02
3.616100e+02
4.206600e+02
4.206600e+02
8.398000e+01
8.398000e+01
6.409000e+01
6.409000e+01
6.409000e+01
6.409000e+01
6.409000e+01
6.409000e+01
6.409000e+01
6.409000e+01
6.409000e+01
6.409000e+01
6.409000e+01
6.409000e+01
6.409000e+01
6.409000e+01
6.409000e+01
6.409000e+01
6.409000e+01
6.502000e+01
6.502000e+01
6.666000e+01
6.666000e+01
6.866000e+01
6.866000e+01
6.866000e+01
6.866000e+01
6.866000e+01
6.866000e+01
6.866000e+01
6.910000e+01
6.910000e+01
6.910000e+01
6.910000e+01
6.910000e+01
7.214000e+01
7.214000e+01
7.340000e+01
7.340000e+01
7.340000e+01
7.539000e+01
7.539000e+01
7.539000e+01
7.539000e+01
7.801000e+01
7.801000e+01
7.801000e+01
7.655000e+01
7.655000e+01
7.998000e+01
7.998000e+01
8.359000e+01
8.359000e+01
8.359000e+01
8.359000e+01
8.359000e+01
8.359000e+01
8.359000e+01
8.359000e+01
8.359000e+01
8.359000e+01
8.359000e+01
8.359000e+01
8.359000e+01
8.359000e+01
9.302000e+01
9.302000e+01
9.302000e+01
5.330000e+01
5.330000e+01
9.218000e+01
9.218000e+01
9.483000e+01
9.483000e+01
9.483000e+01
9.483000e+01
9.483000e+01
9.483000e+01
9.432000e+01
9.432000e+01
9.432000e+01
9.432000e+01
9.432000e+01
9.432000e+01
9.432000e+01
9.432000e+01
9.432000e+01
9.432000e+01
9.432000e+01
9.432000e+01
9.432000e+01
4.490300e+02
4.490300e+02
7.014600e+02
7.014600e+02
7.014600e+02
7.521900e+02
7.521900e+02
7.704400e+02
7.704400e+02
8.534800e+02
8.534800e+02
8.534800e+02
9.220200e+02
9.220200e+02
9.966000e+02
9.966000e+02
9.966000e+02
9.966000e+02
9.966000e+02
1.047460e+03
1.047460e+03
1.082430e+03
1.082430e+03
1.128190e+03
1.128190e+03
1.128190e+03
1.164950e+03
1.164950e+03
1.192970e+03
1.192970e+03
1.192970e+03
1.192970e+03
1.192970e+03
1.216280e+03
1.216280e+03
9.865300e+02
9.865300e+02
1.239820e+03
1.239820e+03
1.239820e+03
1.239820e+03
1.239820e+03
1.297930e+03
1.297930e+03
1.308610e+03
1.308610e+03
1.308610e+03
1.350560e+03
1.350560e+03
1.350560e+03
1.350560e+03
1.350560e+03
1.350560e+03
1.350560e+03
1.350560e+03
1.350560e+03
1.405550e+03
1.405550e+03
1.405550e+03
1.405550e+03
1.405550e+03
1.508210e+03
1.508210e+03
1.966830e+03
1.966830e+03
2.105630e+03
2.105630e+03
2.105630e+03
2.105630e+03
2.105630e+03
2.105630e+03
2.105630e+03
2.105630e+03
2.105630e+03
2.105630e+03
1.873400e+03
1.873400e+03
1.873400e+03
1.698890e+03
0
0
0
0
0
1.834390e+03
1.834390e+03
1.834390e+03
1.834390e+03
1.834390e+03
1.834390e+03
1.834390e+03
1.834390e+03
1.834390e+03
2.025930e+03
2.025930e+03
2.025930e+03
2.025930e+03
2.025930e+03
2.025930e+03
2.025930e+03
2.028510e+03
2.028510e+03
2.028510e+03
1.997700e+02
1.997700e+02
1.997700e+02
1.997700e+02
2.019420e+03
2.019420e+03
2.019420e+03
2.019420e+03
2.019420e+03
2.019420e+03
2.019420e+03
2.019420e+03
2.019420e+03
2.019420e+03
2.019420e+03
2.019420e+03
2.019420e+03
2.019420e+03
2.019420e+03
2.019420e+03
2.019420e+03
2.019420e+03
2.019420e+03
2.019420e+03
2.019420e+03
2.062260e+03
2.062260e+03
2.062260e+03
2.062260e+03
2.062260e+03
2.062260e+03
2.062260e+03
2.062260e+03
2.062260e+03
2.062260e+03
2.062260e+03
2.062260e+03
2.062260e+03
2.252970e+03
2.224850e+03
2.224850e+03
2.224850e+03
2.187680e+03
2.187680e+03
2.187680e+03
2.187680e+03
2.010050e+03
2.010050e+03
2.010050e+03
2.010050e+03
2.010050e+03
2.178430e+03
2.178430e+03
2.178430e+03
2.178430e+03
2.178430e+03
2.178430e+03
2.178430e+03
2.223310e+03
2.223310e+03
2.219920e+03
2.219920e+03
2.219920e+03
2.219920e+03
2.219920e+03
2.184130e+03
2.184130e+03
2.028550e+03
2.028550e+03
2.028550e+03
2.228150e+03
2.228150e+03
2.198520e+03
2.198520e+03
2.196030e+03
2.196030e+03
2.196030e+03
2186
2186
2186
2186
2186
2186
2186
2.151350e+03
2.151350e+03
2.135970e+03
2.135970e+03
2.135970e+03
2.135970e+03
2.135970e+03
2.135970e+03
2.135970e+03
2.123930e+03
2.123930e+03
2.117610e+03
2.117610e+03
2.117610e+03
2.118810e+03
2.118810e+03
2.064930e+03
2.064930e+03
2.064930e+03
2.064930e+03
2.064930e+03
2.064930e+03
2.064930e+03
2.052200e+03
2.052200e+03
2.060690e+03
2.060690e+03
2.060690e+03
2.047990e+03
2.047990e+03
2.034100e+03
2.034100e+03
2.018560e+03
2.018560e+03
2.018560e+03
2.018560e+03
2.018560e+03
2.015850e+03
2.015850e+03
2.013390e+03
2.013390e+03
2.013390e+03
2.013390e+03
2.013390e+03
1.951490e+03
1.951490e+03
1.944610e+03
1.944610e+03
1.944610e+03
1.921530e+03
1.921530e+03
2.009020e+03
2.009020e+03
2.009020e+03
2.009020e+03
2.009020e+03
2.009020e+03
2.009020e+03
1.671830e+03
1.671830e+03
2.017340e+03
2.017340e+03
2.017340e+03
2.017340e+03
2.017340e+03
1.941130e+03
1.941130e+03
1.941130e+03
1.941130e+03
1.941130e+03
1.941130e+03
1.941130e+03
1.941130e+03
1.941130e+03
1.941130e+03
1.941130e+03
1.941130e+03
1.941130e+03
1.941130e+03
1.941130e+03
1.941130e+03
1.941130e+03
1.941130e+03
1.941130e+03
1.941130e+03
1.941130e+03
1.751240e+03
1.751240e+03
1.751240e+03
1.751240e+03
1.751240e+03
1.751240e+03
1.751240e+03
1.751240e+03
1.751240e+03
1.751240e+03
1.751240e+03
1.751240e+03
1.751240e+03
1.751240e+03
1.751240e+03
1.751240e+03
1.751240e+03
1.751240e+03
1.751240e+03
1.751240e+03
1.751240e+03
1.710640e+03
1.710640e+03
1.710640e+03
1.710640e+03
1.710640e+03
1.707890e+03
1.707890e+03
1.710400e+03
1.710400e+03
1.704720e+03
1.704720e+03
1.704720e+03
1.704720e+03
1.704720e+03
1.696240e+03
1.696240e+03
1.675560e+03
1.675560e+03
1.675560e+03
1.647550e+03
1.647550e+03
1.660340e+03
1.660340e+03
1.681580e+03
1.681580e+03
1.681580e+03
1.681580e+03
1.681580e+03
1.626290e+03
1.626290e+03
1.631500e+03
1.631500e+03
1.631500e+03
1.642930e+03
1.642930e+03
1.288960e+03
1.288960e+03
1.288960e+03
1.288960e+03
1.288960e+03
1.285690e+03
1.285690e+03
1.216160e+03
1.216160e+03
1.245230e+03
1.245230e+03
1.245230e+03
1.232320e+03
1.232320e+03
1.230220e+03
1.230220e+03
1.222080e+03
1.222080e+03
1.222080e+03
1.222080e+03
1.222080e+03
1.250920e+03
1.250920e+03
1.250920e+03
1.250920e+03
1.250920e+03
1.265780e+03
1.265780e+03
1.270020e+03
1.270020e+03
1.270020e+03
1.270020e+03
1.270020e+03
1.270020e+03
1.270020e+03
1.260600e+03
1.260600e+03
1.149550e+03
1.149550e+03
1.149550e+03
1.690770e+03
1.690770e+03
1.612530e+03
1.612530e+03
1.598730e+03
1.598730e+03
1.598730e+03
1.598730e+03
1.598730e+03
1.571730e+03
1.571730e+03
1.585640e+03
1.585640e+03
1.585640e+03
1.560050e+03
1.560050e+03
1.542900e+03
1.542900e+03
1.508740e+03
1.508740e+03
1.508740e+03
1.508740e+03
1.508740e+03
1.563500e+03
1.563500e+03
1.556160e+03
1.556160e+03
1.556160e+03
1.556160e+03
1.556160e+03
1.573690e+03
1.573690e+03
1.520850e+03
1.520850e+03
1.520850e+03
1.520850e+03
1.520850e+03
1.511680e+03
1.511680e+03
1.511680e+03
1.511680e+03
1.511680e+03
1.511680e+03
1.511680e+03
1.558470e+03
1.558470e+03
1.604210e+03
1.604210e+03
1.604210e+03
1.540260e+03
1.540260e+03
1.540260e+03
1.540260e+03
1.563220e+03
1.563220e+03
1.563220e+03
1.667190e+03
1.667190e+03
1.667190e+03
1.667190e+03
1.667190e+03
1.667190e+03
1.667190e+03
1.561490e+03
1.561490e+03
1.525810e+03
1.525810e+03
1.530380e+03
1.530380e+03
1.530380e+03
1.520860e+03
1.520860e+03
1.504540e+03
1.504540e+03
1.504540e+03
1.504540e+03
1.504540e+03
1.504540e+03
1.504540e+03
1.470720e+03
1.470720e+03
1.458740e+03
1.458740e+03
1.458740e+03
1.458740e+03
1.458740e+03
1.458740e+03
1.458740e+03
1.249730e+03
1.249730e+03
1.249730e+03
1.413820e+03
1.413820e+03
1.410910e+03
1.410910e+03
1.410910e+03
1.410910e+03
1.410910e+03
1.377820e+03
1.377820e+03
1.378990e+03
1.378990e+03
1.378990e+03
1.378990e+03
1.378990e+03
1.457430e+03
1.457430e+03
1.432830e+03
1.432830e+03
1.432830e+03
1.432830e+03
1.432830e+03
1.428910e+03
1.428910e+03
1.415930e+03
1.415930e+03
1.414810e+03
1.414810e+03
1.414810e+03
1.420830e+03
1.420830e+03
1.420830e+03
1.420830e+03
1.440820e+03
1.440820e+03
1.440820e+03
1.384210e+03
1.384210e+03
1.379060e+03
1.379060e+03
1.364110e+03
1.364110e+03
1.364110e+03
1.386390e+03
1.386390e+03
1.362490e+03
1.362490e+03
1.362490e+03
1.362490e+03
1.362490e+03
1.349400e+03
1.349400e+03
1.358040e+03
1.358040e+03
1.366550e+03
1.366550e+03
1.366550e+03
1.366550e+03
1.359180e+03
1.368860e+03
1.368860e+03
1.368860e+03
1.368860e+03
1.368860e+03
1.358560e+03
1.358560e+03
1.360700e+03
1.360700e+03
1.347100e+03
1.347100e+03
1.347100e+03
1.352430e+03
1.352430e+03
1.361780e+03
1.361780e+03
1.361780e+03
1.361780e+03
1.361780e+03
1.362920e+03
1.362920e+03
1.356240e+03
1.356240e+03
1.425420e+03
1.425420e+03
1.425420e+03
1.411670e+03
1.411670e+03
1.413040e+03
1.413040e+03
1.413040e+03
1.413040e+03
1.413040e+03
1.395840e+03
1.395840e+03
1.395270e+03
1.395270e+03
1.395270e+03
1.395270e+03
1.395270e+03
1.381530e+03
1.381530e+03
1.378850e+03
1.378850e+03
1.375200e+03
1.375200e+03
1.375200e+03
1.347750e+03
1.347750e+03
1.388040e+03
1.388040e+03
1.343270e+03
1.343270e+03
1.343270e+03
1.340610e+03
1.340610e+03
1.336250e+03
1.336250e+03
1.336250e+03
1.336250e+03
1.336250e+03
1.329380e+03
1.329380e+03
1.313910e+03
1.313910e+03
1.313320e+03
1.313320e+03
1.313320e+03
1.315180e+03
1.315180e+03
1.315180e+03
1.315180e+03
1.300300e+03
1.300300e+03
1.300300e+03
1.330560e+03
1.330560e+03
1.306720e+03
1.306720e+03
1.306720e+03
1.306720e+03
1.306720e+03
1.286600e+03
1.286600e+03
1.286600e+03
1.286600e+03
1.283920e+03
1.283920e+03
1.283920e+03
1.302080e+03
1.302080e+03
1.302080e+03
1.302080e+03
1.286360e+03
1.286360e+03
1.286360e+03
1.274030e+03
1.274030e+03
1.276490e+03
1.276490e+03
1.276490e+03
1.276490e+03
1.276490e+03
1.186310e+03
1.186310e+03
1.251050e+03
1.251050e+03
1.274520e+03
1.274520e+03
1.274520e+03
1.278720e+03
1.278720e+03
1.227690e+03
1.227690e+03
1.190200e+03
1.190200e+03
1.190200e+03
1.180220e+03
1.180220e+03
1.156640e+03
1.156640e+03
1.150600e+03
1.150600e+03
1.150600e+03
1.150600e+03
1.150600e+03
1.150600e+03
1.150600e+03
1.150600e+03
1.150600e+03
1.150600e+03
1.133170e+03
1.133170e+03
1.104310e+03
1.104310e+03
1.104310e+03
1.104310e+03
1.104310e+03
1.104310e+03
1.132860e+03
1.096010e+03
1.096010e+03
1.096010e+03
1.096010e+03
1.096010e+03
1.099480e+03
1.099480e+03
1.092680e+03
1.092680e+03
1.095470e+03
1.095470e+03
1.095470e+03
1.113980e+03
1.113980e+03
1.133870e+03
1.133870e+03
1.133870e+03
1.133870e+03
1.133870e+03
1.177170e+03
1.177170e+03
1.177810e+03
1.177810e+03
1.177810e+03
1.177810e+03
1.177810e+03
1.192170e+03
1.192170e+03
1.170170e+03
1.170170e+03
1.171020e+03
1.171020e+03
1.171020e+03
1.161260e+03
1.161260e+03
1.160960e+03
1.160960e+03
1.156020e+03
1.156020e+03
1.156020e+03
1.156020e+03
1.156020e+03
1.151410e+03
1.151410e+03
1.129110e+03
1.129110e+03
1.129110e+03
1.122010e+03
1.122010e+03
1.131720e+03
1.131720e+03
1.129880e+03
1.129880e+03
1.129880e+03
1.094830e+03
1.094830e+03
1.081890e+03
1.081890e+03
1.081890e+03
1.081890e+03
1.081890e+03
1081
1081
1.079450e+03
1.079450e+03
1.117710e+03
1.117710e+03
1.117710e+03
1.114260e+03
1.114260e+03
1.101420e+03
1.101420e+03
1.101420e+03
1.101420e+03
1.101420e+03
1.101420e+03
1.101420e+03
1.101420e+03
1.101420e+03
1.054220e+03
1.054220e+03
1.054220e+03
1.041910e+03
1.041910e+03
1.041910e+03
1.041910e+03
1.027590e+03
1.027590e+03
1.027590e+03
1.010140e+03
1.010140e+03
1.004260e+03
1.004260e+03
1.001120e+03
1.001120e+03
1.001120e+03
1.002590e+03
1.002590e+03
1.008710e+03
1.008710e+03
1.018560e+03
1.018560e+03
1.018560e+03
9.995800e+02
9.995800e+02
9.708500e+02
9.708500e+02
9.708500e+02
9.708500e+02
9.708500e+02
9.403200e+02
9.403200e+02
9.299200e+02
9.299200e+02
9.562500e+02
9.562500e+02
9.562500e+02
9.576700e+02
9.576700e+02
9.555900e+02
9.555900e+02
9.477100e+02
9.477100e+02
9.477100e+02
9.439400e+02
9.439400e+02
9.439400e+02
9.439400e+02
9.246900e+02
9.246900e+02
9.246900e+02
9.307600e+02
9.307600e+02
9.263300e+02
9.263300e+02
9.393500e+02
9.393500e+02
9.393500e+02
9.497600e+02
9.497600e+02
9.428400e+02
9.428400e+02
9.221200e+02
9.221200e+02
9.221200e+02
5.502500e+02
5.502500e+02
5.291100e+02
5.291100e+02
5.291100e+02
5.291100e+02
5.291100e+02
8.776200e+02
8.776200e+02
8.776200e+02
8.776200e+02
7.645200e+02
7.645200e+02
7.645200e+02
7.645200e+02
7.645200e+02
7.364200e+02
7.364200e+02
7.950600e+02
7.950600e+02
7.950600e+02
5.288600e+02
5.288600e+02
5.288600e+02
5.288600e+02
5.288600e+02
5.288600e+02
5.288600e+02
8.301300e+02
8.301300e+02
8.184800e+02
8.184800e+02
6.934300e+02
6.934300e+02
6.934300e+02
8.822700e+02
8.822700e+02
7.664200e+02
7.664200e+02
8.022500e+02
8.022500e+02
8.022500e+02
7.761600e+02
7.761600e+02
8.670600e+02
8.670600e+02
7.819000e+02
7.819000e+02
7.819000e+02
7.819000e+02
7.819000e+02
829
829
9.120200e+02
9.120200e+02
9.120200e+02
9.737000e+02
9.737000e+02
8.914100e+02
8.914100e+02
8.914100e+02
8.914100e+02
8.914100e+02
8.914100e+02
8.914100e+02
9.504800e+02
9.504800e+02
9.362000e+02
9.362000e+02
9.362000e+02
9.068800e+02
9.068800e+02
8.976300e+02
8.976300e+02
8.873300e+02
8.873300e+02
8.873300e+02
8.767600e+02
8.767600e+02
8.767600e+02
8.767600e+02
8.767600e+02
8.767600e+02
8.767600e+02
8.648600e+02
8.648600e+02
836
836
8.553100e+02
8.553100e+02
8.553100e+02
8.607500e+02
8.607500e+02
8.607500e+02
8.607500e+02
8.388100e+02
8.388100e+02
8.388100e+02
8.301900e+02
8.301900e+02
8.141300e+02
8.141300e+02
8.192600e+02
8.192600e+02
8.192600e+02
8.192600e+02
8.192600e+02
8.277200e+02
8.277200e+02
8.277200e+02
8.277200e+02
8.277200e+02
8.181900e+02
8.181900e+02
8.063300e+02
8.063300e+02
8.063300e+02
8.063300e+02
8.063300e+02
7.164500e+02
7.164500e+02
7.164500e+02
7.164500e+02
7.164500e+02
7.164500e+02
7.164500e+02
7.725200e+02
7.725200e+02
7.725200e+02
7.725200e+02
7.725200e+02
7.725200e+02
7.725200e+02
7.725200e+02
7.725200e+02
5.206400e+02
5.206400e+02
570
570
570
570
570
570
570
4.693500e+02
4.693500e+02
4.693500e+02
5.126800e+02
5.126800e+02
5.126800e+02
5.126800e+02
708
708
708
769
769
790
790
790
790
790
807
807
807
807
796
796
796
757
757
932
932
932
932
932
955
955
969
969
837
837
837
837
837
759
759
920
920
920
969
969
967
967
863
863
863
910
910
945
945
9.139800e+02
9.139800e+02
9.139800e+02
493
493
472
472
472
472
472
472
472
433
433
4.308200e+02
4.308200e+02
4.308200e+02
4.308200e+02
4.308200e+02
422
422
417
417
417
417
417
417
417
417
417
417
5.397400e+02
5.397400e+02
639
639
666
666
666
699
699
764
764
764
764
764
764
764
419
419
419
419
419
419
419
419
419
419
