0
0
0
0
0
0
0
0
0
0
0
0
0
0
0
0
0
0
0
0
0
0
0
0
0
0
0
0
0
0
0
0
0
0
0
0
0
0
0
0
0
0
0
0
0
0
0
0
0
0
0
0
0
0
0
0
0
0
0
0
0
0
0
0
0
0
0
0
0
0
0
0
0
0
0
0
0
0
0
0
0
0
0
0
0
0
0
0
0
0
0
0
0
0
0
0
0
0
0
0
0
0
0
0
0
0
0
0
0
0
0
0
0
0
0
0
0
0
0
0
0
0
0
0
0
0
0
0
0
0
0
0
0
0
0
0
0
0
0
0
0
0
0
0
0
0
0
0
0
0
0
0
0
0
0
0
0
0
0
0
0
0
0
0
0
0
0
0
0
0
0
0
0
0
0
0
0
0
0
0
0
0
0
0
0
0
0
0
0
0
0
0
0
0
0
0
0
0
0
0
0
0
0
0
0
0
0
0
0
0
0
0
0
0
0
0
0
0
0
0
0
0
0
0
0
0
0
0
0
0
0
0
0
0
0
0
0
0
0
0
0
0
0
0
0
0
0
0
0
0
0
0
0
0
0
0
0
0
0
0
0
0
0
0
0
0
0
0
0
0
0
0
0
0
0
0
0
0
0
0
0
0
0
0
0
0
0
0
0
0
0
0
0
0
0
0
0
0
0
0
0
0
0
0
0
0
0
0
0
0
0
0
0
0
0
0
0
0
0
0
0
0
0
0
0
0
0
0
0
0
0
0
0
0
0
0
0
0
0
0
0
0
0
0
0
0
0
0
0
0
0
0
0
0
0
0
0
0
0
0
0
0
0
0
0
0
0
0
0
0
0
0
0
0
0
0
0
0
0
0
0
0
0
0
0
0
0
0
0
0
0
0
0
0
0
0
0
0
0
0
0
0
0
0
0
0
0
0
0
0
0
0
0
0
0
0
0
0
0
0
0
0
0
0
0
0
0
0
0
0
0
0
0
0
0
0
0
0
0
0
0
0
0
0
0
0
0
0
0
0
0
0
0
0
0
0
0
0
0
0
0
0
0
0
0
0
0
0
0
0
0
0
0
0
0
0
0
0
0
0
0
0
0
0
0
0
0
0
0
0
0
0
0
0
0
0
0
0
0
0
0
0
0
0
0
0
0
0
0
0
0
0
0
0
0
0
0
0
0
0
0
0
0
0
0
0
0
0
0
0
0
0
0
0
0
0
0
0
0
0
0
0
0
0
0
0
0
0
0
0
0
0
0
0
0
0
0
0
0
0
0
0
0
0
0
0
0
0
0
0
0
0
0
0
0
0
0
0
0
0
0
0
0
0
0
0
0
0
0
0
0
0
0
0
0
0
0
0
0
0
0
0
0
0
0
0
0
0
0
0
0
0
0
0
0
0
0
0
0
0
0
0
0
0
0
0
0
0
0
0
0
0
0
0
0
0
0
0
0
0
0
0
0
0
0
0
0
0
0
0
0
0
0
0
0
0
0
0
0
0
0
0
0
0
0
0
0
0
0
0
0
0
0
0
0
0
0
0
0
0
0
0
0
0
0
0
0
0
0
0
0
0
0
0
0
0
0
0
0
0
0
0
0
0
0
0
0
0
0
0
0
0
0
0
0
0
0
0
0
0
0
0
0
0
0
0
0
0
0
0
0
0
0
0
0
0
0
0
0
0
0
0
0
0
0
0
0
0
0
0
0
0
0
0
0
0
0
0
0
0
0
0
0
0
0
0
0
0
0
0
0
0
0
0
679
776
776
855
659
639
659
724
724
720
749
604
659
659
639
679
679
776
604
639
621
710
701
754
729
679
621
639
679
679
701
701
701
701
639
639
604
653
691
701
604
604
639
724
679
679
604
621
621
621
621
667
741
679
679
604
724
639
724
724
659
701
679
639
659
708
699
65
805
679
679
505
517
505
494
472
453
453
587
651
600
494
659
557
517
517
776
724
679
639
583
836
836
842
793
776
729
906
913
679
679
604
604
679
679
679
724
557
604
621
610
375
604
435
423
639
679
453
428
554
617
473
481
538
453
584
729
663
663
663
836
836
817
836
639
647
653
481
684
765
617
725
725
906
906
473
594
594
1358
988
970
755
811
584
906
906
776
494
639
776
776
776
836
876
659
836
836
906
750
906
543
572
639
604
604
906
679
621
604
453
679
725
1087
679
679
988
776
776
776
734
420
418
409
405
351
388
407
405
405
419
401
401
401
437
446
451
442
428
428
422
411
364
379
408
349
347
339
408
421
421
429
381
413
416
411
416
420
421
423
382
428
369
443
452
460
429
439
414
381
423
420
412
415
407
404
344
421
424
428
412
407
357
420
413
427
427
405
403
411
408
396
385
381
372
402
374
408
354
143
58
376
400
391
384
392
384
420
399
387
384
383
361
361
337
378
392
366
421
399
4.085652e+02
4.124104e+02
4.162557e+02
329
403
379
382
382
382
372
359
367
357
338
338
338
356
343
349
361
364
364
364
132
411
406
408
420
420
420
386
386
386
386
412
412
412
412
386
376
397
469
469
469
440
402
317
331
417
379
383
398
474
294
449
401
351
509
337
231
540
325
321
373
376
275
275
561
362
457
457
457
384
355
335
366
404
404
404
335
427
324
324
416
416
416
403
379
335
335
463
463
463
411
399
376
351
386
386
386
399
351
340
328
318
318
318
371
300
300
264
258
258
258
365
359
359
378
378
378
378
351
347
314
358
337
337
337
331
334
334
338
337
337
337
333
308
320
342
378
378
378
378
263
459
250
246
246
246
248
246
246
240
242
242
242
247
247
253
240
331
331
331
337
323
323
323
323
323
323
312
298
316
321
328
328
328
328
312
314
317
312
312
312
304
315
317
317
315
315
315
310
312
310
310
301
301
301
300
300
300
300
300
300
300
305
304
300
292
286
286
286
282
290
305
305
305
305
305
282
282
282
282
287
287
287
287
286
276
276
300
300
300
264
272
272
272
272
272
272
272
272
272
272
272
272
272
272
290
316
316
316
316
316
316
42
42
42
42
42
42
42
42
42
42
452
452
452
452
418
403
396
384
384
384
373
370
365
365
370
370
370
370
353
350
346
345
345
345
339
340
340
340
340
340
340
331
331
336
338
338
338
338
331
326
326
326
326
326
326
326
326
324
341
341
341
341
337
338
338
338
338
338
338
338
338
265
339
337
337
337
337
337
337
337
439
439
439
429
413
399
399
399
399
399
361
357
355
362
494
494
494
494
347
344
334
388
388
388
279
361
282
282
231
231
231
367
339
260
341
341
341
341
518
518
518
282
234
234
234
234
234
234
234
245
245
245
245
245
245
329
329
329
329
329
329
329
329
329
329
329
271
271
271
271
271
271
271
271
271
271
271
271
271
271
271
271
271
263
263
263
263
263
263
263
265
265
265
265
265
265
274
274
274
274
274
274
274
274
274
270
270
270
270
270
222
222
248
248
248
248
248
248
1155
1155
1155
1155
1155
1155
231
231
231
231
231
231
243
243
238
238
238
238
238
238
238
238
238
238
238
238
238
238
238
238
238
238
238
238
238
238
238
238
238
238
238
238
238
238
238
238
238
238
238
238
173
173
173
173
173
173
173
169
169
169
169
169
169
169
169
169
169
169
169
169
169
169
169
169
169
169
169
169
169
169
169
169
169
169
169
169
169
169
169
169
169
169
169
169
169
169
169
272
272
272
272
272
272
272
272
272
265
265
265
265
265
265
265
265
265
265
265
265
265
265
265
265
265
265
265
265
265
265
265
265
242
242
242
242
242
242
242
242
242
242
242
247
247
247
247
247
247
247
247
247
247
247
247
247
247
247
247
247
247
247
242
242
236
236
236
236
236
217
217
217
217
217
217
217
217
217
217
217
217
217
217
217
217
217
217
217
217
217
217
217
217
217
217
217
217
217
217
217
217
217
201
201
201
201
201
201
201
201
201
201
201
201
201
201
201
201
201
201
201
201
201
201
201
201
201
201
201
201
201
201
201
201
201
201
201
201
201
201
201
201
201
201
201
201
201
201
201
201
201
201
201
201
201
201
201
201
226
226
253
253
253
253
253
253
253
253
253
253
253
253
253
253
253
253
253
253
253
253
253
265
265
265
265
265
265
265
265
265
265
265
265
265
265
265
265
265
265
265
265
265
265
265
265
265
265
265
265
265
265
265
265
265
265
265
265
265
265
265
265
265
265
265
265
265
265
265
265
265
265
265
265
265
265
109
109
109
109
170
170
170
170
170
170
170
170
170
170
170
170
170
170
170
170
170
170
170
170
170
170
170
170
170
170
170
170
170
170
170
170
170
170
170
170
170
170
170
170
170
170
170
170
170
170
170
170
170
170
170
170
170
170
170
170
170
170
170
170
170
170
170
170
170
170
170
170
170
170
170
170
170
170
170
170
170
170
170
170
170
170
170
170
170
170
170
170
170
170
170
170
170
170
170
170
170
170
170
170
170
170
170
170
170
170
170
170
170
170
170
170
170
170
170
170
170
170
170
170
170
170
170
170
170
170
170
170
170
170
170
170
170
170
170
170
543
543
557
557
557
557
557
557
557
557
557
557
557
557
557
557
557
557
557
557
557
557
557
557
557
557
557
557
518
518
518
518
518
518
518
518
518
518
518
518
518
518
518
518
518
518
518
518
518
518
518
518
518
518
518
518
518
518
518
518
518
518
518
518
518
518
518
518
518
518
518
518
518
518
518
518
518
518
518
518
518
518
518
518
543
543
533
533
543
543
543
543
543
518
518
543
543
543
453
453
453
453
453
453
453
453
453
444
444
444
444
444
444
444
543
543
543
543
543
543
543
521
521
521
521
521
531
531
557
557
557
557
557
557
557
557
557
587
587
587
587
587
494
494
494
494
494
494
494
494
494
505
505
505
501
501
518
518
518
518
518
518
518
518
518
518
518
518
362
362
370
370
370
370
370
370
370
213
213
213
213
213
216
216
339
339
339
339
339
339
339
339
339
339
339
339
339
339
339
339
339
339
339
339
339
339
339
339
339
339
345
345
231
231
231
231
231
231
231
231
231
231
231
231
231
231
244
244
244
244
244
244
244
250
250
250
250
250
256
256
256
256
256
256
256
256
256
256
256
256
256
256
256
256
473
462
462
462
462
462
462
286
286
286
286
286
403
403
403
403
410
410
410
410
410
286
286
286
286
286
300
300
265
265
268
268
268
268
268
304
304
304
304
304
309
309
270
270
270
270
270
270
270
253
253
256
256
256
362
362
362
362
403
403
403
403
403
403
403
410
410
410
403
403
403
403
403
403
403
403
403
403
403
403
403
403
403
403
259
259
259
259
259
259
259
263
263
265
265
265
226
226
224
224
224
224
224
224
224
86
86
90
90
90
88
88
82
82
82
82
82
82
82
82
82
82
82
82
81
81
81
81
208
208
208
208
208
208
208
208
208
208
208
208
208
208
208
208
208
208
208
217
217
217
217
217
217
217
217
217
217
217
217
217
217
217
217
217
217
217
153
153
153
153
153
153
153
153
153
155
155
155
155
155
155
155
155
155
155
155
155
155
155
162
162
163
163
163
301
301
310
310
310
310
310
310
310
258
258
258
258
258
268
268
265
265
265
265
265
265
265
319
319
324
324
324
321
321
320
320
320
320
320
320
320
320
320
320
320
320
334
334
334
334
334
334
334
334
334
334
334
334
334
334
334
334
334
334
334
334
334
334
334
334
334
334
334
334
334
334
334
334
334
334
334
334
334
334
334
334
334
334
334
334
334
334
334
334
334
334
334
334
334
334
334
334
334
334
334
334
334
334
334
334
334
334
334
334
334
334
334
334
334
334
334
334
334
334
334
334
334
334
334
334
334
334
334
334
334
334
334
334
334
334
334
334
334
334
334
334
334
334
334
334
334
334
334
334
334
334
334
334
334
334
334
334
334
334
334
334
334
334
334
334
334
334
334
334
334
334
334
334
334
334
334
334
334
334
334
334
334
334
334
334
286
286
286
286
286
286
286
290
290
290
290
290
290
290
290
290
290
290
290
290
290
294
294
294
294
294
294
294
294
294
294
294
294
294
294
294
294
294
294
294
294
294
294
294
294
294
294
294
294
294
294
294
294
294
294
294
294
294
294
294
294
294
294
294
294
294
294
294
294
294
294
294
294
294
294
294
294
294
294
294
294
294
294
294
294
294
294
294
294
294
294
294
294
294
294
294
294
294
294
294
294
294
294
294
294
294
294
294
294
294
294
294
294
294
294
294
294
302
302
302
302
302
302
302
302
302
302
302
302
302
302
302
302
302
302
302
302
302
302
302
302
302
302
302
302
275
275
275
275
275
268
268
268
268
268
268
268
268
268
306
306
306
306
306
306
306
306
306
306
306
306
306
306
306
306
306
306
306
306
306
306
306
306
306
306
306
306
242
242
242
242
242
242
242
242
242
242
242
242
242
242
242
242
242
