0
0
0
0
0
0
0
0
0
0
0
0
0
0
0
0
0
0
0
0
0
0
0
0
0
0
0
0
0
0
0
0
0
0
0
0
0
0
0
0
0
0
0
0
0
0
0
0
0
0
0
0
0
0
0
0
0
0
0
0
0
0
0
0
0
0
0
0
0
0
0
0
0
0
0
0
0
0
0
0
0
0
0
0
0
0
0
0
0
0
0
0
0
0
0
0
0
0
0
0
0
0
0
0
0
0
0
0
0
0
0
0
0
0
0
0
0
0
0
0
0
0
0
0
0
0
0
0
0
0
0
0
0
0
0
0
0
0
0
0
0
0
0
0
0
0
0
0
0
0
0
0
0
0
0
0
0
0
0
0
0
0
0
0
0
0
0
0
0
0
0
0
0
0
0
0
0
0
0
0
0
0
0
0
0
0
0
0
0
0
0
0
0
0
0
0
0
0
0
0
0
0
0
0
0
0
0
0
0
0
0
0
0
0
0
0
0
0
0
0
0
0
0
0
0
0
0
0
0
0
0
0
0
0
0
0
0
0
0
0
0
0
0
0
0
0
0
0
0
0
0
0
0
0
0
0
0
0
0
0
0
0
0
0
0
0
0
0
0
0
0
0
0
0
0
0
0
0
0
0
0
0
0
0
0
0
0
0
0
0
0
0
0
0
0
0
0
0
0
0
0
0
0
0
0
0
0
0
0
0
0
0
0
0
0
0
0
0
0
0
0
0
0
0
0
0
0
0
0
0
0
0
0
0
0
0
0
0
0
0
0
0
0
0
0
0
0
0
0
0
0
0
0
0
0
0
0
0
0
0
0
0
0
0
0
0
0
0
0
0
0
0
0
0
0
0
0
0
0
0
0
0
0
0
0
0
0
0
0
0
0
0
0
0
0
0
0
0
0
0
0
0
0
0
0
0
0
0
0
0
0
0
0
0
0
0
0
0
0
0
0
0
0
0
0
0
0
0
0
0
0
0
0
0
0
0
0
0
0
0
0
0
0
0
0
0
0
0
0
0
0
0
0
0
0
0
0
0
0
0
0
0
0
0
0
0
0
0
0
0
0
0
0
0
0
0
0
0
0
0
0
0
0
0
0
0
0
0
0
0
0
0
0
0
0
0
0
0
0
0
0
0
0
0
0
0
0
0
0
0
0
0
0
0
0
0
0
0
0
0
0
0
0
0
0
0
0
0
0
0
0
0
0
0
0
0
0
0
0
0
0
0
0
0
0
0
0
0
0
0
0
0
0
0
0
0
0
0
0
0
0
0
0
0
0
0
0
0
0
0
0
0
0
0
0
0
0
0
0
0
0
0
0
0
0
0
0
0
0
0
0
0
0
0
0
0
0
0
0
0
0
0
0
0
0
0
0
0
0
0
0
0
0
0
0
0
0
0
0
0
0
0
0
0
0
0
0
0
0
0
0
0
0
0
0
0
0
0
0
0
0
0
0
0
0
0
0
0
0
0
0
0
0
0
0
0
0
0
0
0
0
0
0
0
0
0
0
0
0
0
0
0
0
0
0
0
0
0
0
0
0
0
0
0
0
0
0
0
0
0
0
0
0
0
0
0
0
0
0
0
0
0
0
0
0
0
0
0
0
0
0
0
0
0
0
0
0
0
0
0
0
0
0
0
0
0
0
0
0
0
0
0
0
0
0
0
0
0
0
0
0
0
0
0
0
0
0
0
0
0
0
0
0
0
0
0
0
0
0
0
0
0
0
0
0
0
0
0
0
0
0
0
0
0
0
0
6.204000e+01
3.451000e+01
1.000000e-02
3.000000e-02
4.000000e-02
1.400000e-01
1.000000e-01
1.000000e-01
6.000000e-02
3.800000e-01
3.200000e-01
5.100000e-01
8.400000e-01
9.100000e-01
1.210000e+00
1.600000e+00
2.010000e+00
2.130000e+00
1.980000e+00
2.270000e+00
3.220000e+00
3.460000e+00
4.120000e+00
4.950000e+00
5.680000e+00
6.660000e+00
6.650000e+00
7.350000e+00
8.130000e+00
5.900000e-01
5.900000e-01
1.037000e+01
1.088000e+01
1.205000e+01
1.262000e+01
1.338000e+01
1.365000e+01
1.509000e+01
1.538000e+01
1.575000e+01
1.701000e+01
1.849000e+01
1.840000e+01
1.824000e+01
2.092000e+01
2.164000e+01
2.164000e+01
2.164000e+01
2.449000e+01
2.556000e+01
2.720000e+01
3.726000e+01
3.719000e+01
3.848000e+01
3.886000e+01
3.986000e+01
3.982000e+01
4.077000e+01
5.536000e+01
5.005000e+01
5.032000e+01
5.095000e+01
5.663000e+01
5.920000e+01
6.481000e+01
6.339000e+01
6.695000e+01
6.793000e+01
6.925000e+01
6.859000e+01
6.926000e+01
7.005000e+01
6.994000e+01
7.053000e+01
7.057000e+01
7.104000e+01
7.211000e+01
7.088000e+01
7.314000e+01
7.508000e+01
7.828000e+01
7.627000e+01
7.370000e+01
7.370000e+01
7.180000e+01
7.671000e+01
8.066000e+01
7.649000e+01
7.970000e+01
8.125000e+01
8.630000e+01
8.997000e+01
8.544000e+01
8.786000e+01
8.644000e+01
8.612000e+01
8.543000e+01
8.658000e+01
8.718000e+01
8.688000e+01
8.694000e+01
8.678000e+01
8.852000e+01
8.984000e+01
1.089500e+02
9.382000e+01
8.676000e+01
8.671000e+01
8.758000e+01
8.551000e+01
8.676000e+01
8.746000e+01
8.833000e+01
8.857000e+01
8.615000e+01
8.695000e+01
8.778000e+01
8.750000e+01
8.678000e+01
8.599000e+01
8.887000e+01
9.164000e+01
9.345000e+01
9.591000e+01
9.233000e+01
9.334000e+01
9.334000e+01
9.334000e+01
2.270000e+00
6.660000e+01
8.642000e+01
8.565000e+01
8.841000e+01
8.979000e+01
9.248000e+01
9.235000e+01
9.230000e+01
9.173000e+01
9.015000e+01
9.195000e+01
9.195000e+01
9.173000e+01
9.392000e+01
9.375000e+01
9.510000e+01
9.510000e+01
9.744000e+01
1.001700e+02
9.863000e+01
9.779000e+01
9.320000e+01
9.643000e+01
9.746000e+01
9.714000e+01
9.836000e+01
9.874000e+01
1.018200e+02
1.004100e+02
1.004100e+02
1.004100e+02
9.891000e+01
9.799000e+01
9.596000e+01
9.602000e+01
9.602000e+01
1.010700e+02
1.036900e+02
1.051200e+02
1.074700e+02
1.096300e+02
1.145800e+02
1.142700e+02
1.130100e+02
1.122100e+02
1.115100e+02
1.124800e+02
1.133300e+02
1.134300e+02
1.125600e+02
1.103700e+02
1.093200e+02
1.061900e+02
1.063000e+02
1.063200e+02
1.038700e+02
1.052700e+02
1.057600e+02
1.041900e+02
1.020600e+02
1.007800e+02
1.013600e+02
1.014500e+02
1.019000e+02
1.032500e+02
1.033100e+02
1.036100e+02
1.040500e+02
1.038700e+02
1.023000e+02
1.023000e+02
1.023000e+02
9.903000e+01
1.014200e+02
1.017500e+02
1.002100e+02
1.008700e+02
9.793000e+01
9.908000e+01
9.942000e+01
9.890000e+01
1.001200e+02
1.026500e+02
1.032800e+02
1.025800e+02
1.043600e+02
1.074300e+02
1.059500e+02
1.055300e+02
1.059500e+02
1.055600e+02
1.079000e+02
1.087100e+02
1.125900e+02
1.141000e+02
1.141200e+02
1.136900e+02
1.141600e+02
1.159300e+02
1.169100e+02
1.173400e+02
1.189300e+02
1.186600e+02
1.177600e+02
1.177600e+02
1.169200e+02
1.175900e+02
1.211500e+02
1.216300e+02
1.214500e+02
1.216800e+02
1.213300e+02
1.217300e+02
122
1.205600e+02
1.214300e+02
1.272000e+02
1.269700e+02
1.261000e+02
1.270800e+02
1.306200e+02
1.386900e+02
1.376300e+02
1.338100e+02
1.348200e+02
1.336200e+02
1.344400e+02
1.353600e+02
1.359100e+02
1.352300e+02
1.375700e+02
1.364500e+02
1.346300e+02
1.277600e+02
1.256900e+02
1.254500e+02
1.622600e+02
1.766200e+02
1.749300e+02
1.349400e+02
1.368600e+02
1.381900e+02
1.389000e+02
1.380500e+02
1.389000e+02
1.386900e+02
1.377000e+02
1.401800e+02
1.394100e+02
1.368400e+02
1.371500e+02
1.364800e+02
1.352200e+02
1.350200e+02
1.341000e+02
1.340500e+02
1.293500e+02
1.296800e+02
1.326840e+02
1.323224e+02
1.319607e+02
1.338300e+02
1.346200e+02
1.372200e+02
135
135
135
1.339700e+02
1.328300e+02
1.331800e+02
1.348000e+02
1.379200e+02
1.379200e+02
1.379200e+02
1.367500e+02
1.376000e+02
1.389300e+02
1.392900e+02
1.392000e+02
1.392000e+02
1.392000e+02
113
1.685300e+02
1.805600e+02
1.313700e+02
1.674500e+02
1.674500e+02
1.674500e+02
1.585000e+02
1.585000e+02
1.585000e+02
1.593900e+02
1.586800e+02
1.586800e+02
1.586800e+02
1.586800e+02
1.561700e+02
1.585000e+02
1.583700e+02
1.572500e+02
1.572500e+02
1.572500e+02
1.505800e+02
1.513000e+02
1.530600e+02
1.506800e+02
1.485700e+02
1.468800e+02
1.472100e+02
1.473000e+02
1.510600e+02
1.472600e+02
1.468800e+02
1.502000e+02
1.467900e+02
1.464100e+02
1.443100e+02
1.442900e+02
1.408000e+02
1.420200e+02
1.435000e+02
1.442900e+02
1.446100e+02
1.412900e+02
1.412900e+02
1.419800e+02
141
1.406200e+02
1.406200e+02
1.406200e+02
1.423100e+02
1.390400e+02
1.395700e+02
1.381900e+02
1.435300e+02
1.435300e+02
1.435300e+02
1.452200e+02
1.449000e+02
1.471900e+02
1.471900e+02
1.474400e+02
1.474400e+02
1.474400e+02
1.462600e+02
1.479300e+02
1.512900e+02
1.643600e+02
179
179
179
1.782200e+02
1.773900e+02
1.735800e+02
1.673600e+02
1.644200e+02
1.644200e+02
1.644200e+02
1.868400e+02
1.757100e+02
1.711000e+02
1.160700e+02
1.648500e+02
1.648500e+02
1.648500e+02
1.770900e+02
1.675000e+02
1.658600e+02
1.910800e+02
1.856900e+02
1.856900e+02
1.856900e+02
1.705300e+02
1.686500e+02
1.686500e+02
1.653800e+02
1.674800e+02
1.674800e+02
1.674800e+02
1.681000e+02
1.638800e+02
1.638300e+02
1.636800e+02
1.620400e+02
1.620400e+02
1.620400e+02
1.595800e+02
1.583800e+02
1.595900e+02
1.616200e+02
1.612600e+02
1.612600e+02
1.612600e+02
1.675100e+02
1.664700e+02
1.679100e+02
1.080400e+02
1.829400e+02
1.829400e+02
1.829400e+02
1.829400e+02
1.661000e+02
1.629100e+02
1.678200e+02
1.688900e+02
1.688900e+02
1.688900e+02
1.674300e+02
1.684100e+02
1.666700e+02
1.640500e+02
1.645400e+02
1.645400e+02
1.645400e+02
1.669100e+02
1.669100e+02
1.646500e+02
1.667900e+02
1.676300e+02
1.676300e+02
1.676300e+02
1.626300e+02
1.655100e+02
1.655100e+02
1.655100e+02
1.655100e+02
1.655100e+02
1.655100e+02
1.599900e+02
1.617000e+02
1.621400e+02
1.656900e+02
1.648300e+02
1.648300e+02
1.648300e+02
1.648300e+02
1.586300e+02
1.591000e+02
1.601800e+02
1.614300e+02
1.614300e+02
1.614300e+02
1.622400e+02
1.606300e+02
1.598600e+02
1.598600e+02
1.594200e+02
1.594200e+02
1.594200e+02
1.601400e+02
1.589500e+02
1.602900e+02
1.602900e+02
1.603800e+02
1.603800e+02
1.603800e+02
1.573800e+02
1.573800e+02
1.573800e+02
1.573800e+02
1.573800e+02
1.573800e+02
1.573800e+02
1.615800e+02
1.610800e+02
1.612100e+02
1.612000e+02
1.601800e+02
1.601800e+02
1.601800e+02
1.560900e+02
1.562800e+02
1.557200e+02
1.557200e+02
1.557200e+02
1.557200e+02
1.557200e+02
1.549700e+02
1.549700e+02
1.549700e+02
1.563700e+02
1.547400e+02
1.547400e+02
1.547400e+02
1.547400e+02
1.576200e+02
1.565300e+02
1.565300e+02
1.546200e+02
1.546200e+02
1.546200e+02
1.522200e+02
1.545800e+02
1.507800e+02
1.507800e+02
1.507800e+02
1.507800e+02
1.507800e+02
1.507800e+02
1.507800e+02
1.507800e+02
1.507800e+02
1.507800e+02
1.507800e+02
1.507800e+02
1.403000e+02
139
1.434900e+02
1.434900e+02
1.434900e+02
1.434900e+02
1.434900e+02
1.434900e+02
7.670000e+01
6.170000e+01
55
52
52
52
44
4.828000e+01
4.136000e+01
4.119000e+01
2.218300e+02
2.218300e+02
2.218300e+02
2.218300e+02
1.387600e+02
1.348300e+02
1.327900e+02
1.328800e+02
1.328800e+02
1.328800e+02
130
129
1.372100e+02
1.372100e+02
1.327000e+02
1.327000e+02
1.327000e+02
1.327000e+02
1.282100e+02
1.252800e+02
124
1.226400e+02
1.226400e+02
1.226400e+02
1.223400e+02
1.202300e+02
1.202300e+02
1.176900e+02
1.176900e+02
1.176900e+02
1.176900e+02
1.119800e+02
1.119800e+02
1.131400e+02
1.146900e+02
1.146900e+02
1.146900e+02
1.146900e+02
1.142800e+02
1.132700e+02
1.132700e+02
1.132700e+02
1.132700e+02
1.132700e+02
1.132700e+02
1.132700e+02
1.132700e+02
1.149400e+02
1.186000e+02
1.186000e+02
1.186000e+02
1.186000e+02
1.195500e+02
1.176300e+02
1.166600e+02
1.166600e+02
1.166600e+02
1.166600e+02
1.166600e+02
1.205100e+02
1.227200e+02
1.236100e+02
1.234300e+02
1.233900e+02
1.233900e+02
1.233900e+02
1.233900e+02
3.780000e+01
3.729000e+01
3.541000e+01
1.881200e+02
1.881200e+02
1.881200e+02
1.233900e+02
1.181100e+02
1.149600e+02
1.149600e+02
1.125500e+02
1.125500e+02
1.125500e+02
1.139800e+02
1.138500e+02
1.138000e+02
1.137000e+02
1.136800e+02
1.136800e+02
1.136800e+02
1.196600e+02
1.200700e+02
1.189700e+02
1.171600e+02
7.259000e+01
7.259000e+01
7.259000e+01
1.239600e+02
1.218000e+02
1.206300e+02
1.199100e+02
1.177100e+02
1.177100e+02
1.177100e+02
1.163800e+02
1.137500e+02
1.133000e+02
1.123400e+02
1.132500e+02
1.132500e+02
1.132500e+02
1.331800e+02
1.303700e+02
1.249500e+02
1.172300e+02
1.170400e+02
1.170400e+02
1.170400e+02
1.170400e+02
1.108100e+02
1.108100e+02
1.074600e+02
1.078200e+02
1.078200e+02
1.078200e+02
5.205000e+01
1.399100e+02
1.106500e+02
1.074400e+02
1.074400e+02
1.074400e+02
1.074400e+02
1.032400e+02
1.020600e+02
1.020600e+02
1.020600e+02
1.020600e+02
1.020600e+02
1.020600e+02
1.021500e+02
5.628000e+01
1.962000e+01
2.247000e+01
2.392000e+01
2.392000e+01
2.392000e+01
1.502000e+01
1.422000e+01
1.213000e+01
1.141000e+01
1.123000e+01
1.123000e+01
1.123000e+01
6.980000e+00
5.110000e+00
4.260000e+00
1.525300e+02
1.357100e+02
1.357100e+02
1.357100e+02
1.017300e+02
1.017300e+02
9.998000e+01
9.893000e+01
9.665000e+01
9.665000e+01
9.665000e+01
1.549000e+01
1.353000e+01
1.497000e+02
1.217900e+02
1.131600e+02
1.131600e+02
1.131600e+02
1.279800e+02
1.145900e+02
1.092200e+02
1.036000e+02
1.031500e+02
1.031500e+02
1.031500e+02
1.003000e+02
9.971000e+01
9.962000e+01
9.839000e+01
9.563000e+01
9.563000e+01
9.563000e+01
9.493000e+01
9.613000e+01
9.365000e+01
9.314000e+01
9.064000e+01
9.064000e+01
9.064000e+01
2.783000e+01
1.152200e+02
1.043700e+02
9.866000e+01
9.866000e+01
9.866000e+01
9.866000e+01
9.409000e+01
9.411000e+01
9.337000e+01
9.311000e+01
1.007500e+02
1.007500e+02
1.007500e+02
9.909000e+01
9.773000e+01
9.536000e+01
9.548000e+01
5.836000e+01
5.836000e+01
5.836000e+01
1.080200e+02
7.252000e+01
1.239100e+02
1.117300e+02
1.109600e+02
1.109600e+02
1.109600e+02
1.065300e+02
1.065300e+02
1.065300e+02
1.065300e+02
9.937000e+01
9.937000e+01
9.937000e+01
9.625000e+01
9.625000e+01
9.782000e+01
9.782000e+01
9.740000e+01
9.740000e+01
9.740000e+01
9.569000e+01
9.569000e+01
9.163000e+01
9.163000e+01
9.179000e+01
9.179000e+01
9.179000e+01
9.007000e+01
9.007000e+01
9.007000e+01
9.007000e+01
8.590000e+01
8.590000e+01
8.590000e+01
3.610000e+01
3.610000e+01
1.097000e+01
1.097000e+01
6.770000e+00
6.770000e+00
6.770000e+00
6.070000e+00
6.070000e+00
6.070000e+00
6.070000e+00
8.962000e+01
8.962000e+01
8.962000e+01
7.802000e+01
7.802000e+01
7.576000e+01
7.576000e+01
7.576000e+01
7.576000e+01
7.576000e+01
7.162000e+01
7.162000e+01
7.215000e+01
7.215000e+01
7.445000e+01
7.445000e+01
7.445000e+01
7.445000e+01
7.445000e+01
7.994000e+01
7.994000e+01
8.077000e+01
8.077000e+01
8.077000e+01
7.792000e+01
7.792000e+01
7.792000e+01
7.792000e+01
7.772000e+01
7.772000e+01
7.772000e+01
7.818000e+01
7.818000e+01
6.986000e+01
6.986000e+01
6.310000e+01
6.310000e+01
6.310000e+01
6.659000e+01
6.659000e+01
6.723000e+01
6.723000e+01
6.489000e+01
6.489000e+01
6.489000e+01
6.662000e+01
6.662000e+01
6.453000e+01
6.453000e+01
6.341000e+01
6.341000e+01
6.341000e+01
6.247000e+01
6.247000e+01
6.059000e+01
6.059000e+01
6.059000e+01
6.059000e+01
6.059000e+01
5.889000e+01
5.889000e+01
5.913000e+01
5.913000e+01
5.913000e+01
5.913000e+01
5.913000e+01
5.774000e+01
5.774000e+01
5.774000e+01
5.774000e+01
5.746000e+01
5.746000e+01
5.746000e+01
5.746000e+01
5.746000e+01
5.850000e+01
5.850000e+01
5.850000e+01
5.850000e+01
5.850000e+01
5.850000e+01
5.850000e+01
5.672000e+01
5.672000e+01
5.672000e+01
5.672000e+01
5.672000e+01
5.629000e+01
5.629000e+01
5.532000e+01
5.532000e+01
5.626000e+01
5.626000e+01
5.626000e+01
5.611000e+01
5.611000e+01
5.764000e+01
5.764000e+01
5.763000e+01
5.763000e+01
5.763000e+01
5.438000e+01
5.438000e+01
5.366000e+01
5.366000e+01
5.366000e+01
5.366000e+01
5.366000e+01
5.411000e+01
5.411000e+01
5.346000e+01
5.346000e+01
5.410000e+01
5.410000e+01
5.410000e+01
5.410000e+01
5.410000e+01
5.410000e+01
5.410000e+01
5.292000e+01
5.292000e+01
5.292000e+01
5.296000e+01
5.296000e+01
5.347000e+01
5.347000e+01
5.422000e+01
5.422000e+01
5.422000e+01
5.502000e+01
5.502000e+01
5.502000e+01
5.502000e+01
5.386000e+01
5.386000e+01
5.386000e+01
5.376000e+01
5.376000e+01
5.440000e+01
5.440000e+01
5.431000e+01
5.431000e+01
5.431000e+01
5.431000e+01
5.431000e+01
5.431000e+01
5.431000e+01
5.431000e+01
5.431000e+01
5.431000e+01
5.431000e+01
5.431000e+01
5.431000e+01
5.431000e+01
5.513000e+01
5.513000e+01
5.513000e+01
5.441000e+01
5.441000e+01
5.405000e+01
5.405000e+01
5.407000e+01
5.407000e+01
5.407000e+01
5.407000e+01
5.407000e+01
5.407000e+01
5.407000e+01
1.196000e+01
1.196000e+01
1.196000e+01
1.196000e+01
1.196000e+01
6.010000e+00
6.010000e+00
2.493000e+01
2.493000e+01
2.493000e+01
2.493000e+01
2.493000e+01
3.758000e+01
3.758000e+01
4.012000e+01
4.012000e+01
4.012000e+01
4.278000e+01
4.278000e+01
4.336000e+01
4.336000e+01
2.447000e+01
2.447000e+01
2.447000e+01
5.280000e+00
5.280000e+00
0
0
2.736000e+01
2.736000e+01
2.736000e+01
2.736000e+01
2.736000e+01
3.760000e+01
3.760000e+01
4.044000e+01
4.044000e+01
4.044000e+01
4.191000e+01
4.191000e+01
4.315000e+01
4.315000e+01
4.368000e+01
4.368000e+01
4.368000e+01
4.368000e+01
4.368000e+01
4.673000e+01
4.673000e+01
4.652000e+01
4.652000e+01
4.652000e+01
4.714000e+01
4.714000e+01
4.738000e+01
4.738000e+01
4.740000e+01
4.740000e+01
4.740000e+01
4.740000e+01
4.740000e+01
4.740000e+01
4.740000e+01
4.740000e+01
4.740000e+01
4.740000e+01
4.809000e+01
4.809000e+01
4.895000e+01
4.895000e+01
4.951000e+01
4.951000e+01
4.951000e+01
4.951000e+01
4.951000e+01
4.951000e+01
4.951000e+01
2.117000e+01
2.117000e+01
2.117000e+01
1.958000e+01
1.958000e+01
1.958000e+01
1.958000e+01
1.958000e+01
1.958000e+01
1.958000e+01
1.958000e+01
1.958000e+01
1.958000e+01
1.932000e+01
19
19
19
1.884000e+01
1.884000e+01
1.909000e+01
1.909000e+01
1.905000e+01
1.905000e+01
1.905000e+01
1.905000e+01
1.905000e+01
1.326000e+01
1.326000e+01
3.257000e+01
3.257000e+01
3.257000e+01
2.448000e+01
2.448000e+01
2.448000e+01
2.448000e+01
1.804000e+01
1.804000e+01
1.804000e+01
1.804000e+01
1.804000e+01
1.804000e+01
1.804000e+01
1.802000e+01
1.802000e+01
1.802000e+01
1.717000e+01
1.717000e+01
1.776000e+01
1.776000e+01
1.756000e+01
1.756000e+01
1.756000e+01
1.756000e+01
1.756000e+01
1.794000e+01
1.794000e+01
1.794000e+01
1.794000e+01
1.794000e+01
1.820000e+01
1.820000e+01
1.820000e+01
1.820000e+01
1.857000e+01
1.857000e+01
1.857000e+01
1.857000e+01
1.857000e+01
1.831000e+01
1.831000e+01
1.831000e+01
1.831000e+01
1.831000e+01
1.831000e+01
1.831000e+01
1.954000e+01
1.954000e+01
1.893000e+01
1.893000e+01
1.893000e+01
1.893000e+01
1.893000e+01
2.001000e+01
2.001000e+01
2.066000e+01
2.066000e+01
2.066000e+01
2.066000e+01
2.066000e+01
2.064000e+01
2.064000e+01
2.064000e+01
2.064000e+01
2.064000e+01
1.842000e+01
1.842000e+01
2.007000e+01
2.007000e+01
2.114000e+01
2.114000e+01
2.114000e+01
2.114000e+01
2.114000e+01
2.114000e+01
2.114000e+01
1.720000e+01
1.720000e+01
1.720000e+01
1.720000e+01
1.720000e+01
2.161000e+01
2.161000e+01
2.137000e+01
2.137000e+01
2.137000e+01
2.064000e+01
2.064000e+01
2.064000e+01
2.064000e+01
2.064000e+01
2.064000e+01
2.064000e+01
2.064000e+01
2.064000e+01
2.042000e+01
2.042000e+01
2.057000e+01
2.057000e+01
2.057000e+01
2.057000e+01
2.057000e+01
2.057000e+01
2.057000e+01
2.103000e+01
2.103000e+01
2.103000e+01
2.103000e+01
2.103000e+01
2.208000e+01
2.208000e+01
2.173000e+01
2.208000e+01
2.208000e+01
2.238000e+01
2.238000e+01
2.260000e+01
2.260000e+01
2.220000e+01
2.220000e+01
2.220000e+01
2.220000e+01
2.220000e+01
2.245000e+01
2.245000e+01
2.517000e+01
2.517000e+01
2.517000e+01
2.793000e+01
2.793000e+01
2.927000e+01
2.927000e+01
2.963000e+01
2.963000e+01
2.963000e+01
2.963000e+01
2.963000e+01
3.090000e+01
3.090000e+01
3.176000e+01
3.176000e+01
3.176000e+01
3.176000e+01
3.176000e+01
3.277000e+01
3.277000e+01
3.277000e+01
3.277000e+01
3.277000e+01
3.277000e+01
3.277000e+01
3.424000e+01
3.424000e+01
3.493000e+01
3.493000e+01
3.493000e+01
3.169000e+01
3.169000e+01
3.169000e+01
3.169000e+01
3.169000e+01
3.169000e+01
3.169000e+01
3.169000e+01
3.169000e+01
3.169000e+01
3.169000e+01
3.169000e+01
3.169000e+01
3.169000e+01
3.169000e+01
3.169000e+01
3.169000e+01
3.169000e+01
3.169000e+01
3.169000e+01
3.169000e+01
3.169000e+01
3.169000e+01
3.169000e+01
3.169000e+01
3.169000e+01
3.169000e+01
3.169000e+01
3.169000e+01
3.169000e+01
3.169000e+01
3.169000e+01
3.169000e+01
3.169000e+01
3.169000e+01
3.169000e+01
2.223000e+01
2.223000e+01
2.223000e+01
2.223000e+01
2.223000e+01
2.223000e+01
2.223000e+01
2.223000e+01
4.679000e+01
4.679000e+01
4.679000e+01
4.679000e+01
4.679000e+01
4.679000e+01
4.679000e+01
2.575000e+01
2.575000e+01
4.728000e+01
4.728000e+01
4.728000e+01
3.788000e+01
3.788000e+01
5.085000e+01
5.085000e+01
5.385000e+01
5.385000e+01
5.385000e+01
5.385000e+01
5.385000e+01
5.848000e+01
5.848000e+01
5.888000e+01
5.888000e+01
5.888000e+01
6.167000e+01
6.167000e+01
6.167000e+01
6.167000e+01
6.609000e+01
6.609000e+01
6.609000e+01
6.609000e+01
6.609000e+01
6.644000e+01
6.644000e+01
6.644000e+01
6.644000e+01
6.644000e+01
6.435000e+01
6.435000e+01
6.416000e+01
6.416000e+01
6.416000e+01
6.416000e+01
6.416000e+01
6.416000e+01
6.416000e+01
6.417000e+01
6.417000e+01
6.354000e+01
6.354000e+01
6.354000e+01
6.536000e+01
6.536000e+01
6.516000e+01
6.516000e+01
6.516000e+01
6.516000e+01
6.516000e+01
6.516000e+01
6.516000e+01
6.572000e+01
6.572000e+01
6.627000e+01
6.627000e+01
6.627000e+01
6.824000e+01
6.824000e+01
6.725000e+01
6.725000e+01
6.725000e+01
6.725000e+01
6.725000e+01
6.725000e+01
6.725000e+01
7.013000e+01
7.013000e+01
6.918000e+01
6.918000e+01
6.918000e+01
6.918000e+01
6.918000e+01
6.895000e+01
6.895000e+01
6.955000e+01
6.955000e+01
6.955000e+01
6.830000e+01
6.830000e+01
6.830000e+01
6.830000e+01
6.608000e+01
6.608000e+01
6.608000e+01
6.692000e+01
6.692000e+01
6.692000e+01
6.692000e+01
6.684000e+01
6.684000e+01
6.684000e+01
6.684000e+01
6.684000e+01
6.003000e+01
6.003000e+01
4.760000e+01
4.760000e+01
4.760000e+01
4.319000e+01
4.319000e+01
4.213000e+01
4.213000e+01
4.205000e+01
4.205000e+01
4.205000e+01
4.205000e+01
4.205000e+01
4.075000e+01
4.075000e+01
3.949000e+01
3.949000e+01
3.949000e+01
3.805000e+01
3.805000e+01
3.838000e+01
3.838000e+01
3.771000e+01
3.771000e+01
3.771000e+01
3.771000e+01
3.771000e+01
3.771000e+01
3.771000e+01
3.565000e+01
3.565000e+01
3.565000e+01
3.555000e+01
3.555000e+01
3.566000e+01
3.566000e+01
3.460000e+01
3.460000e+01
3.460000e+01
3.460000e+01
3.460000e+01
3.378000e+01
3.378000e+01
3.378000e+01
3.378000e+01
3.378000e+01
3.378000e+01
3.378000e+01
2.938000e+01
2.938000e+01
3.119000e+01
3.119000e+01
3.119000e+01
3.119000e+01
3.119000e+01
2.937000e+01
2.937000e+01
3.038000e+01
3.038000e+01
3.038000e+01
3.144000e+01
3.144000e+01
3.167000e+01
3.167000e+01
3.224000e+01
3.224000e+01
3.224000e+01
3.224000e+01
3.224000e+01
3.368000e+01
3.368000e+01
3.368000e+01
3.368000e+01
3.368000e+01
3.343000e+01
3.343000e+01
3.277000e+01
3.290000e+01
3.290000e+01
3.290000e+01
3.290000e+01
3.290000e+01
3.290000e+01
3.210000e+01
3.210000e+01
3.179000e+01
3.179000e+01
3.179000e+01
3.272000e+01
3.272000e+01
3.272000e+01
3.502000e+01
3.533000e+01
3.533000e+01
3.533000e+01
3.494000e+01
3.494000e+01
3.559000e+01
3.559000e+01
2.821000e+01
2.821000e+01
2.821000e+01
3.002000e+01
3.002000e+01
3.213000e+01
3.213000e+01
3.320000e+01
3.320000e+01
3.320000e+01
3.507000e+01
3.507000e+01
3.515000e+01
3.515000e+01
3.515000e+01
3.515000e+01
3.515000e+01
3.588000e+01
3.588000e+01
3.801000e+01
3.801000e+01
3.801000e+01
3.801000e+01
3.801000e+01
3.576000e+01
3.576000e+01
3.647000e+01
3.647000e+01
3.706000e+01
3.706000e+01
3.706000e+01
3.764000e+01
3.764000e+01
3.764000e+01
3.764000e+01
3.842000e+01
3.842000e+01
3.842000e+01
3.692000e+01
3.692000e+01
3.157000e+01
3.157000e+01
2.985000e+01
2.985000e+01
2.985000e+01
30
30
2.963000e+01
2.963000e+01
2.963000e+01
2.963000e+01
2.963000e+01
2.963000e+01
2.963000e+01
2.994000e+01
2.994000e+01
2.994000e+01
2.994000e+01
2.994000e+01
2.990000e+01
2.990000e+01
2.843000e+01
2.843000e+01
2.843000e+01
2.843000e+01
2.843000e+01
2.843000e+01
2.843000e+01
2.868000e+01
2.868000e+01
3.006000e+01
3.006000e+01
3.006000e+01
3.069000e+01
3.069000e+01
2.973000e+01
2.973000e+01
3.007000e+01
3.007000e+01
3.007000e+01
2.530000e+01
2.530000e+01
2.531000e+01
2.531000e+01
2.558000e+01
2.558000e+01
2.558000e+01
2.546000e+01
2.546000e+01
2.561000e+01
2.561000e+01
2.564000e+01
2.564000e+01
2.564000e+01
2.564000e+01
2.564000e+01
2.564000e+01
2.564000e+01
2.564000e+01
2.564000e+01
2.564000e+01
2.451000e+01
2.451000e+01
2.523000e+01
2.523000e+01
2.536000e+01
2.536000e+01
2.536000e+01
2.536000e+01
2.536000e+01
2.536000e+01
2.536000e+01
2.410000e+01
2.410000e+01
2.410000e+01
2.410000e+01
2.410000e+01
2.410000e+01
2.410000e+01
2.410000e+01
2.410000e+01
2.410000e+01
2.410000e+01
2.410000e+01
2.465000e+01
2.465000e+01
2.506000e+01
2.506000e+01
2.506000e+01
2.506000e+01
2.506000e+01
2.508000e+01
2.508000e+01
2.503000e+01
2.503000e+01
2.503000e+01
2.487000e+01
2.487000e+01
2.518000e+01
2.518000e+01
2.518000e+01
2.518000e+01
2.518000e+01
2.516000e+01
2.516000e+01
2.516000e+01
2.516000e+01
2.516000e+01
2.516000e+01
2.516000e+01
2.516000e+01
2.516000e+01
2.416000e+01
2.416000e+01
2.416000e+01
2.416000e+01
2.416000e+01
2.458000e+01
2.458000e+01
2.439000e+01
2.439000e+01
2.439000e+01
2.439000e+01
2.439000e+01
2.439000e+01
2.439000e+01
2.446000e+01
2.446000e+01
2.394000e+01
2.394000e+01
2.394000e+01
2.576000e+01
2.576000e+01
2.673000e+01
2.673000e+01
2.673000e+01
2.673000e+01
2.673000e+01
2.673000e+01
2.673000e+01
2.731000e+01
2.731000e+01
2.731000e+01
2.731000e+01
2.731000e+01
2.749000e+01
2.749000e+01
2.796000e+01
2.796000e+01
2.747000e+01
2.747000e+01
2.747000e+01
2.780000e+01
2.780000e+01
2.818000e+01
2.818000e+01
2.745000e+01
2.745000e+01
2.745000e+01
2.884000e+01
2.884000e+01
2.864000e+01
2.864000e+01
2.971000e+01
2.971000e+01
2.971000e+01
2.884000e+01
2.884000e+01
2.885000e+01
2.885000e+01
2.863000e+01
2.863000e+01
2.863000e+01
2.818000e+01
2.818000e+01
2.861000e+01
2.861000e+01
2.841000e+01
2.841000e+01
2.841000e+01
2.830000e+01
2.830000e+01
2.835000e+01
2.835000e+01
2.830000e+01
2.830000e+01
2.830000e+01
2.849000e+01
2.849000e+01
2.896000e+01
2.896000e+01
2.896000e+01
2.896000e+01
2.896000e+01
2.896000e+01
2.896000e+01
2.896000e+01
2.896000e+01
2.882000e+01
2.882000e+01
2.882000e+01
2.851000e+01
2.851000e+01
2.856000e+01
2.856000e+01
2.840000e+01
2.840000e+01
2.840000e+01
2.891000e+01
2.891000e+01
2.847000e+01
2.847000e+01
2.915000e+01
2.915000e+01
2.915000e+01
2.903000e+01
2.903000e+01
2.872000e+01
2.872000e+01
2.891000e+01
2.891000e+01
2.891000e+01
2.891000e+01
2.891000e+01
2.942000e+01
2.942000e+01
2.942000e+01
2.942000e+01
2.942000e+01
2.971000e+01
2.971000e+01
2.957000e+01
2.957000e+01
2.999000e+01
2.999000e+01
2.999000e+01
2.984000e+01
2.984000e+01
2.979000e+01
2.979000e+01
2.979000e+01
2.979000e+01
2.979000e+01
3.001000e+01
3.001000e+01
3.001000e+01
3.001000e+01
3.004000e+01
3.004000e+01
3.004000e+01
3.006000e+01
3.006000e+01
3.067000e+01
3.067000e+01
4.042000e+01
4.042000e+01
4.042000e+01
4.019000e+01
4.019000e+01
4.019000e+01
4.019000e+01
4.101000e+01
4.101000e+01
4.101000e+01
4.093000e+01
4.093000e+01
4.128000e+01
4.128000e+01
4.128000e+01
4.128000e+01
4.128000e+01
3.690000e+01
3.690000e+01
3.690000e+01
3.690000e+01
4.167000e+01
4.167000e+01
4.167000e+01
4.098000e+01
4.098000e+01
4.158000e+01
4.158000e+01
4.148000e+01
4.148000e+01
4.148000e+01
4.086000e+01
4.086000e+01
4.051000e+01
4.051000e+01
4.141000e+01
4.141000e+01
4.141000e+01
4.217000e+01
4.217000e+01
4.245000e+01
4.245000e+01
4.250000e+01
4.250000e+01
4.250000e+01
4.289000e+01
4.289000e+01
4.289000e+01
4.289000e+01
4.321000e+01
4.321000e+01
4.321000e+01
4.414000e+01
4.414000e+01
4.414000e+01
4.414000e+01
4.750000e+01
4.750000e+01
4.750000e+01
4.750000e+01
4.750000e+01
4.748000e+01
4.748000e+01
4.752000e+01
4.752000e+01
4.752000e+01
4.878000e+01
4.878000e+01
4.958000e+01
4.958000e+01
5.030000e+01
5.030000e+01
5.030000e+01
5.030000e+01
5.030000e+01
5.030000e+01
5.030000e+01
5.367000e+01
5.367000e+01
5.367000e+01
5.367000e+01
5.367000e+01
5.513000e+01
5.513000e+01
5.609000e+01
5.609000e+01
5.609000e+01
5.609000e+01
5.609000e+01
5.609000e+01
5.609000e+01
5.609000e+01
5.609000e+01
5.609000e+01
5.609000e+01
5.609000e+01
5.856000e+01
5.856000e+01
5.834000e+01
5.834000e+01
5.834000e+01
5.850000e+01
5.850000e+01
5.850000e+01
5.850000e+01
5.716000e+01
5.716000e+01
5.716000e+01
5.857000e+01
5.857000e+01
5.806000e+01
5.806000e+01
6.911000e+01
6.911000e+01
6.911000e+01
6.911000e+01
6.911000e+01
6.347000e+01
6.347000e+01
6.454000e+01
6.454000e+01
6.454000e+01
6.518000e+01
6.518000e+01
6.578000e+01
6.578000e+01
6.578000e+01
6.578000e+01
6.578000e+01
6.510000e+01
6.510000e+01
65
65
65
65
65
65
65
6.724000e+01
6.724000e+01
6.724000e+01
6.724000e+01
6.724000e+01
6.724000e+01
6.724000e+01
6.724000e+01
6.724000e+01
68
68
68
68
68
68
68
6.981000e+01
6.981000e+01
6.981000e+01
6.999000e+01
6.999000e+01
6.999000e+01
6.999000e+01
6.999000e+01
6.999000e+01
6.999000e+01
6.999000e+01
6.999000e+01
6.925000e+01
6.925000e+01
6.925000e+01
6.925000e+01
6.925000e+01
6.925000e+01
6.925000e+01
69
69
69
69
69
6.999000e+01
6.999000e+01
7.004000e+01
7.004000e+01
6.963000e+01
6.963000e+01
6.963000e+01
6.963000e+01
6.963000e+01
6.963000e+01
6.963000e+01
6.963000e+01
6.963000e+01
6.963000e+01
6.037000e+01
6.037000e+01
6.037000e+01
6.037000e+01
6.801000e+01
6.801000e+01
6.801000e+01
6.627000e+01
6.627000e+01
6.586000e+01
6.586000e+01
6.586000e+01
6.586000e+01
6.586000e+01
6.609000e+01
6.609000e+01
6.573000e+01
6.573000e+01
6.765000e+01
6.765000e+01
6.765000e+01
6.803000e+01
6.803000e+01
6.856000e+01
6.856000e+01
6.856000e+01
6.856000e+01
6.856000e+01
6.889000e+01
6.889000e+01
6.827000e+01
6.827000e+01
6.827000e+01
6.827000e+01
6.827000e+01
6.866000e+01
6.866000e+01
6.763000e+01
6.763000e+01
5.529000e+01
5.529000e+01
5.529000e+01
5.529000e+01
5.529000e+01
5.529000e+01
5.529000e+01
5.529000e+01
5.529000e+01
5.529000e+01
5.055000e+01
5.055000e+01
4.989000e+01
4.989000e+01
4.989000e+01
4.989000e+01
4.989000e+01
4.933000e+01
4.933000e+01
4.946000e+01
4.946000e+01
4.949000e+01
4.949000e+01
4.949000e+01
4.888000e+01
4.888000e+01
4.930000e+01
4.930000e+01
4.863000e+01
4.863000e+01
4.863000e+01
4.924000e+01
4.924000e+01
79
79
79
