0
0
0
0
0
0
0
0
0
0
0
0
0
0
0
0
0
0
0
0
0
0
0
0
0
0
0
0
0
0
0
0
0
0
0
0
0
0
0
0
0
0
0
0
0
0
0
0
0
0
0
0
0
0
0
0
0
0
0
0
0
0
0
0
0
0
0
0
0
0
0
0
0
0
0
0
0
0
0
0
0
0
0
0
0
0
0
0
0
0
0
0
0
0
0
0
0
0
0
0
0
0
0
0
0
0
0
0
0
0
0
0
0
0
0
0
0
0
0
0
0
0
0
0
0
0
0
0
0
0
0
0
0
0
0
0
0
0
0
0
0
0
0
0
0
0
0
0
0
0
0
0
0
0
0
0
0
0
0
0
0
0
0
0
0
0
0
0
0
0
0
0
0
0
0
0
0
0
0
0
0
0
0
0
0
0
0
0
0
0
0
0
0
0
0
0
0
0
0
0
0
0
0
0
0
0
0
0
0
0
0
0
0
0
0
0
0
0
0
0
0
0
0
0
0
0
0
0
0
0
0
0
0
0
0
0
0
0
0
0
0
0
0
0
0
0
0
0
0
0
0
0
0
0
0
0
0
0
0
0
0
0
0
0
0
0
0
0
0
0
0
0
0
0
0
0
0
0
0
0
0
0
0
0
0
0
0
0
0
0
0
0
0
0
0
0
0
0
0
0
0
0
0
0
0
0
0
0
0
0
0
0
0
0
0
0
0
0
0
0
0
0
0
0
0
0
0
0
0
0
0
0
0
0
0
0
0
0
0
0
0
0
0
0
0
0
0
0
0
0
0
0
0
0
0
0
0
0
0
0
0
0
0
0
0
0
0
0
0
0
0
0
0
0
0
0
0
0
0
0
0
0
0
0
0
0
0
0
0
0
0
0
0
0
0
0
0
0
0
0
0
0
0
0
0
0
0
0
0
0
0
0
0
0
0
0
0
0
0
0
0
0
0
0
0
0
0
0
0
0
0
0
0
0
0
0
0
0
0
0
0
0
0
0
0
0
0
0
0
0
0
0
0
0
0
0
0
0
0
0
0
0
0
0
0
0
0
0
0
0
0
0
0
0
0
0
0
0
0
0
0
0
0
0
0
0
0
0
0
0
0
0
541
587
621
751
770
770
775
826
825
824
823
822
825
821
788
790
787
787
786
778
812
881
878
955
956
958
953
832
898
950
945
950
941
924
944
916
924
929
907
793
876
906
908
946
943
987
985
983
975
983
974
971
969
968
974
964
964
964
958
957
954
952
952
949
949
943
942
937
935
939
936
960
946
944
955
929
928
927
945
938
950
942
916
919
903
908
919
901
894
891
886
836
881
923
944
958
720
939
930
1183
1105
1119
1236
1253
1211
1291
1269
1260
982
949
849
746
947
1128
1162
988
1129
1133
1155
1106
1081
784
864
824
857
816
873
847
835
869
738
752
814
827
754
786
771
734
720
748
719
630
681
679
532
783
630
619
630
634
580
544
550
243
622
669
587
579
572
550
603
6.000800e+02
617
608
608
539
515
519
515
524
522
525
513
519
515
564
519
525
544
531
464
470
474
435
437
494
504
487
440
443
582
444
317
386
377
949
521
456
442
463
451
451
426
352
536
514
533
485
494
477
477
530
594
613
619
604
599
609
496
494
353
346
347
350
351
354
344
354
363
339
343
361
349
348
341
337
290
321
320
325
321
323
316
328
313
312
312
300
307
403
305
305
305
291
286
303
306
311
314
314
314
289
280
298
2.787300e+02
288
270
351
346
359
339
340
341
350
347
350
349
333
351
345
343
629
362
345
351
344
333
342
327
340
325
322
323
318
332
313
334
334
310
310
241
315
326
337
323
325
314
315
303
265
314
303
317
317
317
317
298
311
308
306
300
235
215
223
113
199
169
172
243
200
200
200
228
190
192
188
165
190
171
177
181
178
191
199
172
146
186
175
185
124
194
224
316
320
85
83
256
253
262
98
246
181
105
150
192
158
184
192
79
122
60
212
288
230
97
89
85
91
112
140
55
46
171
243
243
167
167
123
123
123
123
221
220
70
186
217
194
124
129
93
151
115
151
94
129
170
187
109
110
159
159
159
140
97
117
101
133
136
142
156
98
155
111
119
119
103
103
116
103
103
109
199
208
184
164
120
100
145
153
170
178
178
178
129
112
161
161
126
126
128
120
129
132
126
125
113
131
127
101
106
112
117
109
116
122
124
136
116
107
117
117
117
140
159
147
117
119
115
116
114
99
105
67
67
67
33
32
34
38
25
23
26
35
167
165
169
59
55
55
10
10
68
72
191
180
91
72
45
67
302
50
60
125
137
184
186
192
138
130
128
116
153
167
143
136
145
159
145
137
141
138
126
151
205
167
107
136
136
126
217
340
235
259
262
270
340
217
286
315
311
324
329
226
191
136
226
144
191
144
217
106
99
167
184
181
178
99
91
121
153
311
1.288548e+02
1.236529e+02
1.184509e+02
136
133
126
217
217
217
205
191
217
198
329
329
329
133
115
121
94
108
108
108
134
294
145
201
253
253
253
207
207
207
207
153
153
153
153
242
242
106
106
106
106
149
99
170
158
145
145
145
145
99
105
109
102
114
135
135
170
179
320
170
170
170
173
173
345
108
126
126
126
121
128
121
108
112
112
112
97
102
97
97
97
97
97
97
97
108
108
112
112
112
133
301
138
130
164
164
164
301
108
147
140
136
136
136
136
162
162
162
62
62
62
144
132
132
132
132
132
132
145
150
156
150
146
146
146
154
150
142
156
200
200
200
184
188
172
236
192
192
192
192
192
192
192
192
192
192
192
192
192
192
192
192
192
192
192
192
192
192
192
192
192
192
192
192
192
192
192
174
176
174
174
163
163
163
163
203
170
200
214
214
214
216
210
212
212
217
217
217
220
265
260
260
287
287
287
282
282
282
282
282
282
282
282
284
284
290
282
282
282
289
270
270
270
270
270
270
265
265
265
267
289
289
289
289
256
252
252
246
246
246
247
248
248
248
248
248
248
248
248
248
248
248
248
248
284
421
205
205
205
205
205
410
410
247
351
362
362
362
89
231
351
351
272
272
272
272
167
184
184
51
51
51
85
87
84
84
84
84
84
84
84
84
84
84
84
84
84
84
84
210
210
210
210
149
149
140
127
127
127
127
114
116
116
116
116
116
116
116
116
134
217
217
217
217
139
136
130
126
126
126
126
98
101
403
102
494
494
494
518
473
84
518
362
362
362
340
418
435
435
435
435
435
418
403
121
242
302
302
302
302
213
418
141
453
453
453
329
329
375
311
272
272
272
276
272
351
294
453
453
453
136
279
294
418
418
418
418
418
78
78
78
104
104
104
518
518
518
518
132
132
132
132
132
132
132
210
210
210
134
134
134
134
134
134
134
134
129
129
129
134
134
134
137
137
137
123
123
123
123
123
123
123
133
133
133
133
136
136
143
143
143
143
143
143
143
143
143
105
105
105
66
66
66
66
67
67
67
67
67
67
112
112
112
112
112
112
86
86
86
86
86
86
65
62
58
58
58
58
58
58
58
58
58
58
58
58
58
58
58
58
58
58
58
58
58
58
58
58
58
58
58
58
58
58
58
58
58
58
58
58
72
72
72
72
72
72
72
68
68
68
68
68
242
242
242
242
242
242
242
242
242
242
242
242
242
242
242
242
242
242
242
242
242
242
242
242
242
242
242
242
242
242
242
242
242
242
242
198
198
198
198
198
198
198
198
198
203
203
203
203
203
203
203
203
203
203
203
203
203
203
203
203
203
203
203
203
203
203
203
203
57
57
57
57
57
57
57
57
57
57
57
48
48
48
48
48
48
48
48
48
48
48
48
48
48
48
48
48
48
48
48
48
48
48
48
48
48
48
48
48
48
48
48
48
48
48
48
48
48
178
178
178
178
178
178
178
178
178
178
178
178
178
178
178
178
178
178
178
178
178
178
178
178
178
178
178
178
178
178
178
178
178
178
178
178
178
178
178
178
178
178
178
178
178
178
178
178
178
178
178
178
178
178
178
178
178
178
178
178
178
178
178
178
178
168
168
168
168
168
168
168
168
168
168
168
168
168
168
168
168
168
168
168
168
168
168
168
168
168
168
168
168
168
168
168
168
168
168
168
168
168
168
168
168
168
168
168
168
168
168
168
168
168
168
168
168
168
168
168
168
168
168
168
168
168
168
168
168
168
168
168
168
168
168
168
168
168
168
168
168
168
168
168
168
168
168
168
168
168
168
168
168
168
168
168
168
168
168
168
168
168
168
168
168
168
168
168
168
168
168
168
168
168
168
168
168
168
168
168
168
168
168
168
168
168
168
168
168
168
168
168
168
168
168
168
168
168
168
168
168
168
168
168
168
168
168
168
168
168
168
168
168
168
168
168
168
168
168
168
168
168
168
168
168
168
168
168
168
168
168
168
168
168
168
168
168
168
168
168
168
168
168
168
168
168
168
168
168
168
168
168
168
168
168
168
168
168
168
168
168
168
168
168
168
168
168
168
168
168
168
168
168
168
168
168
168
168
168
168
168
168
168
168
168
168
168
168
168
168
168
168
168
168
168
168
168
168
168
168
168
168
168
168
168
168
168
168
168
168
168
168
168
168
168
168
168
168
168
168
168
168
168
168
168
168
168
168
168
168
168
168
168
168
168
168
168
168
168
168
168
168
168
168
168
168
168
168
168
168
168
168
168
168
168
168
168
168
543
543
543
543
543
543
543
543
543
543
543
543
543
543
543
543
543
543
543
543
543
543
548
548
557
557
557
557
557
462
462
473
473
473
473
473
473
473
473
473
473
473
473
473
473
473
473
473
473
473
435
435
435
435
435
435
435
444
444
444
444
444
453
453
473
473
473
473
473
473
473
473
473
483
483
483
483
483
418
418
418
418
418
418
418
418
418
418
418
418
411
411
418
418
418
418
418
418
418
418
418
418
418
418
259
259
310
310
310
310
310
310
310
252
252
252
252
252
139
139
258
258
258
258
258
258
258
258
258
258
258
258
258
258
258
258
258
258
258
258
258
258
258
258
258
258
256
256
259
259
259
259
259
259
259
259
259
259
259
259
259
259
262
262
262
262
262
262
262
262
262
262
262
262
262
262
262
262
262
262
262
262
262
262
262
262
262
262
262
262
262
262
262
262
262
262
262
262
262
262
262
262
262
262
262
262
262
262
262
262
262
262
262
262
262
262
262
262
262
262
300
300
300
300
300
362
362
362
362
362
368
368
362
362
362
362
362
362
362
368
368
375
375
375
381
381
381
381
340
340
340
340
340
345
345
351
351
351
351
351
351
351
351
351
351
351
351
351
351
351
351
351
351
351
351
351
351
351
351
351
351
360
360
362
362
362
572
572
587
587
587
587
587
587
587
85
85
85
85
85
85
85
85
85
85
85
85
85
85
85
85
85
85
85
88
88
88
88
83
83
83
83
83
83
83
86
86
86
86
86
86
86
86
86
86
86
86
86
86
86
86
86
86
86
86
86
86
86
86
86
86
86
86
86
86
86
126
126
126
126
126
126
126
126
126
128
128
128
128
128
128
128
128
128
128
128
128
128
128
131
131
138
138
138
164
164
166
166
167
167
167
167
167
184
184
184
184
184
187
187
169
169
169
169
169
169
169
175
175
178
178
178
179
179
184
184
184
184
184
184
184
184
184
184
184
184
178
178
178
178
178
178
178
178
178
178
178
178
178
178
178
178
178
178
178
178
178
178
178
178
178
178
178
178
178
178
178
178
178
178
178
178
178
178
178
178
178
178
178
178
178
178
178
178
178
178
178
178
178
178
178
178
178
178
178
178
178
178
178
178
178
178
178
178
178
178
178
178
178
178
178
178
178
178
178
178
178
178
178
178
178
178
178
178
178
178
178
178
178
178
178
178
178
178
178
178
178
178
178
178
178
178
178
178
178
178
178
178
178
178
178
178
178
178
178
178
178
178
178
178
178
178
178
178
178
178
178
178
178
178
178
178
178
178
178
178
178
178
178
178
362
362
362
362
362
362
362
368
368
368
368
368
368
368
368
368
368
368
368
368
368
362
362
362
362
362
362
362
362
362
362
362
362
362
362
362
362
362
362
362
362
362
362
362
362
362
362
362
362
362
362
362
362
362
362
362
362
362
362
362
362
362
362
362
362
362
362
362
362
362
362
362
362
362
362
362
362
362
362
362
362
362
362
362
362
362
362
362
362
362
362
362
362
362
362
362
362
362
362
362
362
362
362
362
362
362
362
362
362
362
362
362
362
362
362
362
362
362
362
362
362
362
362
362
362
362
362
362
362
362
362
362
362
362
362
362
362
362
362
362
362
362
362
362
362
362
362
362
362
362
224
224
224
224
224
224
224
224
224
224
224
224
224
224
224
224
224
224
224
224
224
224
224
224
224
224
224
224
224
224
224
224
224
224
224
224
224
224
224
224
224
224
224
224
224
224
224
224
224
224
224
224
224
224
