0
0
0
0
0
0
0
0
0
0
0
0
0
0
0
0
0
0
0
0
0
0
0
0
0
0
0
0
0
0
0
0
0
0
0
0
0
0
0
0
0
0
0
0
0
0
0
0
0
0
0
0
0
0
0
0
0
0
0
0
0
0
0
0
0
0
0
0
0
0
0
0
0
0
0
0
0
0
0
0
0
0
0
0
0
0
0
0
0
0
0
0
0
0
0
0
0
0
0
0
0
0
0
0
0
0
0
0
0
0
0
0
0
0
0
0
0
0
0
0
0
0
0
0
0
0
0
0
0
0
0
0
0
0
0
0
0
0
0
0
0
0
0
0
0
0
0
0
0
0
0
0
0
0
0
0
0
0
0
0
0
0
0
0
0
0
0
0
0
0
0
0
0
0
0
0
0
0
0
0
0
0
0
0
0
0
0
0
0
0
0
0
0
0
0
0
0
0
0
0
0
0
0
0
0
0
0
0
0
0
0
0
0
0
0
0
0
0
0
0
0
0
0
0
0
0
0
0
0
0
0
0
0
0
0
0
0
0
0
0
0
0
0
0
0
0
0
0
0
0
0
0
0
0
0
0
0
0
0
0
0
0
0
0
0
0
0
0
0
0
0
0
0
0
0
0
0
0
0
0
0
0
0
0
0
0
0
0
0
0
0
0
0
0
0
0
0
0
0
0
0
0
0
0
0
0
0
0
0
0
0
0
0
0
0
0
0
0
0
0
0
0
0
0
0
0
0
0
0
0
0
0
0
0
0
0
0
0
0
0
0
0
0
0
0
0
0
0
0
0
0
0
0
0
0
0
0
0
0
0
0
0
0
0
0
0
0
0
0
0
0
0
0
0
0
0
0
0
0
0
0
0
0
0
0
0
0
0
0
0
0
0
0
0
0
0
0
0
0
0
0
0
0
0
0
0
0
0
0
0
0
0
0
0
0
0
0
0
0
0
0
0
0
0
0
0
0
0
0
0
0
0
0
0
0
0
0
0
0
0
0
0
0
0
0
0
0
0
0
0
0
0
0
0
0
0
0
0
0
0
0
0
0
0
0
0
0
0
0
0
0
0
0
0
0
0
0
0
0
0
0
0
0
0
0
0
0
0
0
0
0
0
0
1.020000e+00
4.610000e+00
8.550000e+00
1.194000e+01
1.376000e+01
1.519000e+01
1.721000e+01
1.914000e+01
2.011000e+01
2.022000e+01
2.078000e+01
2.094000e+01
2.105000e+01
2.139000e+01
2.174000e+01
2.185000e+01
2.227000e+01
2.293000e+01
2.357000e+01
2.472000e+01
2.754000e+01
2.812000e+01
3.138000e+01
3.304000e+01
3.346000e+01
3.443000e+01
3.562000e+01
3.644000e+01
3.793000e+01
3.908000e+01
2.777000e+01
2.706000e+01
4.435000e+01
4.682000e+01
4.946000e+01
5.126000e+01
4.555000e+01
2.979000e+01
5.281000e+01
6.281000e+01
6.084000e+01
6.631000e+01
7.125000e+01
7.446000e+01
7.768000e+01
8.368000e+01
8.553000e+01
8.703000e+01
8.923000e+01
9.087000e+01
9.244000e+01
9.487000e+01
96
9.777000e+01
9.944000e+01
1.000100e+02
1.009600e+02
1.028800e+02
1.052900e+02
1.077400e+02
1.098900e+02
1.118700e+02
1.147100e+02
1.166700e+02
1.241000e+02
1.213500e+02
1.323200e+02
1.336100e+02
1.332000e+02
1.341800e+02
1.355100e+02
1.388600e+02
1.376900e+02
1.402500e+02
1.461600e+02
1.628000e+02
1.508000e+02
1.558900e+02
1.593600e+02
1.647500e+02
1.736900e+02
1.983000e+02
1.884500e+02
1.862300e+02
1.886000e+02
1.951400e+02
2.103300e+02
2.113400e+02
2.166200e+02
2.121800e+02
2.103500e+02
2.146100e+02
224
2.388500e+02
2.397100e+02
2.345000e+02
2.410800e+02
2.450700e+02
2.461000e+02
2.427800e+02
2.368300e+02
2.726200e+02
2.810600e+02
2.699400e+02
2.896900e+02
3.196600e+02
3.408100e+02
3.580700e+02
3.541200e+02
3.688100e+02
3.821800e+02
3.921600e+02
4.309200e+02
4.496000e+02
4.395000e+02
4.349100e+02
4.368000e+02
4.390500e+02
4.373800e+02
4.375700e+02
4.376100e+02
4.432800e+02
4.446900e+02
4.451700e+02
4.413700e+02
4.612200e+02
4.688600e+02
4.695800e+02
4.614500e+02
4.590300e+02
4.559900e+02
4.619100e+02
4.588200e+02
4.622000e+02
4.604700e+02
4.527700e+02
4.471500e+02
4.442400e+02
4.388600e+02
4.346000e+02
4.382800e+02
4.434000e+02
4.576000e+02
4.598500e+02
4.617700e+02
4.632700e+02
4.624300e+02
457
456
4.484800e+02
447
4.451000e+02
452
4.552000e+02
454
452
447
4.477400e+02
4.551800e+02
460
4.640100e+02
4.790800e+02
4.811200e+02
4.815800e+02
4.827600e+02
4.845800e+02
4.823600e+02
483
4.823600e+02
4.745500e+02
4.773500e+02
4.743500e+02
4.748100e+02
4.731700e+02
4.696300e+02
4.688500e+02
4.699900e+02
4.699000e+02
4.707700e+02
469
4.671000e+02
4.698300e+02
4.652300e+02
4.662000e+02
4.682800e+02
460
4.591400e+02
4.546400e+02
4.557200e+02
4.546300e+02
4.511200e+02
4.466100e+02
4.502000e+02
4.517000e+02
3.662000e+02
3.800400e+02
4.301000e+02
4.271200e+02
4.220300e+02
4.186100e+02
4.168300e+02
4.230600e+02
4.294800e+02
4.232600e+02
4.205500e+02
4.189800e+02
4.168500e+02
4.234600e+02
4.248500e+02
4.247300e+02
4.225600e+02
4.200700e+02
4.163700e+02
4.184900e+02
4.168900e+02
4.184700e+02
4.187200e+02
4.189600e+02
4.141800e+02
4.165400e+02
4.213700e+02
4.187300e+02
4.181800e+02
4.140900e+02
4.098300e+02
4.071500e+02
4.041800e+02
4.059400e+02
4.048400e+02
4.103800e+02
427
4.337500e+02
4.343600e+02
4.353900e+02
437
4.386600e+02
4.413000e+02
4.417900e+02
4.384300e+02
4.372700e+02
4.359600e+02
4.344800e+02
4.333300e+02
4.334600e+02
4.325300e+02
4.327600e+02
4.327300e+02
4.337600e+02
4.355000e+02
4.313400e+02
4.341500e+02
4.377500e+02
4.377100e+02
4.385400e+02
4.389100e+02
4.440800e+02
4.404300e+02
4.420700e+02
0
0
4.458500e+02
4.459400e+02
4.456500e+02
4.469200e+02
4.479800e+02
4.465900e+02
4.544700e+02
4.564400e+02
4.569400e+02
4.553600e+02
4.540300e+02
4.527200e+02
4.552000e+02
4.562700e+02
4.537500e+02
4.511400e+02
4.522200e+02
4.535700e+02
4.530600e+02
4.444400e+02
4.446500e+02
4.498400e+02
4.625100e+02
4.635600e+02
4.638100e+02
4.632300e+02
4.635600e+02
4.649300e+02
4.655300e+02
4.655100e+02
4.677300e+02
4.716000e+02
4.718300e+02
4.740700e+02
4.767500e+02
4.756600e+02
4.749300e+02
4.759800e+02
4.734500e+02
4.792200e+02
4.790100e+02
4.803900e+02
4.798400e+02
4.848900e+02
4.828800e+02
4.856000e+02
4.870100e+02
4.893100e+02
4.890300e+02
4.903500e+02
4.921500e+02
4.915500e+02
4.945000e+02
4.945000e+02
4.935000e+02
4.911700e+02
4.951000e+02
4.975300e+02
4.986700e+02
5.002500e+02
4.960900e+02
4.956900e+02
4.996500e+02
4.976300e+02
4.983000e+02
4.979000e+02
4.992800e+02
4.966900e+02
4.980300e+02
4.980300e+02
4.980300e+02
4.904100e+02
4.885400e+02
4.913500e+02
4.926900e+02
4.916000e+02
4.928900e+02
4.986000e+02
5.020900e+02
5.009100e+02
5.015400e+02
4.599200e+02
4.977900e+02
4.986800e+02
4.944100e+02
4.922600e+02
4.936800e+02
4.927100e+02
4.965200e+02
4.988000e+02
4.966800e+02
5.003200e+02
5.005000e+02
5.102700e+02
5.129100e+02
5.112800e+02
5.108800e+02
5.103700e+02
5.108200e+02
5.145300e+02
5.155700e+02
5.135900e+02
5.131200e+02
5.151000e+02
5.160200e+02
5.189500e+02
5.151000e+02
5.126500e+02
5.124400e+02
5.126500e+02
5.172500e+02
5.210200e+02
5.215600e+02
5.172700e+02
5.172200e+02
5.184700e+02
5.199800e+02
5.209400e+02
5.194800e+02
5.207800e+02
5.162500e+02
5.184800e+02
5.196600e+02
5.145800e+02
5.085000e+02
5.157200e+02
5.175600e+02
0
0
0
5.050900e+02
5.043800e+02
4.992500e+02
4.912300e+02
5.021400e+02
5.060600e+02
5.055300e+02
4.964500e+02
5.043200e+02
5.069700e+02
5.090700e+02
5.120900e+02
5.111800e+02
5.091300e+02
5.124100e+02
5.176900e+02
5.226000e+02
5.224900e+02
5.191400e+02
5.191400e+02
5.191400e+02
5.233400e+02
5.222500e+02
5.215400e+02
5.190700e+02
5.170500e+02
5.187800e+02
5.201600e+02
5.220500e+02
5.231000e+02
5.229000e+02
5.196600e+02
5.230600e+02
5.230600e+02
5.187400e+02
5.181000e+02
5.184500e+02
5.180100e+02
5.180100e+02
5.201100e+02
5.208300e+02
5.254000e+02
5.244700e+02
5.180700e+02
5.226700e+02
5.243600e+02
5.249300e+02
5.218600e+02
5.192600e+02
5.193000e+02
5.193000e+02
5.193000e+02
5.146300e+02
5.127800e+02
5.116500e+02
4.368600e+02
4.662700e+02
4.662700e+02
4.962700e+02
4.964800e+02
5.024200e+02
5.054800e+02
5.074400e+02
5.107200e+02
5.127600e+02
5.109200e+02
5.104100e+02
5.081600e+02
5.088900e+02
5.124700e+02
5.143000e+02
5.118400e+02
5.044700e+02
5.054400e+02
5.063100e+02
5.059600e+02
5.043300e+02
5.011800e+02
5.030300e+02
4.995500e+02
4.986300e+02
4.977600e+02
4.972400e+02
4.982000e+02
4.973800e+02
4.986000e+02
4.968000e+02
4.919100e+02
4.895900e+02
4.889000e+02
4.884800e+02
4.891600e+02
4.891600e+02
4.891600e+02
4.669500e+02
4.663000e+02
4.681200e+02
4.668700e+02
4.665200e+02
4.610700e+02
4.639600e+02
4.635700e+02
4.661400e+02
4.673400e+02
4.664700e+02
4.658400e+02
4.641200e+02
4.627300e+02
4.682100e+02
4.731700e+02
4.669100e+02
4.805900e+02
4.783600e+02
4.786200e+02
4.802700e+02
4.815100e+02
4.837900e+02
4.838800e+02
4.829500e+02
4.863200e+02
480
4.809600e+02
4.781800e+02
4.762200e+02
4.646100e+02
4.617600e+02
4.618600e+02
4.611500e+02
4.588600e+02
4.617400e+02
4.625400e+02
4.628800e+02
4.596800e+02
4.595300e+02
4.594200e+02
4.572500e+02
4.568700e+02
4.575300e+02
4.597400e+02
4.584200e+02
4.565100e+02
4.558600e+02
4.572200e+02
4.569400e+02
4.545600e+02
4.515100e+02
4.509700e+02
449
4.500900e+02
4.537300e+02
4.551800e+02
4.535600e+02
4.520400e+02
4.604100e+02
4.493900e+02
4.385800e+02
438
4.358000e+02
4.353100e+02
4.439300e+02
4.449200e+02
4.437800e+02
4.415200e+02
4.340500e+02
4.437800e+02
4.377800e+02
4.415200e+02
4.377800e+02
4.435300e+02
4.341700e+02
4.325400e+02
4.310200e+02
4.339500e+02
4.348000e+02
4.330900e+02
4.328500e+02
4.308500e+02
4.285300e+02
4.232700e+02
4.250600e+02
4.202504e+02
4.192527e+02
4.240100e+02
4.242600e+02
4.226100e+02
4.225200e+02
4.189200e+02
4.189200e+02
4.189200e+02
4.247200e+02
4.231500e+02
4.209600e+02
4.186100e+02
4.182000e+02
4.182000e+02
4.182000e+02
418
4.175800e+02
4.139800e+02
4.160300e+02
4.172500e+02
4.172500e+02
4.172500e+02
4.086200e+02
4.094700e+02
4.087800e+02
4.104900e+02
4.098200e+02
4.098200e+02
4.098200e+02
4.073500e+02
4.073500e+02
4.073500e+02
4.074100e+02
4.070700e+02
4.070700e+02
4.070700e+02
4.070700e+02
3.989800e+02
3.989800e+02
4.031000e+02
4.030600e+02
4.030600e+02
4.030600e+02
3.897500e+02
4.015900e+02
399
3.947700e+02
392
2.928000e+02
3.924800e+02
3.904500e+02
3.911200e+02
3.872800e+02
3.888700e+02
3.915700e+02
3.895400e+02
3.890100e+02
3.868100e+02
3.883100e+02
3.828000e+02
3.825100e+02
3.827100e+02
3.821600e+02
3.796700e+02
3.871600e+02
3.871600e+02
3.750400e+02
3.733600e+02
3.743600e+02
3.743600e+02
3.743600e+02
3.777800e+02
3.704200e+02
3.724800e+02
3.699800e+02
3.694700e+02
3.694700e+02
3.694700e+02
3.692500e+02
3.658500e+02
3.646700e+02
3.646700e+02
3.632900e+02
3.632900e+02
3.632900e+02
3.631500e+02
3.614700e+02
3.495100e+02
3.440900e+02
3.808700e+02
3.808700e+02
3.808700e+02
3.787200e+02
3.686900e+02
3.650600e+02
3.601800e+02
3.605100e+02
3.605100e+02
3.605100e+02
3.565100e+02
3.558900e+02
3.617300e+02
3.586900e+02
3.594900e+02
3.594900e+02
3.594900e+02
3.738900e+02
3.553200e+02
3.617700e+02
3.482800e+02
3.594600e+02
3.594600e+02
3.594600e+02
3.553200e+02
3.510700e+02
3.510700e+02
3.536400e+02
3.545900e+02
3.545900e+02
3.545900e+02
3.586700e+02
3.495700e+02
3.461800e+02
3.547800e+02
3.514800e+02
3.514800e+02
3.514800e+02
3.474900e+02
3.407900e+02
3.435200e+02
3.477700e+02
3.482300e+02
3.482300e+02
3.482300e+02
3.453600e+02
3.456000e+02
3.429900e+02
3.552800e+02
1.355300e+02
1.355300e+02
1.355300e+02
1.355300e+02
2.593300e+02
2.612300e+02
2.612100e+02
2.551300e+02
2.551300e+02
2.551300e+02
2.405900e+02
2.410300e+02
2.367200e+02
2.349300e+02
2.324500e+02
2.324500e+02
2.324500e+02
2.288400e+02
2.288400e+02
2.228000e+02
2.249100e+02
2.237700e+02
2.226300e+02
2.214900e+02
2.138000e+02
2.121500e+02
2.121500e+02
2.121500e+02
2.121500e+02
2.121500e+02
2.121500e+02
3.334200e+02
3.333900e+02
3.328400e+02
3.331200e+02
3.323800e+02
3.323800e+02
3.323800e+02
3.323800e+02
3.332900e+02
3.359000e+02
3.365800e+02
3.379600e+02
3.379600e+02
3.379600e+02
3.395000e+02
3.387500e+02
3.428000e+02
3.428000e+02
3.465900e+02
3.465900e+02
3.465900e+02
3.507100e+02
3.499300e+02
3.495200e+02
3.495200e+02
3.517000e+02
3.517000e+02
3.517000e+02
3.479900e+02
3.479900e+02
3.479900e+02
3.479900e+02
3.492700e+02
3.492700e+02
3.492700e+02
3.514900e+02
3.519800e+02
2.931400e+02
3.300500e+02
3.516300e+02
3.516300e+02
3.516300e+02
3.506500e+02
3.514600e+02
3.488100e+02
3.488100e+02
3.488100e+02
3.488100e+02
3.488100e+02
3.455900e+02
3.455900e+02
3.455900e+02
3.346100e+02
3.290400e+02
3.290400e+02
3.290400e+02
3.290400e+02
3.361600e+02
3.374400e+02
3.374400e+02
3.366000e+02
3.366000e+02
3.366000e+02
3.303600e+02
3.299300e+02
3.244900e+02
3.244900e+02
3.244900e+02
3.244900e+02
3.244900e+02
3.244900e+02
3.244900e+02
3.244900e+02
3.244900e+02
3.244900e+02
3.244900e+02
3.244900e+02
3.092800e+02
3.062500e+02
3.234900e+02
3.234900e+02
3.234900e+02
3.234900e+02
3.234900e+02
3.192300e+02
3.237000e+02
3.221000e+02
311
307
307
307
320
3.042100e+02
3.265900e+02
3.265900e+02
3.148400e+02
3.148400e+02
3.148400e+02
3.236800e+02
3.291300e+02
3.271600e+02
3.259000e+02
3.259900e+02
3.259900e+02
3.259900e+02
3.242100e+02
3.215900e+02
3.233400e+02
3.233400e+02
3.235900e+02
3.235900e+02
3.235900e+02
3.235900e+02
0
0
0
0
0
0
0
2.323500e+02
2.323500e+02
3.002800e+02
3.002800e+02
3.002800e+02
3.002800e+02
2.953300e+02
2.953300e+02
300
2.989600e+02
2.989600e+02
2.989600e+02
2.989600e+02
3.031100e+02
3.039200e+02
3.039200e+02
3.039200e+02
3.039200e+02
3.039200e+02
3.039200e+02
3.039200e+02
3.039200e+02
2.709800e+02
3.195100e+02
3.195100e+02
3.195100e+02
3.195100e+02
3.244000e+02
3.256600e+02
3.253800e+02
3.265700e+02
3.265700e+02
3.265700e+02
3.265700e+02
3.219500e+02
3.208400e+02
3.242800e+02
3.387900e+02
3.338400e+02
3.338400e+02
3.338400e+02
3.283600e+02
3.264900e+02
3.230500e+02
3.237700e+02
3.175700e+02
3.175700e+02
3.175700e+02
3.199100e+02
3.136600e+02
3.113000e+02
3.113000e+02
3.109600e+02
3.109600e+02
3.109600e+02
3.149000e+02
3.156200e+02
3.149400e+02
3.131500e+02
3.089900e+02
3.089900e+02
3.089900e+02
3.085700e+02
3.085600e+02
3.091300e+02
3.091800e+02
3.090400e+02
3.090400e+02
3.090400e+02
3.036200e+02
3.016700e+02
3.066400e+02
3.098000e+02
3.084100e+02
3.084100e+02
3.084100e+02
3.098800e+02
3.026400e+02
3.008800e+02
2.998000e+02
3.055400e+02
3.055400e+02
3.055400e+02
3.056500e+02
3.054000e+02
2.962400e+02
2.877000e+02
2.949000e+02
2.949000e+02
2.949000e+02
2.949000e+02
2.901400e+02
2.901400e+02
2.848000e+02
2.874900e+02
2.874900e+02
2.874900e+02
2.780600e+02
2.846400e+02
2.853100e+02
2.877500e+02
2.887500e+02
2.887500e+02
2.887500e+02
2.875400e+02
2.857600e+02
2.857600e+02
2.846900e+02
2.855200e+02
2.855200e+02
2.855200e+02
2.862000e+02
2.858600e+02
2.842900e+02
2.850600e+02
2.947200e+02
2.947200e+02
2.947200e+02
2.825900e+02
2.813300e+02
2.788000e+02
2.809700e+02
2.947400e+02
2.947400e+02
2.947400e+02
2.827400e+02
1.877700e+02
2.865500e+02
2.773700e+02
2.744200e+02
2.744200e+02
2.744200e+02
2.762100e+02
2.762100e+02
2.812900e+02
2.833100e+02
2.766200e+02
2.766200e+02
2.766200e+02
2.788400e+02
2.782100e+02
2.759100e+02
2.759910e+02
2.790400e+02
2.790400e+02
2.790400e+02
2.757700e+02
2.794400e+02
2.780600e+02
2.780600e+02
2.786700e+02
2.786700e+02
2.786700e+02
2.766800e+02
2.769400e+02
2.681100e+02
2.837200e+02
2.789900e+02
2.789900e+02
2.789900e+02
2.714700e+02
2.796900e+02
2.743100e+02
2.730500e+02
2.582400e+02
2.582400e+02
2.582400e+02
2.737000e+02
2.959900e+02
2.695000e+02
2.668800e+02
2.668800e+02
2.668800e+02
2.668800e+02
2.717500e+02
2.716000e+02
2.692600e+02
2.724300e+02
2.725800e+02
2.725800e+02
2.725800e+02
2.756400e+02
2.730300e+02
2.699300e+02
2.703400e+02
2.686800e+02
2.686800e+02
2.686800e+02
2.726400e+02
2.321900e+02
2.529700e+02
2.766200e+02
2.777100e+02
2.777100e+02
2.777100e+02
2.684900e+02
2.684900e+02
2.684900e+02
2.684900e+02
2.678700e+02
2.678700e+02
2.678700e+02
2.654800e+02
2.654800e+02
2.690900e+02
2.690900e+02
2.663300e+02
2.663300e+02
2.663300e+02
2.666300e+02
2.666300e+02
2.676200e+02
2.676200e+02
2.730700e+02
2.730700e+02
2.730700e+02
2.674600e+02
2.674600e+02
2.674600e+02
2.674600e+02
2.653200e+02
2.653200e+02
2.653200e+02
2.621900e+02
2.621900e+02
2.636300e+02
2.636300e+02
2.603100e+02
2.603100e+02
2.603100e+02
2.631500e+02
2.631500e+02
2.631500e+02
2.631500e+02
2.588500e+02
2.588500e+02
2.588500e+02
2.545300e+02
2.545300e+02
2.619200e+02
2.619200e+02
2.619200e+02
2.619200e+02
2.619200e+02
2.516000e+02
2.516000e+02
1.960300e+02
1.960300e+02
2.699400e+02
2.699400e+02
2.699400e+02
2.699400e+02
2.699400e+02
2.531500e+02
2.531500e+02
2.418000e+02
2.418000e+02
2.418000e+02
2.448800e+02
2.448800e+02
2.466200e+02
2.466200e+02
2.525800e+02
2.525800e+02
2.525800e+02
2.513300e+02
2.513300e+02
2.415400e+02
2.415400e+02
2.447800e+02
2.447800e+02
2.447800e+02
2.438600e+02
2.438600e+02
2.461000e+02
2.461000e+02
2.495500e+02
2.495500e+02
2.495500e+02
2.524800e+02
2.524800e+02
2.572800e+02
2.572800e+02
2.506200e+02
2.506200e+02
2.506200e+02
2.449900e+02
2.449900e+02
2.501500e+02
2.501500e+02
2.501500e+02
2.501500e+02
2.501500e+02
2.339100e+02
2.339100e+02
2.358700e+02
2.358700e+02
2.358700e+02
2.358700e+02
2.358700e+02
239
239
239
239
2.352200e+02
2.352200e+02
2.352200e+02
2.352200e+02
2.352200e+02
2.196500e+02
2.196500e+02
2.196500e+02
2.196500e+02
2.196500e+02
2.196500e+02
2.196500e+02
2.019000e+02
2.019000e+02
2.019000e+02
2.019000e+02
2.019000e+02
2.019000e+02
2.019000e+02
2.019000e+02
2.019000e+02
2.019000e+02
2.019000e+02
2.019000e+02
2.019000e+02
2.019000e+02
2.019000e+02
2.019000e+02
2.019000e+02
2.019000e+02
2.019000e+02
2.019000e+02
2.019000e+02
2.019000e+02
2.019000e+02
2.019000e+02
2.019000e+02
2.019000e+02
2.024500e+02
2.024500e+02
2.158200e+02
2.158200e+02
2.147400e+02
2.147400e+02
2.147400e+02
2.147400e+02
2.147400e+02
2.147400e+02
2.147400e+02
1.985500e+02
1.985500e+02
1.985500e+02
1.935200e+02
1.935200e+02
1.922600e+02
1.922600e+02
1.900100e+02
1.900100e+02
1.900100e+02
1.889800e+02
1.889800e+02
1.889800e+02
1.889800e+02
1.689600e+02
1.689600e+02
1.689600e+02
1.660400e+02
1.660400e+02
1.663400e+02
1.663400e+02
1.636600e+02
1.636600e+02
1.636600e+02
1.636600e+02
1.636600e+02
1.636600e+02
1.636600e+02
1.636600e+02
1.636600e+02
1.636600e+02
1.636600e+02
1.636600e+02
1.636600e+02
1.636600e+02
1.478400e+02
1.478400e+02
1.478400e+02
1.435100e+02
1.435100e+02
1.420500e+02
1.420500e+02
1.397900e+02
1.354400e+02
1.354400e+02
1.354400e+02
1.354400e+02
1.354400e+02
1.354400e+02
1.354400e+02
1.354400e+02
1.354400e+02
1.354400e+02
1.354400e+02
1.336600e+02
1.336600e+02
1.306600e+02
1.306600e+02
1.306600e+02
1.306600e+02
1.306600e+02
1.265000e+02
1.265000e+02
1.269700e+02
1.269700e+02
1.269700e+02
1.260600e+02
1.260600e+02
1.222600e+02
1.222600e+02
1.228700e+02
1.228700e+02
1.228700e+02
1.225000e+02
1.225000e+02
1.222000e+02
1.222000e+02
1.224900e+02
1.224900e+02
1.224900e+02
1.224900e+02
1.224900e+02
1.224300e+02
1.224300e+02
1.215700e+02
1.215700e+02
1.215700e+02
1.213900e+02
1.213900e+02
1.212100e+02
1.212100e+02
1.189500e+02
1.189500e+02
1.189500e+02
1.189500e+02
1.189500e+02
1.181900e+02
1.181900e+02
1.173500e+02
1.173500e+02
1.173500e+02
1.160600e+02
1.160600e+02
1.157500e+02
1.157500e+02
1.160100e+02
1.160100e+02
1.160100e+02
1.160100e+02
1.160100e+02
1.160100e+02
1.160100e+02
1.160100e+02
1.160100e+02
1.160100e+02
1.143300e+02
1.143300e+02
1.141700e+02
1.141700e+02
1.132400e+02
1.132400e+02
1.132400e+02
1.132400e+02
1.132400e+02
1.132400e+02
1.132400e+02
1.212600e+02
1.212600e+02
1.212600e+02
1.201400e+02
1.201400e+02
1.201400e+02
1.201400e+02
1.201400e+02
1.201400e+02
1.201400e+02
1.201400e+02
1.201400e+02
1.201400e+02
1.181800e+02
1.173600e+02
1.173600e+02
1.173600e+02
1.159500e+02
1.159500e+02
1.157800e+02
1.157800e+02
1.153600e+02
1.153600e+02
1.153600e+02
1.153600e+02
1.153600e+02
1.149300e+02
1.149300e+02
1.158500e+02
1.158500e+02
1.158500e+02
1.168800e+02
1.168800e+02
1.168800e+02
1.168800e+02
1.165300e+02
1.165300e+02
1.165300e+02
1.165300e+02
1.165300e+02
1.158000e+02
1.158000e+02
1.166100e+02
1.166100e+02
1.166100e+02
1.165100e+02
1.165100e+02
1.156000e+02
1.156000e+02
1.168500e+02
1.168500e+02
1.168500e+02
1.168500e+02
1.168500e+02
1.163800e+02
1.163800e+02
1.163800e+02
1.163800e+02
1.163800e+02
1.165000e+02
1.165000e+02
1.165000e+02
1.165000e+02
1.149000e+02
1.149000e+02
1.149000e+02
1.149000e+02
1.149000e+02
1.163000e+02
1.163000e+02
1.163000e+02
1.163000e+02
1.163000e+02
1.163000e+02
1.163000e+02
1.153900e+02
1.153900e+02
1.146700e+02
1.146700e+02
1.146700e+02
1.146700e+02
1.146700e+02
1.163200e+02
1.163200e+02
1.173600e+02
1.173600e+02
1.173600e+02
1.173600e+02
1.173600e+02
1.158000e+02
1.158000e+02
1.158000e+02
1.158000e+02
1.158000e+02
1.164300e+02
1.164300e+02
1.168000e+02
1.168000e+02
1.139900e+02
1.139900e+02
1.139900e+02
1.139900e+02
1.139900e+02
1.139900e+02
1.139900e+02
1.149300e+02
1.149300e+02
1.149300e+02
1.149300e+02
1.149300e+02
1.159500e+02
1.159500e+02
1.156900e+02
1.156900e+02
1.156900e+02
1.149600e+02
1.149600e+02
1.149600e+02
1.149600e+02
1.149600e+02
1.149600e+02
1.149600e+02
1.149600e+02
1.149600e+02
1.149600e+02
1.130200e+02
1.690200e+02
1.690200e+02
1.690200e+02
1.690200e+02
1.690200e+02
1.690200e+02
1.690200e+02
1.135900e+02
1.135900e+02
1.135900e+02
1.135900e+02
1.135900e+02
1.162700e+02
1.162700e+02
1.169100e+02
1.169100e+02
1.169100e+02
1.168200e+02
1.168200e+02
1.151500e+02
1.151500e+02
1.136000e+02
1.136000e+02
1.136000e+02
1.136000e+02
1.136000e+02
1.160400e+02
1.160400e+02
1.157300e+02
1.157300e+02
1.157300e+02
1.161700e+02
1.161700e+02
1.147200e+02
1.147200e+02
1.122600e+02
1.122600e+02
1.122600e+02
1.122600e+02
1.122600e+02
2.294600e+02
2.294600e+02
1.146400e+02
1.146400e+02
1.146400e+02
1.146400e+02
1.146400e+02
1.139000e+02
1.139000e+02
1.139000e+02
1.139000e+02
1.139000e+02
1.139000e+02
1.139000e+02
1.152800e+02
1.152800e+02
1.156400e+02
1.156400e+02
1.156400e+02
2.291600e+02
2.291600e+02
2.291600e+02
2.291600e+02
2.291600e+02
2.291600e+02
2.291600e+02
2.291600e+02
2.291600e+02
2.291600e+02
2.291600e+02
2.291600e+02
2.291600e+02
2.291600e+02
2.291600e+02
2.291600e+02
2.291600e+02
2.291600e+02
2.291600e+02
2.291600e+02
2.291600e+02
2.291600e+02
2.291600e+02
2.291600e+02
1.153100e+02
1.153100e+02
1.153100e+02
1.153100e+02
1.153100e+02
1.153100e+02
1.153100e+02
1.153100e+02
1.153100e+02
1.153100e+02
1.153100e+02
1.153100e+02
1.327000e+02
1.327000e+02
1.327000e+02
1.327000e+02
1.327000e+02
1.327000e+02
1.327000e+02
1.327000e+02
1.357900e+02
1.357900e+02
1.357900e+02
1.357900e+02
1.357900e+02
1.357900e+02
1.357900e+02
1.370900e+02
1.370900e+02
1.375000e+02
1.375000e+02
1.375000e+02
1.364900e+02
1.364900e+02
1.329700e+02
1.329700e+02
1.347800e+02
1.347800e+02
1.347800e+02
1.347800e+02
1.347800e+02
1.347300e+02
1.347300e+02
1.362200e+02
1.362200e+02
1.362200e+02
1.382100e+02
1.382100e+02
1.382100e+02
1.382100e+02
1.466700e+02
1.466700e+02
1.466700e+02
1.466700e+02
1.466700e+02
1.283500e+02
1.283500e+02
1.283500e+02
1.283500e+02
1.283500e+02
1.355400e+02
1.355400e+02
1.377800e+02
1.377800e+02
1.377800e+02
1.377800e+02
1.377800e+02
1.377800e+02
1.377800e+02
1.520600e+02
1.520600e+02
1.543200e+02
1.543200e+02
1.543200e+02
1.653400e+02
1.653400e+02
1.680400e+02
1.680400e+02
1.680400e+02
1.680400e+02
1.680400e+02
1.680400e+02
1.680400e+02
1.589000e+02
1.589000e+02
1.644500e+02
1.644500e+02
1.644500e+02
1.640400e+02
1.640400e+02
1.669100e+02
1.669100e+02
1.669100e+02
1.669100e+02
1.669100e+02
1.724700e+02
1.724700e+02
1.668800e+02
1.668800e+02
1.668800e+02
1.668800e+02
1.668800e+02
1.570100e+02
1.570100e+02
1.567200e+02
1.567200e+02
1.573500e+02
1.573500e+02
1.573500e+02
1.550900e+02
1.550900e+02
1.550900e+02
1.550900e+02
1.521100e+02
1.521100e+02
1.521100e+02
1.531000e+02
1.531000e+02
1.520800e+02
1.520800e+02
1.573500e+02
1.573500e+02
1.573500e+02
1.573500e+02
1.573500e+02
1.579800e+02
1.579800e+02
1.541300e+02
1.541300e+02
1.541300e+02
1.522400e+02
1.522400e+02
1.525100e+02
1.525100e+02
1.517800e+02
1.517800e+02
1.517800e+02
1.517800e+02
1.517800e+02
1.525600e+02
1.525600e+02
1.526600e+02
1.526600e+02
1.526600e+02
1.519700e+02
1.519700e+02
1.505800e+02
1.505800e+02
1.522200e+02
1.522200e+02
1.522200e+02
1.522200e+02
1.522200e+02
1.522200e+02
1.522200e+02
1.481300e+02
1.481300e+02
1.481300e+02
1.488400e+02
1.488400e+02
1.482100e+02
1.482100e+02
1.490700e+02
1.490700e+02
1.490700e+02
1.490700e+02
1.490700e+02
1.492300e+02
1.492300e+02
1.492300e+02
1.492300e+02
1.492300e+02
1.492300e+02
1.492300e+02
1.479700e+02
1.479700e+02
1.473100e+02
1.473100e+02
1.473100e+02
1.473100e+02
1.473100e+02
1.279600e+02
1.279600e+02
1.261400e+02
1.261400e+02
1.261400e+02
1.238900e+02
1.238900e+02
123
123
1.230600e+02
1.230600e+02
1.230600e+02
1.230600e+02
1.230600e+02
1.216700e+02
1.216700e+02
1.216700e+02
1.216700e+02
1.216700e+02
1.217200e+02
1.217200e+02
1.226000e+02
1.220600e+02
1.220600e+02
1.220600e+02
1.220600e+02
1.220600e+02
1.220600e+02
1.241800e+02
1.241800e+02
1.236300e+02
1.236300e+02
1.236300e+02
1.241300e+02
1.241300e+02
1.241300e+02
1.232300e+02
1.221400e+02
1.221400e+02
1.221400e+02
1.221600e+02
1.221600e+02
1.232000e+02
1.232000e+02
1.214600e+02
1.214600e+02
1.214600e+02
1.209600e+02
1.209600e+02
1.214000e+02
1.214000e+02
1.425200e+02
1.425200e+02
1.425200e+02
1.405800e+02
1.405800e+02
1.364500e+02
1.364500e+02
1.364500e+02
1.364500e+02
1.364500e+02
1.352700e+02
1.352700e+02
1.362900e+02
1.362900e+02
1.362900e+02
1.362900e+02
1.362900e+02
1.356200e+02
1.356200e+02
1.424800e+02
1.424800e+02
1.496100e+02
1.496100e+02
1.496100e+02
1.560100e+02
1.560100e+02
1.560100e+02
1.560100e+02
1.600300e+02
1.600300e+02
1.600300e+02
1.600300e+02
1.600300e+02
1.591600e+02
1.591600e+02
1.606900e+02
1.606900e+02
1.606900e+02
1.314900e+02
1.314900e+02
1.326400e+02
1.326400e+02
1.326400e+02
1.326400e+02
1.326400e+02
1.326400e+02
1.326400e+02
1.614400e+02
1.614400e+02
1.614400e+02
1.614400e+02
1.614400e+02
1.710300e+02
1.710300e+02
1.649100e+02
1.649100e+02
1.649100e+02
1.649100e+02
1.649100e+02
1.649100e+02
1.649100e+02
1.626800e+02
1.626800e+02
1.583000e+02
1.583000e+02
1.583000e+02
1.616700e+02
1.616700e+02
1.592000e+02
1.592000e+02
1.628000e+02
1.628000e+02
1.628000e+02
2.698200e+02
2.698200e+02
2.698200e+02
2.698200e+02
2.698200e+02
2.698200e+02
2.698200e+02
2.698200e+02
2.698200e+02
2.698200e+02
2.698200e+02
2.698200e+02
2.698200e+02
2.698200e+02
2.698200e+02
2.698200e+02
2.698200e+02
2.698200e+02
2.698200e+02
2.698200e+02
2.698200e+02
2.698200e+02
2.698200e+02
2.698200e+02
2.698200e+02
2.698200e+02
2.698200e+02
2.698200e+02
2.698200e+02
2.698200e+02
2.698200e+02
2.698200e+02
2.698200e+02
2.698200e+02
2.698200e+02
2.698200e+02
2.698200e+02
2.698200e+02
2.698200e+02
2.698200e+02
2.698200e+02
2.698200e+02
2.698200e+02
2.698200e+02
0
0
0
0
0
0
0
0
0
0
0
0
0
0
0
0
0
0
0
0
0
0
0
0
0
0
0
0
0
0
0
0
0
0
0
0
0
0
0
0
0
0
0
0
0
0
0
0
0
0
0
0
0
0
0
0
0
0
0
0
0
0
0
0
0
0
0
0
0
0
0
0
0
0
0
0
0
0
0
0
0
0
0
0
0
0
0
0
0
0
0
0
0
0
0
0
0
0
0
0
0
0
0
0
0
0
0
0
0
0
0
0
0
0
0
0
0
0
0
0
0
0
0
0
0
0
0
0
0
0
0
0
0
0
0
0
0
0
0
0
0
0
0
0
0
0
0
0
0
0
0
0
0
0
0
0
0
0
0
0
0
0
0
0
0
0
0
0
0
0
0
0
0
0
0
0
0
0
0
0
0
0
0
0
0
0
0
0
0
0
0
0
0
0
0
0
0
0
0
0
0
0
0
9.392000e+01
9.392000e+01
1.186200e+02
1.186200e+02
1.186200e+02
1.158400e+02
1.158400e+02
1.165000e+02
1.165000e+02
1.150300e+02
1.150300e+02
1.150300e+02
1.164800e+02
1.164800e+02
1.164800e+02
1.164800e+02
1.174300e+02
1.174300e+02
1.174300e+02
1.168900e+02
1.168900e+02
1.168900e+02
1.168900e+02
1.162600e+02
1.162600e+02
1.162600e+02
1.162600e+02
1.162600e+02
1.166500e+02
1.166500e+02
1.197900e+02
1.197900e+02
1.197900e+02
1.297000e+02
1.297000e+02
1.274100e+02
1.274100e+02
1.279500e+02
1.279500e+02
1.279500e+02
1.279500e+02
1.279500e+02
1.279500e+02
1.279500e+02
1.335300e+02
1.335300e+02
1.335300e+02
1.335300e+02
1.335300e+02
1.371500e+02
1.371500e+02
1.390300e+02
1.390300e+02
1.390300e+02
1.390300e+02
1.390300e+02
1.390300e+02
1.390300e+02
1.390300e+02
1.390300e+02
1.390300e+02
1.390300e+02
1.390300e+02
1.426700e+02
1.426700e+02
1.447500e+02
1.447500e+02
1.447500e+02
1.482200e+02
1.482200e+02
1.482200e+02
1.482200e+02
1.534200e+02
1.534200e+02
1.534200e+02
1.549600e+02
1.549600e+02
1.600100e+02
1.600100e+02
1.528200e+02
1.528200e+02
1.528200e+02
1.528200e+02
1.528200e+02
1.538400e+02
1.538400e+02
1.588600e+02
1.588600e+02
1.588600e+02
1.660500e+02
1.660500e+02
1.615600e+02
1.615600e+02
1.615600e+02
1.615600e+02
1.615600e+02
1.644900e+02
1.644900e+02
162
162
162
162
162
162
162
1.681800e+02
1.681800e+02
1.681800e+02
1.681800e+02
1.681800e+02
1.681800e+02
1.681800e+02
1.681800e+02
1.681800e+02
1.706400e+02
1.706400e+02
1.706400e+02
1.706400e+02
1.706400e+02
1.706400e+02
1.706400e+02
1.732400e+02
1.732400e+02
1.732400e+02
1.797200e+02
1.797200e+02
1.797200e+02
1.797200e+02
1.797200e+02
1.797200e+02
1.797200e+02
1.797200e+02
1.797200e+02
1.790600e+02
1.790600e+02
1.790600e+02
1.790600e+02
1.790600e+02
1.790600e+02
1.790600e+02
177
177
177
177
177
1.886800e+02
1.886800e+02
1.797100e+02
1.797100e+02
1.780100e+02
1.780100e+02
1.780100e+02
1.825200e+02
1.825200e+02
1.825200e+02
1.825200e+02
1.825200e+02
1.825200e+02
1.825200e+02
1.801100e+02
1.801100e+02
1.801100e+02
1.801100e+02
1.838800e+02
1.838800e+02
1.838800e+02
1.663700e+02
1.663700e+02
1.657100e+02
1.657100e+02
1.657100e+02
1.657100e+02
1.657100e+02
1.737700e+02
1.737700e+02
1.682700e+02
1.682700e+02
1.690700e+02
1.690700e+02
1.690700e+02
1.667200e+02
1.667200e+02
1.681900e+02
1.681900e+02
1.673000e+02
1.673000e+02
1.673000e+02
1.697500e+02
1.697500e+02
1.649400e+02
1.649400e+02
1.644500e+02
1.644500e+02
1.644500e+02
1.274600e+02
1.274600e+02
1.248300e+02
1.248300e+02
1.214800e+02
1.214800e+02
1.214800e+02
1.214800e+02
1.214800e+02
1.214800e+02
1.214800e+02
1.214800e+02
1.214800e+02
1.214800e+02
1.181800e+02
1.181800e+02
1.172400e+02
1.172400e+02
1.172400e+02
1.172400e+02
1.172400e+02
1.177300e+02
1.177300e+02
1.179700e+02
1.179700e+02
1.174200e+02
1.174200e+02
1.174200e+02
1.168300e+02
1.168300e+02
1.154700e+02
1.154700e+02
1.161300e+02
1.161300e+02
1.161300e+02
1.170300e+02
1.170300e+02
1.160400e+02
1.160400e+02
1.160400e+02
