0
0
0
0
0
0
0
0
0
0
0
0
0
0
0
0
0
0
0
0
0
0
0
0
0
0
0
0
0
0
0
0
0
0
0
0
0
0
0
0
0
0
0
0
0
0
0
0
0
0
0
0
0
0
0
0
0
0
0
0
0
0
0
0
0
0
0
0
0
0
0
0
0
0
0
0
0
0
0
0
0
0
0
0
0
0
0
0
0
0
0
0
0
0
0
0
0
0
0
0
0
0
0
0
0
0
0
0
0
0
0
0
0
0
0
0
0
0
0
0
0
0
0
0
0
0
0
0
0
0
0
0
0
0
0
0
0
0
0
0
0
0
0
0
0
0
0
0
0
0
0
0
0
0
0
0
0
0
0
0
0
0
0
0
0
0
0
0
0
0
0
0
0
0
0
0
0
0
0
0
0
0
0
0
0
0
0
0
0
0
0
0
0
0
0
0
0
0
0
0
0
0
0
0
0
0
0
0
0
0
0
0
0
0
0
0
0
0
0
0
0
0
0
0
0
0
0
0
0
0
0
0
0
0
0
0
0
0
0
0
0
0
0
0
0
0
0
0
0
0
0
0
0
0
0
0
0
0
0
0
0
0
0
0
0
0
0
0
0
0
0
0
0
0
0
0
0
0
0
0
0
0
0
0
0
0
0
0
0
0
0
0
0
0
0
0
0
0
0
0
0
0
0
0
0
0
0
0
0
0
0
0
0
0
0
0
0
0
0
0
0
0
0
0
0
0
0
0
0
0
0
0
0
0
0
0
0
0
0
0
0
0
0
0
0
0
0
0
0
0
0
0
0
0
0
0
0
0
0
0
0
0
0
0
0
0
0
0
0
0
0
0
0
0
0
0
0
0
0
0
0
0
0
0
0
0
0
0
0
0
0
0
0
0
0
0
0
0
0
0
0
0
0
0
0
0
0
0
0
0
0
0
0
0
0
0
0
0
0
0
0
0
0
0
0
0
0
0
0
0
0
0
0
0
0
0
0
0
0
0
0
0
0
0
0
0
0
0
0
0
0
0
0
0
0
0
0
0
0
0
0
0
0
0
0
0
0
0
0
0
0
0
0
0
0
0
0
0
0
0
0
0
0
0
0
0
0
0
0
0
0
0
0
0
0
0
0
0
0
0
0
0
0
0
0
0
0
0
0
0
0
0
0
0
0
0
0
0
0
0
0
0
0
0
0
0
0
0
0
0
0
0
0
0
0
0
0
0
0
0
0
0
0
0
0
0
0
0
0
0
0
0
0
0
0
0
0
0
0
0
0
0
0
0
0
0
0
0
0
0
0
0
0
0
0
0
0
0
0
0
0
0
0
0
0
0
0
0
0
0
0
0
0
0
0
0
0
0
0
0
0
0
0
0
0
0
0
0
0
0
0
0
0
0
0
0
0
0
0
0
0
0
0
0
0
0
0
0
0
0
0
0
0
0
0
0
0
0
0
0
0
0
0
0
0
0
0
0
0
0
0
0
0
0
0
0
0
0
0
0
0
0
0
0
0
0
0
0
0
0
0
0
0
0
0
0
0
0
0
0
0
0
0
0
0
0
0
0
0
0
0
0
0
0
0
0
0
0
0
0
0
0
0
0
0
0
0
0
0
0
0
0
0
0
0
0
0
0
0
0
0
0
0
0
0
0
0
0
0
0
0
0
0
0
0
0
0
0
0
0
0
0
0
0
0
0
0
0
0
0
0
0
0
0
0
0
0
0
0
0
0
0
0
0
0
0
0
0
0
0
0
0
0
0
0
0
0
0
0
0
0
0
0
0
0
0
0
0
0
0
0
0
0
0
0
0
0
0
0
0
0
0
0
0
0
0
0
0
0
0
0
0
0
0
0
0
0
0
0
0
0
0
0
0
0
0
0
0
0
0
0
0
0
0
0
0
0
0
0
0
0
0
0
0
0
0
0
0
0
0
0
0
0
0
0
0
0
0
0
0
0
0
0
0
0
0
0
0
0
0
0
0
0
0
0
0
0
0
0
0
0
0
0
0
0
0
0
0
0
0
0
0
0
0
0
0
0
0
0
0
0
0
0
0
0
0
0
0
0
0
0
0
0
0
0
0
0
0
0
0
0
0
0
0
0
0
0
0
0
0
0
0
0
0
0
0
0
0
0
0
0
0
0
0
0
0
0
0
0
0
0
0
0
0
0
0
0
0
0
0
0
0
0
0
0
0
0
0
0
0
0
0
0
0
0
0
0
0
0
0
0
0
0
0
0
0
0
0
0
0
0
0
0
0
0
0
0
0
0
0
0
0
0
0
0
0
0
0
0
0
0
0
0
0
0
0
0
0
0
0
0
0
0
0
0
0
0
0
0
0
0
0
0
0
0
0
0
0
0
0
0
0
0
0
0
0
0
0
0
0
0
0
0
0
0
0
0
0
0
0
0
0
0
0
0
0
0
0
0
0
0
0
0
0
0
0
0
0
0
0
0
0
0
0
0
0
0
0
0
0
0
0
0
0
0
0
0
0
0
0
0
0
0
0
0
0
0
0
0
0
0
0
0
0
0
0
0
0
0
0
0
0
0
0
0
0
0
0
0
0
0
0
0
0
0
0
0
0
0
0
0
0
0
0
0
0
0
0
0
0
0
0
0
0
0
0
0
0
0
0
0
0
0
0
0
0
0
0
0
0
0
0
0
0
0
0
0
0
0
0
0
0
0
0
0
0
0
0
0
0
0
0
0
0
0
0
0
0
0
0
0
0
0
0
0
0
0
0
0
0
0
0
0
0
0
0
0
0
0
0
0
0
0
0
0
0
0
0
0
0
0
0
0
0
0
0
0
0
0
0
0
0
0
0
0
0
0
0
0
0
0
0
0
0
0
0
0
0
0
0
0
0
0
0
0
0
0
0
0
0
0
0
0
0
0
0
0
0
0
0
0
0
0
0
0
0
0
0
0
0
0
0
0
0
0
0
0
0
0
0
0
0
0
0
0
0
0
0
0
0
0
0
0
0
0
0
0
0
0
0
0
0
0
0
0
0
0
0
0
0
0
0
0
0
0
0
0
0
0
0
0
0
0
0
0
0
0
0
0
0
0
0
0
0
0
0
0
0
0
0
0
0
0
0
0
0
0
0
0
0
0
0
0
0
0
0
0
0
0
0
0
0
0
0
0
0
0
0
0
0
0
0
0
0
0
0
0
0
0
0
0
0
0
0
0
0
0
0
0
0
0
0
0
0
0
0
0
0
0
0
0
0
0
0
0
0
0
0
0
0
0
0
0
0
0
0
0
0
0
0
0
0
0
0
0
0
0
0
0
0
0
0
0
0
0
0
0
0
0
0
0
0
0
0
0
0
0
0
0
0
0
0
0
0
0
0
0
0
0
0
0
0
0
0
0
0
0
0
0
0
0
0
5.086000e+01
5.086000e+01
1.010300e+02
6.677000e+01
5.593000e+01
5.593000e+01
5.593000e+01
1.158000e+02
1.393000e+01
1.456500e+02
1.512600e+02
1.458600e+02
1.458600e+02
1.458600e+02
1.333400e+02
3.524200e+02
638
7.705700e+02
8.040900e+02
8.040900e+02
8.040900e+02
9.549800e+02
9.615800e+02
9.988700e+02
1.024500e+03
1.164950e+03
1.164950e+03
1.164950e+03
1.172020e+03
1.167780e+03
1.151010e+03
1.203540e+03
1.203540e+03
1.203540e+03
1.203540e+03
1.259710e+03
1.247670e+03
1.297120e+03
1.424520e+03
1.424520e+03
1.424520e+03
1.424520e+03
1.472220e+03
1.472220e+03
1.457480e+03
1.514910e+03
1.558500e+03
1.558500e+03
1.558500e+03
1.591620e+03
1.607250e+03
1.641550e+03
1.648940e+03
1.648060e+03
1.648060e+03
1.648060e+03
1.450330e+03
1.450330e+03
1.450330e+03
1.450330e+03
1.674450e+03
1.674450e+03
1.674450e+03
1.668280e+03
1.668280e+03
1.655570e+03
1.655570e+03
1.662980e+03
1.662980e+03
1.662980e+03
1.661380e+03
1.661380e+03
1.785970e+03
1.785970e+03
1.876430e+03
1.876430e+03
1.876430e+03
1.849840e+03
1.849840e+03
1.849840e+03
1.849840e+03
1.885340e+03
1.885340e+03
1.885340e+03
1.904590e+03
1.904590e+03
1.931090e+03
1.931090e+03
1.948150e+03
1.948150e+03
1.948150e+03
1.939660e+03
1.939660e+03
1.939660e+03
1.939660e+03
1.926880e+03
1.926880e+03
1.926880e+03
1.944420e+03
1.944420e+03
1.976740e+03
1.976740e+03
1.976740e+03
1.976740e+03
1.976740e+03
2.014470e+03
2.014470e+03
1.997990e+03
1.997990e+03
1.976970e+03
1.976970e+03
1.976970e+03
1.976970e+03
1.976970e+03
1.913540e+03
1.913540e+03
1.941620e+03
1.941620e+03
1.941620e+03
1.956600e+03
1.956600e+03
1.984960e+03
1.984960e+03
2.021870e+03
2.021870e+03
2.021870e+03
9.904600e+02
9.904600e+02
2.084090e+03
2.084090e+03
2.175680e+03
2.175680e+03
2.175680e+03
2.212350e+03
2.212350e+03
2.238680e+03
2.238680e+03
2.358450e+03
2.358450e+03
2.358450e+03
2.361700e+03
2.361700e+03
2.343510e+03
2.343510e+03
2.367740e+03
2.367740e+03
2.367740e+03
2.405450e+03
2.405450e+03
2.431540e+03
2.431540e+03
2.431540e+03
2.431540e+03
2.431540e+03
2.500060e+03
2.500060e+03
2.510340e+03
2.510340e+03
2.510340e+03
2.510340e+03
2.510340e+03
2.400960e+03
2.400960e+03
2.400960e+03
2.400960e+03
2.299110e+03
2.299110e+03
2.299110e+03
2.299110e+03
2.299110e+03
2.271870e+03
2.271870e+03
2.271870e+03
2.271870e+03
2.271870e+03
2.271870e+03
2.271870e+03
2.078040e+03
2.078040e+03
2.078040e+03
2.078040e+03
2.078040e+03
2164
2164
2.162990e+03
2.162990e+03
2.157040e+03
2.157040e+03
2.157040e+03
2.148130e+03
2.148130e+03
2.152410e+03
2.152410e+03
2.127240e+03
2.127240e+03
2.127240e+03
2.146970e+03
2.146970e+03
2.134090e+03
2.134090e+03
2.134090e+03
2.134090e+03
2.134090e+03
2.126050e+03
2.126050e+03
2.126780e+03
2.126780e+03
2.119490e+03
2.119490e+03
2.119490e+03
2.119490e+03
2.119490e+03
2.119490e+03
2.119490e+03
2.091690e+03
2.091690e+03
2.091690e+03
2.088750e+03
2.088750e+03
2.089820e+03
2.089820e+03
2.086000e+01
2.074260e+03
2.074260e+03
2.074260e+03
2.074260e+03
2.074260e+03
2.074260e+03
2.059690e+03
2.059690e+03
2.059690e+03
2.046860e+03
2.046860e+03
2.044040e+03
2.044040e+03
1.044140e+03
1.044140e+03
1.044140e+03
2.051790e+03
2.051790e+03
2.051790e+03
2.051790e+03
2.051790e+03
2.051790e+03
2.051790e+03
2.051790e+03
2.051790e+03
2.051790e+03
2.051790e+03
1.092550e+03
1.092550e+03
1.092550e+03
1.055530e+03
1.055530e+03
1.706080e+03
1.706080e+03
1.706080e+03
1.923130e+03
0
0
0
0
0
0
0
0
0
0
2.251910e+03
2.251910e+03
2162
2162
2162
2162
2162
2.006980e+03
2.006980e+03
2.107220e+03
2.107220e+03
2.107220e+03
2047
2047
1.936190e+03
1.936190e+03
1.947620e+03
1.947620e+03
1.947620e+03
1.925660e+03
1.925660e+03
1.912700e+03
1.912700e+03
1.918810e+03
1.918810e+03
1.918810e+03
1.918810e+03
1.918810e+03
1.867880e+03
1.867880e+03
1.859370e+03
1.859370e+03
1.859370e+03
1.826920e+03
1.826920e+03
1.790850e+03
1.790850e+03
1.760430e+03
1.760430e+03
1.760430e+03
1.760430e+03
1.760430e+03
1.759450e+03
1.759450e+03
1.756920e+03
1.756920e+03
1.756920e+03
1.748530e+03
1.748530e+03
1.740670e+03
1.740670e+03
1.756910e+03
1.756910e+03
1.756910e+03
1.756910e+03
1.756910e+03
1.756910e+03
1.756910e+03
1.756910e+03
1.756910e+03
1.756910e+03
1.676410e+03
1.676410e+03
1.606200e+03
1.606200e+03
1.671450e+03
1.671450e+03
1.671450e+03
1.671450e+03
1.671450e+03
1.671450e+03
1.671450e+03
1.632440e+03
1.632440e+03
1.632440e+03
1.631250e+03
1.631250e+03
1.631250e+03
1.631250e+03
1.631250e+03
1.631250e+03
1.631250e+03
1.631250e+03
1.631250e+03
1.631250e+03
1.391430e+03
1.600810e+03
1.600810e+03
1.600810e+03
1.598580e+03
1.598580e+03
9.646700e+02
9.646700e+02
1.471320e+03
1.471320e+03
1.471320e+03
1.471320e+03
1.471320e+03
1.610110e+03
1.610110e+03
1.583560e+03
1.583560e+03
1.583560e+03
1.656830e+03
1.656830e+03
1.656830e+03
1.656830e+03
1.300370e+03
1.300370e+03
1.300370e+03
1.300370e+03
1.300370e+03
9.309600e+02
9.309600e+02
1.448780e+03
1.448780e+03
1.448780e+03
1.409310e+03
1.409310e+03
1.459370e+03
1.459370e+03
1.451390e+03
1.451390e+03
1.451390e+03
1.451390e+03
1.451390e+03
9.330800e+02
9.330800e+02
9.330800e+02
9.330800e+02
9.330800e+02
1.412790e+03
1.412790e+03
1.412790e+03
1.412790e+03
1.399870e+03
1.399870e+03
1.399870e+03
1.399870e+03
1.399870e+03
1.397700e+03
1.397700e+03
1.397700e+03
1.397700e+03
1.397700e+03
1.397700e+03
1.397700e+03
1.353330e+03
1.353330e+03
1.373010e+03
1.373010e+03
1.373010e+03
1.373010e+03
1.373010e+03
1.359480e+03
1.359480e+03
1.337120e+03
1.337120e+03
1.337120e+03
1.337120e+03
1.337120e+03
1.253330e+03
1.253330e+03
1.253330e+03
1.253330e+03
1.253330e+03
1.244480e+03
1.244480e+03
1.223640e+03
1.223640e+03
1.228070e+03
1.228070e+03
1.228070e+03
1.228070e+03
1.228070e+03
1.228070e+03
1.228070e+03
1.193760e+03
1.193760e+03
1.193760e+03
1.193760e+03
1.193760e+03
1.179580e+03
1.179580e+03
1.170900e+03
1.170900e+03
1.170900e+03
1.062740e+03
1.062740e+03
1.062740e+03
1.062740e+03
8.008100e+02
8.008100e+02
8.008100e+02
8.008100e+02
8.008100e+02
7.788200e+02
7.788200e+02
1.143680e+03
1.143680e+03
1.143680e+03
1.143680e+03
1.143680e+03
9.172200e+02
9.172200e+02
7.051600e+02
7.051600e+02
7.051600e+02
7.051600e+02
7.051600e+02
9.567200e+02
9.567200e+02
6.071100e+02
6.071100e+02
6.071100e+02
5.894300e+02
5.894300e+02
5.614700e+02
5.614700e+02
5.228700e+02
5.228700e+02
5.228700e+02
5.228700e+02
5.228700e+02
5.375500e+02
5.375500e+02
5.348500e+02
5.348500e+02
5.348500e+02
5.183300e+02
5.183300e+02
5.403100e+02
5.403100e+02
5.403100e+02
5.403100e+02
5.403100e+02
5.403100e+02
5.403100e+02
1.082500e+03
1.082500e+03
1.251090e+03
1.251090e+03
1.251090e+03
1.251090e+03
1.251090e+03
1.168310e+03
1.168310e+03
1.168310e+03
1.168310e+03
1.168310e+03
1.168310e+03
1.168310e+03
1.119870e+03
1.119870e+03
1.129150e+03
1.129150e+03
1.129150e+03
1.134620e+03
1.134620e+03
1.134620e+03
1.134620e+03
1.134620e+03
1.134620e+03
1.134620e+03
1.134620e+03
1.134620e+03
1.134620e+03
1.134620e+03
1.134620e+03
1.134620e+03
1.134620e+03
1.134620e+03
1.134620e+03
1.134620e+03
1.134620e+03
1.134620e+03
1.134620e+03
1.134620e+03
1.134620e+03
1.134620e+03
1.134620e+03
1.075500e+03
1.075500e+03
1.075500e+03
1.075500e+03
1.075500e+03
1.075500e+03
1.075500e+03
1.075500e+03
1.075500e+03
1.075500e+03
1.075500e+03
1.075500e+03
1.017340e+03
1.017340e+03
1.017340e+03
1.017340e+03
1.017340e+03
1.017340e+03
1.017340e+03
1.017340e+03
1.001320e+03
1.001320e+03
1.001320e+03
1.001320e+03
1.001320e+03
1.001320e+03
1.001320e+03
1.066610e+03
1.066610e+03
1.070500e+03
1.070500e+03
1.070500e+03
1.070670e+03
1.054620e+03
1.054620e+03
1.054620e+03
1.047650e+03
1.047650e+03
1.047650e+03
1.047650e+03
1.047650e+03
1.046750e+03
1.046750e+03
1.043290e+03
1.043290e+03
1.043290e+03
1.044280e+03
1.044280e+03
1.044280e+03
1.044280e+03
1.033190e+03
1.033190e+03
1.033190e+03
1.033190e+03
1.033190e+03
1.043350e+03
1.043350e+03
1.043350e+03
1.043350e+03
1.043350e+03
1.021920e+03
1.021920e+03
1.014860e+03
1.014860e+03
1.014860e+03
1.014860e+03
1.014860e+03
1.014860e+03
1.014860e+03
1.016560e+03
1.016560e+03
1.017930e+03
1.017930e+03
1.017930e+03
1.033650e+03
1.033650e+03
1.059660e+03
1.059660e+03
1.059660e+03
1.059660e+03
1.059660e+03
1.059660e+03
1.059660e+03
1.026460e+03
1.026460e+03
1.023630e+03
1.023630e+03
1.023630e+03
1.040090e+03
1.040090e+03
1.034930e+03
1.034930e+03
1.034930e+03
1.034930e+03
1.034930e+03
9.286900e+02
9.286900e+02
9.278600e+02
9.278600e+02
9.316200e+02
9.316200e+02
9.316200e+02
9.027000e+02
9.027000e+02
9.009000e+02
9.009000e+02
9.356900e+02
9.356900e+02
9.356900e+02
8.928500e+02
8.928500e+02
8.928500e+02
8.928500e+02
8.746200e+02
8.746200e+02
8.746200e+02
8.689500e+02
8.689500e+02
8.745800e+02
8.745800e+02
8.525400e+02
8.525400e+02
8.525400e+02
8.525400e+02
8.525400e+02
8.569400e+02
8.569400e+02
8.622700e+02
8.622700e+02
8.622700e+02
9.261300e+02
9.261300e+02
9.292200e+02
9.292200e+02
9.323600e+02
9.323600e+02
9.323600e+02
9.323600e+02
9.323600e+02
9.117200e+02
9.117200e+02
9.105900e+02
9.105900e+02
9.105900e+02
9.119300e+02
9.119300e+02
9.137800e+02
9.137800e+02
910
910
910
910
910
910
910
9.043100e+02
9.043100e+02
9.043100e+02
9.011400e+02
9.011400e+02
8.995700e+02
8.995700e+02
8.993500e+02
8.993500e+02
8.993500e+02
8.993500e+02
8.993500e+02
889
889
889
889
889
889
889
8.901300e+02
8.901300e+02
8.851300e+02
8.851300e+02
8.851300e+02
8.851300e+02
8.851300e+02
7.878800e+02
7.878800e+02
7.892900e+02
7.892900e+02
7.892900e+02
7.755300e+02
7.755300e+02
7.823000e+02
7.823000e+02
7.919200e+02
7.919200e+02
7.919200e+02
7.919200e+02
7.919200e+02
7.742200e+02
7.742200e+02
7.742200e+02
7.742200e+02
7.742200e+02
8.372200e+02
8.372200e+02
7.620900e+02
7.610800e+02
7.610800e+02
7.610800e+02
7.610800e+02
7.610800e+02
7.610800e+02
7.528500e+02
7.528500e+02
7.496900e+02
7.496900e+02
7.496900e+02
7.397600e+02
7.397600e+02
7.397600e+02
7.504900e+02
7.464900e+02
7.464900e+02
7.464900e+02
8.014200e+02
8.014200e+02
7.360800e+02
7.360800e+02
7.412000e+02
7.412000e+02
7.412000e+02
7.433400e+02
7.433400e+02
7.376100e+02
7.376100e+02
7.443000e+02
7.443000e+02
7.443000e+02
1500
1500
7.267500e+02
7.267500e+02
7.267500e+02
7.267500e+02
7.267500e+02
6.997400e+02
6.997400e+02
7.107100e+02
7.107100e+02
7.107100e+02
7.107100e+02
7.107100e+02
7.731200e+02
7.731200e+02
6.939500e+02
6.939500e+02
6.938200e+02
6.938200e+02
6.938200e+02
7.238000e+02
7.238000e+02
7.238000e+02
7.238000e+02
7.142800e+02
7.142800e+02
7.142800e+02
7.833300e+02
7.833300e+02
7.084400e+02
7.084400e+02
7.138500e+02
7.138500e+02
7.138500e+02
7.039200e+02
7.039200e+02
6.858600e+02
6.858600e+02
6.858600e+02
6.858600e+02
6.858600e+02
6.858600e+02
6.858600e+02
7.680600e+02
7.680600e+02
7.680600e+02
7.680600e+02
7.680600e+02
8.430100e+02
8.430100e+02
7.679100e+02
7.679100e+02
7.679100e+02
7.679100e+02
7.679100e+02
7.679100e+02
7.679100e+02
6.831800e+02
6.831800e+02
6.679500e+02
6.679500e+02
6.679500e+02
6.719800e+02
6.719800e+02
6.661700e+02
6.661700e+02
6.920500e+02
6.920500e+02
6.920500e+02
7.620100e+02
7.620100e+02
6.854300e+02
6.854300e+02
6.822700e+02
6.822700e+02
6.822700e+02
6.848700e+02
6.848700e+02
6.860500e+02
6.860500e+02
6.317000e+01
6.317000e+01
6.317000e+01
6.317000e+01
6.317000e+01
6.317000e+01
6.317000e+01
6.317000e+01
6.317000e+01
6.317000e+01
6.268900e+02
6.268900e+02
6.268900e+02
6.268900e+02
6.712800e+02
6.712800e+02
6.712800e+02
6.712800e+02
6.712800e+02
6.712800e+02
6.712800e+02
6.588600e+02
6.588600e+02
6.588600e+02
6.588600e+02
6.588600e+02
6.588600e+02
6.588600e+02
6.588600e+02
6.588600e+02
6.588600e+02
6.588600e+02
6.588600e+02
9.986700e+02
9.986700e+02
9.871700e+02
9.871700e+02
9.871700e+02
9.871700e+02
9.871700e+02
9.708400e+02
9.708400e+02
1.039040e+03
1.039040e+03
1.039040e+03
1.028520e+03
1.028520e+03
9.423300e+02
9.423300e+02
9.335900e+02
9.335900e+02
9.335900e+02
9.299700e+02
9.299700e+02
9.299700e+02
9.299700e+02
9.299700e+02
9.299700e+02
9.299700e+02
9.299700e+02
9.299700e+02
9.111600e+02
9.111600e+02
9.111600e+02
9.111600e+02
9.111600e+02
9.054400e+02
9.054400e+02
9.054400e+02
9.054400e+02
9.054400e+02
9.054400e+02
9.054400e+02
9.054400e+02
9.054400e+02
8.889400e+02
8.889400e+02
8.869100e+02
8.869100e+02
8.869100e+02
8.809500e+02
8.809500e+02
8.743700e+02
8.743700e+02
5.624800e+02
5.624800e+02
5.624800e+02
5.624800e+02
5.624800e+02
5.591200e+02
5.591200e+02
5.591200e+02
5.591200e+02
5.591200e+02
5.725600e+02
5.725600e+02
5.725600e+02
5.725600e+02
5.353900e+02
5.353900e+02
5.353900e+02
5.982900e+02
5.982900e+02
5.982900e+02
5.982900e+02
4.803200e+02
4.803200e+02
4.803200e+02
4.459000e+02
4.459000e+02
4.280600e+02
4.280600e+02
4.203100e+02
4.203100e+02
4.203100e+02
3.905100e+02
3.905100e+02
3.817000e+02
3.817000e+02
3.746600e+02
3.746600e+02
3.746600e+02
2.601400e+02
2.601400e+02
3.596900e+02
3.596900e+02
3.517400e+02
3.517400e+02
3.517400e+02
3.492100e+02
3.492100e+02
3.387100e+02
3.387100e+02
3.316100e+02
3.316100e+02
3.316100e+02
3.283800e+02
3.283800e+02
3.231900e+02
3.231900e+02
3.231900e+02
3.231900e+02
3.231900e+02
3.231900e+02
3.231900e+02
3.231900e+02
3.231900e+02
3.034600e+02
3.034600e+02
3.034600e+02
3.054400e+02
3.054400e+02
3.032200e+02
3.032200e+02
3.005300e+02
3.005300e+02
3.005300e+02
3.157300e+02
3.157300e+02
3.143000e+02
3.143000e+02
3.122300e+02
3.122300e+02
3.122300e+02
3.074000e+02
3.074000e+02
3.092900e+02
3.092900e+02
3.093800e+02
3.093800e+02
3.093800e+02
3.093800e+02
3.093800e+02
2.997400e+02
2.997400e+02
2.997400e+02
2.997400e+02
2.997400e+02
2.916100e+02
2.916100e+02
2.931200e+02
2.931200e+02
2.958600e+02
2.958600e+02
2.958600e+02
2.956700e+02
2.956700e+02
2.939200e+02
2.939200e+02
2.939200e+02
2.939200e+02
2.939200e+02
2.846200e+02
2.846200e+02
2.846200e+02
2.846200e+02
2.771900e+02
2.771900e+02
2.771900e+02
2.784100e+02
2.784100e+02
2.795100e+02
2.795100e+02
2.785800e+02
2.785800e+02
2.785800e+02
2.847700e+02
2.847700e+02
2.847700e+02
2.847700e+02
3.048700e+02
3.048700e+02
3.048700e+02
3.405900e+02
3.405900e+02
3.191400e+02
3.191400e+02
3.191400e+02
3.191400e+02
3.191400e+02
3.184100e+02
3.184100e+02
3.184100e+02
3.184100e+02
3.044800e+02
3.044800e+02
3.044800e+02
3.134200e+02
3.134200e+02
2.962700e+02
2.962700e+02
2.707000e+02
2.707000e+02
2.707000e+02
2.749300e+02
2.749300e+02
2.776900e+02
2.776900e+02
2.716400e+02
2.716400e+02
2.716400e+02
2.727800e+02
2.727800e+02
2.830900e+02
2.830900e+02
2.951500e+02
2.951500e+02
2.951500e+02
2.908800e+02
2.908800e+02
2.908800e+02
2.908800e+02
2.861300e+02
2.861300e+02
2.861300e+02
2.762800e+02
2.762800e+02
2.762800e+02
2.762800e+02
2.099600e+02
2.099600e+02
2.099600e+02
2.099600e+02
2.099600e+02
2.115100e+02
2.115100e+02
2.116500e+02
2.116500e+02
2.116500e+02
2.115600e+02
2.115600e+02
2.105100e+02
2.105100e+02
2.108700e+02
2.108700e+02
2.108700e+02
2.108700e+02
2.108700e+02
2.108700e+02
2.108700e+02
2.100400e+02
2.100400e+02
2.100400e+02
2.100400e+02
2.100400e+02
2.121700e+02
2.121700e+02
2.123600e+02
2.123600e+02
2.123600e+02
2.123600e+02
2.123600e+02
2.123600e+02
2.123600e+02
2.123600e+02
2.123600e+02
2.123600e+02
2.123600e+02
2.123600e+02
2.116400e+02
2.116400e+02
2.116400e+02
2.116400e+02
2.116400e+02
2.116400e+02
2.116400e+02
2.116400e+02
2.116400e+02
1.889300e+02
1.889300e+02
1.889300e+02
2.359400e+02
2.359400e+02
2.321200e+02
2.321200e+02
228
228
228
228
228
2.332000e+02
2.332000e+02
2.602900e+02
2.602900e+02
2.602900e+02
2.967400e+02
2.967400e+02
3.032700e+02
3.032700e+02
3.032700e+02
3.032700e+02
3.032700e+02
3.326200e+02
3.326200e+02
334
334
334
334
334
334
334
3.278000e+02
3.278000e+02
3.278000e+02
3.278000e+02
3.278000e+02
3.278000e+02
3.278000e+02
3.278000e+02
3.278000e+02
329
329
329
329
329
329
329
3.412100e+02
3.412100e+02
3.412100e+02
3.376400e+02
3.376400e+02
3.376400e+02
3.376400e+02
3.376400e+02
3.376400e+02
3.376400e+02
3.376400e+02
3.376400e+02
3.376400e+02
3.376400e+02
3.376400e+02
3.376400e+02
3.376400e+02
3.376400e+02
3.376400e+02
404
404
404
404
404
3.738600e+02
3.738600e+02
2.187100e+02
2.187100e+02
2.151800e+02
2.151800e+02
2.151800e+02
2.151500e+02
2.151500e+02
2.151500e+02
2.151500e+02
2.151500e+02
2.151500e+02
2.151500e+02
2.191400e+02
2.191400e+02
2.191400e+02
2.191400e+02
2.208700e+02
2.208700e+02
2.208700e+02
2.180800e+02
2.180800e+02
2.156500e+02
2.156500e+02
2.156500e+02
2.156500e+02
2.156500e+02
2.154600e+02
2.154600e+02
2.183200e+02
2.183200e+02
2.184800e+02
2.184800e+02
2.184800e+02
2.201000e+02
2.201000e+02
2.219200e+02
2.219200e+02
2.229400e+02
2.229400e+02
2.229400e+02
2.263100e+02
2.263100e+02
2.196100e+02
2.196100e+02
2.205500e+02
2.205500e+02
2.205500e+02
2.177500e+02
2.177500e+02
2.176100e+02
2.176100e+02
2.155800e+02
2.155800e+02
2.155800e+02
2.155800e+02
2.155800e+02
2.155800e+02
2.155800e+02
2.155800e+02
2.155800e+02
2.155800e+02
2.143100e+02
2.143100e+02
2.146800e+02
2.146800e+02
2.146800e+02
2.146800e+02
2.146800e+02
2.155300e+02
2.155300e+02
2.182700e+02
2.182700e+02
2.158700e+02
2.158700e+02
2.158700e+02
2.163500e+02
2.163500e+02
2.126700e+02
2.126700e+02
2.139000e+02
2.139000e+02
2.139000e+02
2.166600e+02
2.166600e+02
2.166600e+02
2.166600e+02
2.166600e+02
