0
0
0
0
0
0
0
0
0
0
0
0
0
0
0
0
0
0
0
0
0
0
0
0
0
0
0
0
0
0
0
0
0
0
0
0
0
0
0
0
0
0
0
0
0
0
0
0
0
0
0
0
0
0
0
0
0
0
0
0
0
0
0
0
0
0
0
0
0
0
0
0
0
0
0
0
0
0
0
0
0
0
0
0
0
0
0
0
0
0
0
0
0
0
0
0
0
0
0
0
0
0
0
0
0
0
0
0
0
0
0
0
0
0
0
0
0
0
0
0
0
0
0
0
0
0
0
0
0
0
0
0
0
0
0
0
0
0
0
0
0
0
0
0
0
0
0
0
0
0
0
0
0
0
0
0
0
0
0
0
0
0
0
0
0
0
0
0
0
0
0
0
0
0
0
0
0
0
0
0
0
0
0
0
0
0
0
0
0
0
0
0
0
0
0
0
0
0
0
0
0
0
0
0
0
0
0
0
0
0
0
0
0
0
0
0
0
0
0
0
0
0
0
0
0
0
0
0
0
0
0
0
0
0
0
0
0
0
0
0
0
0
0
0
0
0
0
0
0
0
0
0
0
0
0
0
0
0
0
0
0
0
0
0
0
0
0
0
0
0
0
0
0
0
0
0
0
0
0
0
0
0
0
0
0
0
0
0
0
0
0
0
0
0
0
0
0
0
0
0
0
0
0
0
0
0
0
0
0
0
0
0
0
0
0
0
0
0
0
0
0
0
0
0
0
0
0
0
0
0
0
0
0
0
0
0
0
0
0
0
0
0
0
0
0
0
0
0
0
0
0
0
0
0
0
0
0
0
0
0
0
0
0
0
0
0
0
0
0
0
0
0
0
0
0
0
0
0
0
0
0
0
0
0
0
0
0
0
0
0
0
0
0
0
0
0
0
0
0
0
0
0
0
0
0
0
0
0
0
0
0
0
0
0
0
0
0
0
0
0
0
0
0
0
0
0
0
0
0
0
0
0
0
0
0
0
0
0
0
0
0
0
0
0
0
0
0
0
0
0
0
0
0
0
0
0
0
0
0
0
0
0
0
0
0
0
0
0
0
0
0
0
0
0
0
0
0
0
0
0
0
0
0
0
0
0
0
0
0
0
0
0
0
0
0
0
0
0
0
0
0
0
0
0
0
0
0
0
0
0
0
0
0
0
0
0
0
0
0
0
0
0
0
0
0
0
0
0
0
0
0
0
0
0
0
0
0
0
0
0
0
0
0
0
0
0
0
0
0
0
0
0
0
0
0
0
0
0
0
0
0
0
0
0
0
0
0
0
0
0
0
0
0
0
0
0
0
0
0
0
0
0
0
0
0
0
0
0
0
0
0
0
0
0
0
0
0
0
0
0
0
0
0
0
0
0
0
0
0
0
0
0
0
0
0
0
0
0
0
0
0
0
0
0
0
0
0
0
0
0
0
0
0
0
0
0
0
0
0
0
0
0
0
0
0
0
0
0
0
0
0
0
0
0
0
0
0
0
0
0
0
0
0
0
0
0
0
0
0
0
0
0
0
0
0
0
0
0
0
0
0
0
0
0
0
0
0
0
0
0
0
0
0
0
0
0
0
0
0
0
0
0
0
0
0
0
0
0
0
0
0
0
0
0
0
0
0
0
0
0
0
0
0
0
0
0
0
0
0
0
0
0
0
0
0
0
0
0
0
0
0
0
0
0
0
0
0
0
0
0
0
0
0
0
0
0
0
0
0
0
0
0
0
0
0
0
0
0
0
0
0
0
0
0
0
0
0
0
0
0
0
0
0
0
0
0
0
0
0
0
0
0
0
0
0
0
0
0
0
0
0
0
0
0
0
0
0
0
0
0
0
0
0
0
0
0
0
0
0
0
0
0
0
0
0
0
0
0
0
0
0
0
0
0
0
0
0
0
0
0
0
0
0
0
0
0
0
0
0
0
0
0
0
0
0
0
0
0
0
0
0
0
0
0
0
0
0
0
0
0
0
0
0
0
0
0
0
0
0
0
0
0
0
0
0
0
0
0
0
0
0
0
0
0
0
0
0
0
0
0
0
0
0
0
0
0
0
0
0
0
0
0
0
0
0
0
0
0
0
0
0
0
0
0
0
0
0
0
0
0
0
0
0
0
0
0
0
0
0
0
0
0
0
0
0
0
0
0
0
0
0
0
0
0
0
0
0
0
0
0
0
0
0
0
0
0
0
0
0
0
0
0
0
0
0
0
0
0
0
0
0
0
0
0
0
0
0
0
0
0
0
0
0
0
0
0
0
0
0
0
0
0
0
0
0
0
0
0
0
0
0
0
0
0
0
0
0
0
0
0
0
0
0
0
0
0
0
0
0
0
0
0
0
0
0
0
0
0
0
0
0
0
0
0
0
0
0
0
0
0
0
0
0
0
0
0
0
0
0
0
0
0
0
0
0
0
0
0
0
0
0
0
0
0
0
0
0
0
0
0
0
0
0
0
0
0
0
0
0
0
0
0
0
0
0
0
0
0
0
0
0
0
0
0
0
0
0
0
0
0
0
0
0
0
0
0
0
0
0
0
0
0
0
0
0
0
0
0
0
0
0
0
0
0
0
0
0
0
0
0
0
0
0
0
0
0
0
0
0
0
0
0
0
0
0
0
0
0
0
0
0
0
0
0
0
0
0
0
0
0
0
0
0
0
0
0
0
0
0
0
0
0
0
0
0
0
0
0
0
0
0
0
0
0
0
0
0
0
0
0
0
0
0
0
0
0
0
0
0
0
0
0
0
0
0
0
0
0
0
0
0
0
0
0
0
0
0
0
0
0
0
0
0
0
0
0
0
0
0
0
0
0
0
0
0
0
0
0
0
0
0
0
0
0
0
0
0
0
0
0
0
0
0
0
0
0
0
0
0
0
0
0
0
0
0
0
0
0
0
0
0
0
0
0
0
0
0
0
0
0
0
0
0
0
0
0
0
0
0
0
0
0
0
0
0
0
0
0
0
0
0
0
0
0
0
0
0
0
0
0
0
0
0
0
0
0
0
0
0
0
0
0
0
0
0
0
0
0
0
0
0
0
0
0
0
0
0
0
0
0
0
0
0
0
0
0
0
0
0
0
0
0
0
0
0
0
0
0
0
0
0
0
0
0
0
0
0
0
0
0
0
0
0
0
0
0
0
0
0
0
0
0
0
0
0
0
0
0
0
0
0
0
0
0
0
0
0
0
0
0
0
0
0
0
0
0
0
0
0
0
0
0
0
0
0
0
0
0
0
0
0
0
0
0
0
0
0
0
0
0
0
0
0
0
0
0
0
0
0
0
0
0
0
0
0
0
0
0
0
0
0
0
0
0
0
0
0
0
1279
1279
1279
1289
1328
1328
1328
1328
1328
1328
1328
1328
988
1011
1011
1011
1011
1011
1087
1087
1087
1087
1087
1087
1126
906
119
127
196
196
196
237
1553
1553
1553
1553
1553
1553
1568
1279
1270
1262
1175
1175
1175
1198
906
906
906
906
906
906
1811
1788
1780
1760
1358
1358
1358
1276
1276
1276
1276
1276
1276
1276
1276
802
796
786
778
778
778
780
780
780
780
780
780
780
1144
1144
1144
1144
1144
1144
1144
1144
1144
1144
1144
1144
1144
1144
1144
1144
1144
1144
1144
1144
1144
1144
1144
1144
1144
1144
1144
1144
1144
1144
1144
1144
1144
1144
1144
1144
1144
1144
1144
1144
1144
1144
1144
1144
1144
1144
1144
1144
1144
1144
1144
362
362
362
362
362
362
362
543
543
540
540
540
513
513
513
513
513
513
513
513
513
513
513
513
513
513
513
513
513
513
513
513
513
513
513
513
513
513
513
513
513
513
513
513
513
513
513
513
513
513
513
513
513
513
513
513
513
513
513
513
513
513
513
513
513
513
513
513
513
513
513
513
513
513
513
543
543
540
540
535
535
535
226
226
226
226
530
530
530
494
494
494
494
571
571
571
512
512
571
571
571
571
571
571
571
571
639
639
639
639
639
639
639
639
645
645
645
494
494
494
494
502
502
502
543
543
639
639
679
679
679
403
403
403
403
403
403
403
403
403
403
403
604
604
604
604
604
604
604
604
604
604
608
608
608
608
639
639
639
639
639
639
639
638
638
638
622
622
622
622
604
604
604
362
362
362
362
192
192
192
388
388
388
388
110
110
110
611
611
302
302
302
302
302
311
311
311
311
311
311
311
311
311
322
322
322
322
322
330
330
330
330
330
330
330
228
228
228
228
228
228
228
311
311
311
311
311
311
311
311
311
311
311
311
311
311
305
305
305
305
305
305
305
287
287
287
287
287
287
287
272
272
265
265
111
111
111
288
288
288
288
288
288
288
288
288
288
288
152
152
152
150
150
150
150
150
150
150
160
160
160
160
160
160
160
158
158
158
158
158
158
158
158
158
158
158
150
150
150
138
138
138
138
138
138
138
138
138
138
138
138
138
138
138
138
138
138
138
138
138
138
138
140
140
140
140
140
140
140
140
140
140
140
140
140
140
140
140
140
140
140
140
140
140
140
140
140
140
140
140
140
140
140
140
140
112
112
112
112
112
112
112
97
97
88
88
92
92
92
92
92
92
92
92
92
92
92
92
518
518
115
115
115
115
115
115
115
115
115
115
115
115
517
517
69
69
69
69
69
69
69
69
69
69
473
473
464
464
464
464
464
464
464
464
464
464
464
464
464
464
426
426
426
426
426
426
426
426
426
426
426
426
426
426
426
426
426
426
426
426
426
426
426
426
426
426
426
426
426
426
426
426
426
426
426
426
426
426
426
426
426
426
426
426
426
426
426
120
120
120
120
120
120
120
134
134
134
134
130
130
130
138
138
138
138
138
138
138
133
133
133
133
130
130
130
130
130
130
130
130
130
130
130
130
128
128
118
118
118
118
118
118
118
118
118
118
118
118
118
118
118
118
118
118
118
118
118
118
118
118
200
200
200
200
192
192
192
192
192
192
192
192
192
192
102
102
96
96
86
86
86
86
86
86
86
86
86
86
90
90
92
92
92
92
92
92
92
92
92
92
92
92
92
92
50
50
48
48
48
48
48
50
50
50
50
50
50
50
375
375
359
359
359
362
362
362
362
362
362
362
84
84
92
92
88
88
88
298
298
298
298
298
298
298
604
604
92
92
90
90
90
138
138
138
138
50
50
50
50
50
50
50
50
50
50
50
50
50
50
50
50
50
90
90
40
40
40
40
40
45
45
45
45
45
45
45
40
40
40
42
42
42
42
42
42
42
42
42
42
42
42
42
40
40
44
44
44
44
44
44
44
44
44
44
45
45
48
48
50
50
50
48
48
48
48
48
48
48
50
50
50
50
52
52
52
70
70
70
70
70
70
70
68
68
411
411
447
447
447
455
455
455
455
455
455
455
81
81
80
80
80
80
80
72
72
72
72
72
72
72
72
72
128
128
128
128
128
128
128
272
272
272
272
272
272
272
72
72
68
68
68
62
62
62
62
62
62
62
73
73
73
73
74
74
74
74
74
74
74
74
74
74
70
70
70
70
70
70
70
70
70
70
70
70
70
70
70
70
70
70
70
70
70
60
60
60
60
60
60
60
60
60
60
60
60
60
60
60
60
60
60
60
60
60
60
60
60
60
60
60
60
60
60
60
60
60
60
60
57
57
57
57
50
50
50
44
44
44
44
44
44
44
44
44
50
50
50
50
50
66
66
60
60
60
60
60
60
60
60
60
60
60
60
60
60
58
58
58
58
58
58
58
62
62
62
62
62
62
62
60
60
60
60
60
60
60
60
60
60
60
60
60
60
66
66
66
66
66
72
72
72
72
72
72
72
70
70
70
70
70
70
70
62
62
60
60
60
60
60
70
70
70
70
70
70
70
58
58
58
58
58
58
58
68
68
68
68
68
68
68
70
70
70
70
70
70
70
68
68
68
68
70
70
70
64
64
64
64
64
64
64
64
64
60
60
60
60
60
60
60
60
60
60
60
60
60
60
60
60
60
60
60
56
56
56
56
56
56
56
56
56
56
56
56
56
56
50
50
50
50
50
50
50
91
91
104
104
90
90
90
90
90
90
90
90
90
90
90
90
90
90
90
90
90
90
90
90
90
90
90
90
80
80
80
80
80
80
80
80
80
80
80
80
80
80
80
80
80
80
80
80
80
80
80
80
80
80
80
80
80
80
80
80
80
80
80
80
80
80
80
80
80
80
80
80
80
80
80
80
80
80
80
80
80
80
80
80
80
80
99
99
99
99
99
99
99
90
90
90
90
90
98
98
98
98
98
98
98
98
98
98
98
107
107
107
107
107
107
107
107
107
107
107
107
107
107
107
107
107
98
98
98
98
98
98
98
98
98
108
108
108
108
108
97
97
97
97
97
97
97
97
97
97
97
94
94
94
100
100
100
100
100
100
100
94
94
94
94
94
94
94
102
102
102
102
102
102
102
102
102
102
102
102
102
102
102
102
102
102
102
102
102
102
102
102
102
102
102
102
96
96
96
96
96
96
96
96
96
96
96
90
90
90
90
90
90
90
90
