0
0
0
0
0
0
0
0
0
0
0
0
0
0
0
0
0
0
0
0
0
0
0
0
0
0
0
0
0
0
0
0
0
0
0
0
0
0
0
0
0
0
0
0
0
0
0
0
0
0
0
0
0
0
0
0
0
0
0
0
0
0
0
0
0
0
0
0
0
0
0
0
0
0
0
0
0
0
0
0
0
0
0
0
0
0
0
0
0
0
0
0
0
0
0
0
0
0
0
0
0
0
0
0
0
0
0
0
0
0
0
0
0
0
0
0
0
0
0
0
0
0
0
0
0
0
0
0
0
0
0
0
0
0
0
0
0
0
0
0
0
0
0
0
0
0
0
0
0
0
0
0
0
0
0
0
0
0
0
0
0
0
0
0
0
0
0
0
0
0
0
0
0
0
0
0
0
0
0
0
0
0
0
0
0
0
0
0
0
0
0
0
0
0
0
0
0
0
0
0
0
0
0
0
0
0
0
0
0
0
0
0
0
0
0
0
0
0
0
0
0
0
0
0
0
0
0
0
0
0
0
0
0
0
0
0
0
0
0
0
0
0
0
0
0
0
0
0
0
0
0
0
0
0
0
0
0
0
0
0
0
0
0
0
0
0
0
0
0
0
0
0
0
0
0
0
0
0
0
0
0
0
0
0
0
0
0
0
0
0
0
0
0
0
0
0
0
0
0
0
0
0
0
0
0
0
0
0
0
0
0
0
0
0
0
0
0
0
0
0
0
0
0
0
0
0
0
0
0
0
0
0
0
0
0
0
0
0
0
0
0
0
0
0
0
0
0
0
0
0
0
0
0
0
0
0
0
0
0
0
0
0
0
0
0
0
0
0
0
0
0
0
0
0
0
0
0
0
0
0
0
0
0
0
0
0
0
0
0
0
0
0
0
0
0
0
0
0
0
0
0
0
0
0
0
0
0
0
0
0
0
0
0
0
0
0
0
0
0
0
0
0
0
0
0
0
0
0
0
0
0
0
0
0
0
0
0
0
0
0
0
0
0
0
0
0
0
0
0
0
0
0
0
0
0
0
0
0
0
0
0
0
0
0
0
0
0
0
0
0
0
0
0
0
0
0
0
0
0
0
0
0
0
0
0
0
0
0
0
0
0
0
0
0
0
0
0
0
0
0
0
0
0
0
0
0
0
0
0
0
0
0
0
0
0
0
0
0
0
0
0
0
0
0
0
0
0
0
0
0
0
0
0
0
0
0
0
0
0
0
0
0
0
0
0
0
0
0
0
0
0
0
0
0
0
0
0
0
0
0
0
0
0
0
0
0
0
0
0
0
0
0
0
0
0
0
0
0
0
0
0
0
0
0
0
0
0
0
0
0
0
0
0
0
0
0
0
0
0
0
0
0
0
0
0
0
0
0
0
0
0
0
0
0
0
0
0
0
0
0
0
0
0
0
0
0
0
0
0
0
0
0
0
0
0
0
0
0
0
0
0
0
0
0
0
0
0
0
0
0
0
0
0
0
0
0
0
0
0
0
0
0
0
0
0
0
0
0
0
0
0
0
0
0
0
0
0
0
0
0
0
0
0
0
0
0
0
0
0
0
0
0
0
0
0
0
0
0
0
0
0
0
0
0
0
0
0
0
0
0
0
0
0
0
0
0
0
0
0
0
0
0
0
0
0
0
0
0
0
0
0
0
0
0
0
0
0
0
0
0
0
0
0
0
0
0
0
0
0
0
0
0
0
0
0
0
0
0
0
0
0
0
0
0
0
0
0
0
0
0
0
0
0
0
0
0
0
0
0
0
0
0
0
0
0
0
0
0
0
0
0
0
0
0
0
0
0
0
0
0
0
0
0
0
0
0
0
0
0
0
0
0
0
0
0
0
0
0
0
0
0
0
0
0
0
0
0
0
0
0
0
0
0
0
0
0
0
0
0
0
0
0
0
0
0
0
0
0
0
0
0
0
0
0
0
0
0
0
0
0
0
0
0
0
0
0
0
0
0
0
0
0
0
0
0
0
0
0
0
0
0
0
0
0
0
0
0
0
0
0
0
0
0
0
0
0
0
0
0
0
0
0
0
0
0
0
0
0
0
0
0
0
0
0
0
0
0
0
0
0
0
0
0
0
0
0
0
0
0
0
0
0
0
0
0
0
0
0
0
0
0
0
0
0
0
0
0
0
0
0
0
0
0
0
0
0
0
0
0
0
0
0
0
0
0
0
0
0
0
0
0
0
0
0
0
0
0
0
0
0
0
0
0
0
0
0
0
0
0
0
0
0
0
0
0
0
0
0
0
0
0
0
0
0
0
0
0
0
0
0
0
0
0
0
0
0
0
0
0
0
0
0
0
0
0
0
0
0
0
0
0
0
0
0
0
0
0
0
0
0
0
0
0
0
0
0
0
0
0
0
0
0
0
0
0
0
0
0
0
0
0
0
0
0
0
0
0
0
0
0
0
0
0
0
0
0
0
0
0
0
0
0
0
0
0
0
0
0
0
0
0
0
0
0
0
0
0
0
0
0
0
0
0
0
0
0
0
0
0
0
0
0
0
0
0
0
0
0
0
0
0
0
0
0
0
0
0
0
0
0
0
0
0
0
0
0
0
0
0
0
0
0
0
0
0
0
0
0
0
0
0
0
0
0
0
0
0
0
0
0
0
0
0
0
0
0
0
0
0
0
0
0
0
0
0
0
0
0
0
0
0
0
0
0
0
0
0
0
0
0
0
0
0
0
0
0
0
0
0
0
0
0
0
0
0
0
0
0
0
0
0
0
0
0
0
0
0
0
0
0
0
0
0
0
0
0
0
0
0
0
0
0
0
0
0
0
0
0
0
0
0
0
0
0
0
0
0
0
0
0
0
0
0
0
0
0
0
0
0
0
0
0
0
0
0
0
0
0
0
0
0
0
0
0
0
0
0
0
0
0
0
0
0
0
0
0
0
0
0
0
0
0
0
0
0
0
0
0
0
0
0
0
0
0
0
0
0
0
0
0
0
0
0
0
0
0
0
0
0
0
0
0
0
0
0
0
0
0
0
0
0
0
0
0
0
0
0
0
0
0
0
0
0
0
0
0
0
0
0
0
0
0
0
0
0
0
0
0
0
0
0
0
0
0
0
0
0
0
0
0
0
0
0
0
0
0
0
0
0
0
0
0
0
0
0
0
0
0
0
0
0
0
0
0
0
0
0
0
0
0
0
0
0
0
0
0
0
0
0
0
0
0
0
0
0
0
0
0
0
0
0
0
0
0
0
0
0
0
0
0
0
0
0
0
0
0
0
0
0
0
0
0
0
0
0
0
0
0
0
0
0
0
0
0
0
0
0
0
0
0
0
0
0
0
0
0
0
0
0
0
0
0
0
0
0
3.623000e+02
5.000000e-01
1.520000e+00
5.000000e-02
5.076100e+02
3.960000e+00
5.410000e+00
7.570000e+00
7.570000e+00
7.570000e+00
3.958000e+01
4.387000e+01
3.350000e+01
2.759000e+01
3.308000e+01
3.308000e+01
3.308000e+01
5.038000e+01
5.812000e+01
6.923000e+01
7.703000e+01
8.718000e+01
8.718000e+01
8.718000e+01
8.451000e+01
1.190700e+02
1.328900e+02
1.426400e+02
1.279900e+02
1.279900e+02
1.279900e+02
1.403800e+02
1.396800e+02
1.446000e+02
1.548800e+02
1.556500e+02
1.556500e+02
1.556500e+02
2.221300e+02
2.167800e+02
2.167800e+02
2.167800e+02
2.367100e+02
2.367100e+02
2.367100e+02
3.541100e+02
3.799900e+02
3.942500e+02
4.250700e+02
4.553100e+02
4.553100e+02
4.553100e+02
3.914200e+02
3.914200e+02
4.188500e+02
4.188500e+02
4.188500e+02
4.188500e+02
4.188500e+02
5.760500e+02
5.881700e+02
4.704400e+02
3.873600e+02
4.921500e+02
4.921500e+02
4.921500e+02
4.671200e+02
4.671200e+02
4.671200e+02
4.671200e+02
4.671200e+02
4.671200e+02
4.671200e+02
5.618600e+02
5.618600e+02
5.618600e+02
2.102000e+01
2.102000e+01
2.102000e+01
2.102000e+01
1.514700e+02
1.514700e+02
1.514700e+02
1.514700e+02
1.514700e+02
1.514700e+02
1.514700e+02
0
0
0
0
0
0
0
1.076000e+01
1.076000e+01
1.076000e+01
1.076000e+01
1.076000e+01
1.076000e+01
1.076000e+01
0
0
0
0
7.570000e+00
7.570000e+00
7.570000e+00
1.147000e+01
1.147000e+01
1.147000e+01
1.147000e+01
1.147000e+01
1.147000e+01
1.147000e+01
1.131700e+02
1.131700e+02
1.209800e+02
1.209800e+02
1.209800e+02
1.209800e+02
1.209800e+02
1.530100e+02
1.530100e+02
2.003100e+02
2.003100e+02
1.618100e+02
1.618100e+02
1.618100e+02
1.618100e+02
1.618100e+02
1.695200e+02
1.695200e+02
1.921000e+02
1.921000e+02
1.921000e+02
2.294300e+02
2.294300e+02
0
0
0
0
0
4.026000e+01
4.026000e+01
3.615000e+01
3.615000e+01
4.498000e+01
4.498000e+01
4.498000e+01
4.636000e+01
4.636000e+01
5.095000e+01
5.095000e+01
5.095000e+01
5.095000e+01
5.095000e+01
4.890000e+01
4.890000e+01
4.728000e+01
4.728000e+01
4.728000e+01
4.728000e+01
4.728000e+01
4.852000e+01
4.852000e+01
4.756000e+01
4.756000e+01
4.756000e+01
4.756000e+01
4.756000e+01
4.756000e+01
4.756000e+01
5.215000e+01
5.215000e+01
5.166000e+01
5.166000e+01
5.166000e+01
4.721000e+01
4.721000e+01
4.589000e+01
4.589000e+01
4.742000e+01
4.742000e+01
4.742000e+01
4.742000e+01
4.742000e+01
4.742000e+01
4.742000e+01
4.742000e+01
4.742000e+01
4.742000e+01
4.742000e+01
4.742000e+01
4.742000e+01
4.742000e+01
4.742000e+01
4.742000e+01
4.742000e+01
1.526500e+02
1.526500e+02
1.769900e+02
1.769900e+02
2.199800e+02
2.199800e+02
2.199800e+02
2.833300e+02
2.833300e+02
3.449100e+02
3.449100e+02
4.159900e+02
4.159900e+02
4.159900e+02
5.813800e+02
5.813800e+02
6.482200e+02
6.482200e+02
6.864700e+02
6.864700e+02
6.864700e+02
7.385300e+02
7.385300e+02
7.869700e+02
7.869700e+02
7.869700e+02
7.869700e+02
7.869700e+02
7.869700e+02
7.869700e+02
7.869700e+02
1.904400e+02
1.904400e+02
1.904400e+02
1.904400e+02
6.184100e+02
6.184100e+02
8.289500e+02
8.289500e+02
8.696900e+02
8.696900e+02
8.696900e+02
8.839500e+02
8.839500e+02
8.839500e+02
8.839500e+02
8.713000e+02
8.713000e+02
8.713000e+02
8.708900e+02
8.708900e+02
8.779700e+02
8.779700e+02
8.643700e+02
8.643700e+02
8.643700e+02
8.654000e+02
8.654000e+02
8.654000e+02
8.654000e+02
8.654000e+02
8.654000e+02
8.654000e+02
8.654000e+02
8.654000e+02
8.654000e+02
8.654000e+02
8.525000e+02
8.525000e+02
8.525000e+02
8.501700e+02
8.501700e+02
8.534100e+02
8.534100e+02
8.706800e+02
8.706800e+02
8.706800e+02
8.795600e+02
8.795600e+02
9.141300e+02
9.141300e+02
9.193100e+02
9.193100e+02
9.193100e+02
9.193100e+02
9.193100e+02
9.435400e+02
9.435400e+02
9.419700e+02
9.419700e+02
9.419700e+02
9.294500e+02
9.294500e+02
9.312100e+02
9.312100e+02
9.394700e+02
9.394700e+02
9.394700e+02
9.367900e+02
9.367900e+02
9.360500e+02
9.360500e+02
9.417300e+02
9.417300e+02
9.417300e+02
9.988200e+02
9.988200e+02
9.988200e+02
9.988200e+02
1.096590e+03
1.096590e+03
1.096590e+03
1.026800e+03
1.026800e+03
1.028610e+03
1.028610e+03
1.028610e+03
1.028610e+03
1.028610e+03
9.592900e+02
9.592900e+02
9.585500e+02
9.585500e+02
9.585500e+02
9.585500e+02
9.585500e+02
9.539300e+02
9.539300e+02
9.800100e+02
9.800100e+02
9.959800e+02
9.959800e+02
9.959800e+02
9.928000e+02
9.928000e+02
9.928000e+02
9.928000e+02
9.928000e+02
9.928000e+02
9.928000e+02
1.028050e+03
1.028050e+03
1.028050e+03
1.028050e+03
1.028050e+03
1.028050e+03
1.028050e+03
9.996400e+02
9.996400e+02
9.976600e+02
9.976600e+02
9.976600e+02
9.976600e+02
9.976600e+02
9.976600e+02
9.976600e+02
9.910600e+02
9.910600e+02
9.910600e+02
9.910600e+02
9.910600e+02
9.856400e+02
9.856400e+02
9.856400e+02
9.856400e+02
9.856400e+02
9.856400e+02
9.856400e+02
9.749300e+02
9.749300e+02
9.749300e+02
9.749300e+02
9.749300e+02
9.749300e+02
9.749300e+02
1.066190e+03
1.066190e+03
1.084950e+03
1.084950e+03
1.093760e+03
1.093760e+03
1.093760e+03
1.100760e+03
1.100760e+03
1.100760e+03
1.100760e+03
1.100760e+03
1.100760e+03
1.100760e+03
1.100760e+03
1.133320e+03
1.133320e+03
1.133320e+03
1.132610e+03
1.132610e+03
1.132610e+03
1.163600e+03
1.163600e+03
1.163600e+03
1.163600e+03
1.163600e+03
1.163600e+03
1.163600e+03
1.149050e+03
1.149050e+03
1.148220e+03
1.148220e+03
1.154550e+03
1.154550e+03
1.154550e+03
1.150260e+03
1.150260e+03
1.150260e+03
1.150260e+03
1.150260e+03
1.150260e+03
1.150260e+03
1.161400e+03
1.161400e+03
1.161400e+03
1.161400e+03
1.179700e+03
1.179700e+03
1.179700e+03
1.176660e+03
1.176660e+03
1.176660e+03
1.176660e+03
1.176660e+03
1.176660e+03
1.176660e+03
1.176660e+03
1.176660e+03
1.176660e+03
1.176660e+03
4.902100e+02
4.902100e+02
4.902100e+02
4.244900e+02
4.244900e+02
4.244900e+02
4.244900e+02
4.244900e+02
4.244900e+02
4.244900e+02
4.244900e+02
4.244900e+02
1.078950e+03
1.078950e+03
1.078950e+03
1.078950e+03
1.078950e+03
1.098070e+03
1.098070e+03
1.098070e+03
1.098070e+03
1.098070e+03
1.098070e+03
1.098070e+03
1.098070e+03
1.098070e+03
1.098070e+03
1.098070e+03
1.098070e+03
1.098070e+03
1.098070e+03
1.122120e+03
1.122120e+03
1.122120e+03
1.122120e+03
1.122120e+03
1.122120e+03
1.122120e+03
1.105820e+03
1.105820e+03
1.105820e+03
1.105820e+03
1.105820e+03
1.105820e+03
1.105820e+03
1.095670e+03
1.095670e+03
1.095670e+03
1.095670e+03
1.095670e+03
1.095670e+03
1.095670e+03
1.082710e+03
1.082710e+03
1.085650e+03
1.085650e+03
1.078400e+03
1.078400e+03
1.078400e+03
1.067860e+03
1.067860e+03
1.070490e+03
1.070490e+03
1083
1083
1083
1.083800e+03
1.083800e+03
1.079230e+03
1.079230e+03
1.077780e+03
1.077780e+03
1.077780e+03
5.322000e+02
5.322000e+02
5.322000e+02
5.322000e+02
5.322000e+02
5.322000e+02
5.322000e+02
1.122490e+03
1.122490e+03
1.128640e+03
1.128640e+03
1.119580e+03
1.119580e+03
1.119580e+03
1.119580e+03
1.119580e+03
1.119580e+03
1.119580e+03
1.117890e+03
1.117890e+03
1.117890e+03
1.116600e+03
1.116600e+03
1.115740e+03
1.115740e+03
1.115740e+03
1.115740e+03
1.115740e+03
1.115740e+03
1.115740e+03
1.115740e+03
1.115740e+03
1.115740e+03
1.115740e+03
1.115740e+03
1.115740e+03
1.115740e+03
1.112280e+03
1.112280e+03
1.112280e+03
1.112280e+03
1.112280e+03
1.112280e+03
1.112280e+03
1.112280e+03
1.112280e+03
1.112280e+03
1.112280e+03
1.112280e+03
1.112280e+03
1.112280e+03
1.112280e+03
1.112280e+03
1.112280e+03
1.112280e+03
1.112280e+03
1.112280e+03
1.112280e+03
1.088350e+03
1.088350e+03
1.088350e+03
1.088350e+03
1.088350e+03
1.088350e+03
1.088350e+03
1.088350e+03
1.088350e+03
1.088350e+03
1.088350e+03
1.088350e+03
1.088350e+03
1.101640e+03
1.101640e+03
1.101640e+03
1.101640e+03
1.101640e+03
1.101640e+03
1.001640e+03
1.001640e+03
1076
1076
1076
1076
1076
1.081030e+03
1.081030e+03
1.081030e+03
1.081030e+03
1.081030e+03
1.081030e+03
1.081030e+03
1.069700e+03
1.069700e+03
1.063970e+03
1.063970e+03
1.061110e+03
1.061110e+03
1.061110e+03
1.059980e+03
1.059980e+03
1.059980e+03
1.059980e+03
1.059980e+03
1.059980e+03
1.059980e+03
1.044970e+03
1.044970e+03
1.042100e+03
1.042100e+03
1.042810e+03
1.042810e+03
1.042810e+03
4.601100e+02
4.601100e+02
4.601100e+02
4.601100e+02
4.601100e+02
4.601100e+02
4.601100e+02
4.077600e+02
4.077600e+02
4.004400e+02
4.004400e+02
9.824800e+02
9.824800e+02
9.824800e+02
9.801400e+02
9.801400e+02
9.801400e+02
9.801400e+02
9.801400e+02
9.801400e+02
9.801400e+02
9.801400e+02
9.801400e+02
9.801400e+02
9.801400e+02
9.801400e+02
9.801400e+02
9.801400e+02
9.972300e+02
9.972300e+02
9.956100e+02
9.956100e+02
9.956100e+02
9.956100e+02
9.956100e+02
1.003910e+03
1.003910e+03
1.003410e+03
1.003410e+03
1.003050e+03
1.003050e+03
1.003050e+03
6.910100e+02
6.910100e+02
6.910100e+02
6.910100e+02
6.910100e+02
6.910100e+02
6.910100e+02
9.869600e+02
9.869600e+02
9.829800e+02
9.829800e+02
9.906400e+02
9.906400e+02
9.906400e+02
9.833700e+02
9.833700e+02
9.833700e+02
9.833700e+02
9.833700e+02
9.833700e+02
9.833700e+02
9.775600e+02
9.775600e+02
9.745400e+02
9.745400e+02
9.694400e+02
9.694400e+02
9.694400e+02
9.694400e+02
9.694400e+02
9.694400e+02
9.694400e+02
9.694400e+02
9.694400e+02
9.694400e+02
9.694400e+02
9.694400e+02
1012
1012
1.006350e+03
1.006350e+03
1.006350e+03
1.016700e+03
1.016700e+03
1.014440e+03
1.014440e+03
1.014440e+03
1.014440e+03
1.014440e+03
1.002660e+03
1.002660e+03
1.001450e+03
1.001450e+03
1.000950e+03
1.000950e+03
1.000950e+03
9.946600e+02
9.946600e+02
9.946600e+02
9.946600e+02
9.829100e+02
9.829100e+02
9.829100e+02
9.815300e+02
9.815300e+02
9.800600e+02
9.800600e+02
9.797800e+02
9.797800e+02
9.797800e+02
9.762900e+02
9.762900e+02
9.762900e+02
9.762900e+02
9.762900e+02
9.762900e+02
9.762900e+02
9.987200e+02
9.987200e+02
9.748100e+02
9.748100e+02
9.671000e+02
9.671000e+02
9.671000e+02
9.597800e+02
9.597800e+02
9.605500e+02
9.605500e+02
9.536200e+02
9.536200e+02
9.536200e+02
9.460400e+02
9.460400e+02
9.460400e+02
9.460400e+02
9.466500e+02
9.466500e+02
9.466500e+02
9.399400e+02
9.399400e+02
9.494600e+02
9.494600e+02
9.494600e+02
9.494600e+02
9.494600e+02
9.557000e+02
9.557000e+02
9.437200e+02
9.437200e+02
9.576800e+02
9.576800e+02
9.576800e+02
9.535700e+02
9.535700e+02
9.535700e+02
9.535700e+02
9.416900e+02
9.416900e+02
9.416900e+02
9.530800e+02
9.530800e+02
9.530800e+02
9.453000e+02
9.389900e+02
9.389900e+02
9.389900e+02
9.408700e+02
9.408700e+02
9.408700e+02
9.408700e+02
9.408700e+02
9.408700e+02
9.408700e+02
9.376300e+02
9.376300e+02
9.373700e+02
9.373700e+02
9.361500e+02
9.361500e+02
9.361500e+02
9.372300e+02
9.372300e+02
9.401700e+02
9.401700e+02
9.417000e+02
9.417000e+02
9.417000e+02
9.428000e+02
9.428000e+02
9.640700e+02
9.640700e+02
9.567900e+02
9.567900e+02
9.567900e+02
9.567100e+02
9.567100e+02
9.542200e+02
9.542200e+02
9.459200e+02
9.459200e+02
9.459200e+02
9.540100e+02
9.540100e+02
9.644900e+02
9.644900e+02
1.005130e+03
1.005130e+03
1.005130e+03
1.010570e+03
1.010570e+03
1.010570e+03
1.010570e+03
1.018850e+03
1.018850e+03
1.018850e+03
1.019860e+03
1.019860e+03
1.018280e+03
1.018280e+03
1.020610e+03
1.020610e+03
1.020610e+03
1.020340e+03
1.020340e+03
1.021610e+03
1.021610e+03
1.021610e+03
1.021610e+03
1.021610e+03
1.038230e+03
1.038230e+03
1.030230e+03
1.030230e+03
1.020270e+03
1.020270e+03
1.020270e+03
1.008350e+03
1.008350e+03
1.006810e+03
1.006810e+03
9.938800e+02
9.938800e+02
9.938800e+02
9.893000e+02
9.893000e+02
9.800800e+02
9.800800e+02
9.800800e+02
9.800800e+02
9.800800e+02
9.787800e+02
9.787800e+02
9.744800e+02
9.744800e+02
9.279300e+02
9.279300e+02
9.279300e+02
9.721300e+02
9.721300e+02
9.661400e+02
9.661400e+02
9.692700e+02
9.692700e+02
9.692700e+02
9.888500e+02
9.888500e+02
9.888500e+02
9.888500e+02
9.888500e+02
9.888500e+02
9.888500e+02
9.567400e+02
9.567400e+02
8.547100e+02
8.547100e+02
9.494700e+02
9.494700e+02
9.494700e+02
9.586500e+02
9.586500e+02
9.586500e+02
9.586500e+02
9.577200e+02
9.577200e+02
9.577200e+02
9.535600e+02
9.535600e+02
9.535100e+02
9.535100e+02
9.535100e+02
9.535100e+02
9.535100e+02
9.465300e+02
9.465300e+02
9.504100e+02
9.504100e+02
9.457000e+02
9.457000e+02
9.457000e+02
4.903300e+02
4.903300e+02
4.652900e+02
4.652900e+02
9.110900e+02
9.110900e+02
9.110900e+02
9.186100e+02
9.186100e+02
907
907
9.044300e+02
9.044300e+02
9.044300e+02
8.935700e+02
8.935700e+02
8.935700e+02
8.935700e+02
8.923500e+02
8.923500e+02
8.923500e+02
8.904600e+02
8.904600e+02
8.904600e+02
8.904600e+02
8.904600e+02
8.904600e+02
8.904600e+02
8.906300e+02
8.906300e+02
8.837300e+02
8.837300e+02
8.837300e+02
8.837300e+02
8.837300e+02
8.796500e+02
8.796500e+02
8.812200e+02
8.812200e+02
8.791400e+02
8.791400e+02
8.791400e+02
8.827100e+02
8.827100e+02
8.840700e+02
8.840700e+02
8.791500e+02
8.791500e+02
8.791500e+02
8.737800e+02
8.737800e+02
8.705200e+02
8.705200e+02
8.705200e+02
8.705200e+02
8.705200e+02
8.705200e+02
8.705200e+02
8.673200e+02
8.673200e+02
8.673200e+02
8.673200e+02
8.673200e+02
8.679100e+02
8.679100e+02
8.523400e+02
8.523400e+02
8.612400e+02
8.612400e+02
8.612400e+02
8.575400e+02
8.575400e+02
8.524600e+02
8.524600e+02
8.531800e+02
8.531800e+02
8.531800e+02
8.477200e+02
8.477200e+02
8.480100e+02
8.480100e+02
8.480100e+02
8.480100e+02
8.480100e+02
8.508200e+02
8.508200e+02
8.413400e+02
8.413400e+02
8.413400e+02
8.413400e+02
8.413400e+02
8.404800e+02
8.404800e+02
8.397100e+02
8.397100e+02
8.383800e+02
8.383800e+02
8.383800e+02
8.382400e+02
8.382400e+02
8.272300e+02
8.272300e+02
8.272300e+02
8.272300e+02
8.272300e+02
8.272300e+02
8.272300e+02
8.253300e+02
8.253300e+02
8.163500e+02
8.163500e+02
8.163500e+02
8.131700e+02
8.131700e+02
8.118300e+02
8.118300e+02
8.118300e+02
8.118300e+02
8.118300e+02
8.071900e+02
8.071900e+02
7.997300e+02
7.997300e+02
7.997300e+02
7.997300e+02
7.997300e+02
7.984600e+02
7.984600e+02
7.944400e+02
7.944400e+02
7.944400e+02
7.944400e+02
7.944400e+02
7.884600e+02
7.884600e+02
8.007700e+02
8.007700e+02
8.007700e+02
8.007700e+02
8.007700e+02
7.939400e+02
7.939400e+02
7.903400e+02
7.903400e+02
7.903400e+02
7.903400e+02
7.903400e+02
7.840800e+02
7.840800e+02
7.815600e+02
7.815600e+02
7.815600e+02
7.815600e+02
7.815600e+02
7.825600e+02
7.825600e+02
7.765600e+02
7.765600e+02
7.765600e+02
7.765600e+02
7.765600e+02
7.748900e+02
7.748900e+02
7.748900e+02
7.748900e+02
7.702000e+02
7.702000e+02
7.702000e+02
7.737300e+02
7.737300e+02
7.667100e+02
7.667100e+02
7.667100e+02
7.667100e+02
7.667100e+02
7.667100e+02
7.667100e+02
7.600200e+02
7.600200e+02
7.600200e+02
7.600200e+02
7.600200e+02
762
762
762
762
7.606100e+02
7.606100e+02
7.606100e+02
7.565600e+02
7.565600e+02
7.517200e+02
7.517200e+02
7.530700e+02
7.530700e+02
7.530700e+02
7.473800e+02
7.473800e+02
7.472100e+02
7.472100e+02
7.472100e+02
7.472100e+02
7.472100e+02
7.461100e+02
7.461100e+02
7.459400e+02
7.459400e+02
7.421400e+02
7.421400e+02
7.421400e+02
7.420800e+02
7.420800e+02
7.415300e+02
7.415300e+02
7.415300e+02
7.415300e+02
7.415300e+02
7.314900e+02
7.314900e+02
7.329200e+02
7.329200e+02
7.328500e+02
7.328500e+02
7.328500e+02
7.328500e+02
7.328500e+02
7.328500e+02
7.328500e+02
7.328500e+02
7.328500e+02
7.328500e+02
7.251900e+02
7.251900e+02
7.249900e+02
7.249900e+02
7.340600e+02
7.340600e+02
7.340600e+02
7.340600e+02
7.340600e+02
7.408500e+02
7.408500e+02
7.408500e+02
7.408500e+02
7.408500e+02
7.328500e+02
7.328500e+02
7.302200e+02
7.302200e+02
7.263600e+02
7.263600e+02
7.263600e+02
7.263600e+02
7.263600e+02
7.263600e+02
7.263600e+02
7.263600e+02
7.263600e+02
7.263600e+02
7.177200e+02
7.177200e+02
7.177200e+02
7.177200e+02
7.177200e+02
7.177200e+02
7.177200e+02
7.188000e+02
7.188000e+02
7.163200e+02
7.163200e+02
7.138000e+02
7.138000e+02
7.138000e+02
708
708
698
698
697
697
697
697
697
694
694
692
692
692
689
689
682
682
682
682
682
704
704
704
704
704
704
704
7.006100e+02
7.006100e+02
7.099300e+02
7.099300e+02
7.095300e+02
7.095300e+02
7.095300e+02
7.153500e+02
7.153500e+02
7.160100e+02
7.160100e+02
7.171300e+02
7.171300e+02
7.171300e+02
7.223400e+02
7.223400e+02
7.223400e+02
7.223400e+02
7.336800e+02
7.336800e+02
7.336800e+02
7.382100e+02
7.382100e+02
7.403700e+02
7.403700e+02
7.406200e+02
7.406200e+02
7.406200e+02
7.447400e+02
7.447400e+02
7.461300e+02
7.461300e+02
7.526300e+02
7.526300e+02
7.526300e+02
7.638000e+02
7.638000e+02
7.638000e+02
7.638000e+02
7.682600e+02
7.682600e+02
7.682600e+02
7.732500e+02
7.732500e+02
7.732500e+02
7.732500e+02
7.668900e+02
7.668900e+02
7.668900e+02
7.691100e+02
7.691100e+02
7.656000e+02
7.656000e+02
7.653800e+02
7.653800e+02
7.653800e+02
7.581000e+02
7.581000e+02
7.606900e+02
7.606900e+02
7.606900e+02
7.606900e+02
7.606900e+02
7.432700e+02
7.432700e+02
7.573900e+02
7.573900e+02
7.569700e+02
7.569700e+02
7.569700e+02
7.531900e+02
7.531900e+02
7.490500e+02
7.490500e+02
7.486600e+02
7.486600e+02
7.486600e+02
7.412100e+02
7.412100e+02
7.349200e+02
7.349200e+02
7.343400e+02
7.343400e+02
7.343400e+02
7.216600e+02
7.216600e+02
7.216600e+02
7.216600e+02
3.607800e+02
3.607800e+02
3.607800e+02
7.337300e+02
7.337300e+02
7.433900e+02
7.433900e+02
7.621000e+02
7.621000e+02
7.621000e+02
7.621000e+02
7.621000e+02
7.621000e+02
7.621000e+02
7.621000e+02
7.621000e+02
7.621000e+02
7.894600e+02
7.894600e+02
7.943200e+02
7.943200e+02
7.943200e+02
7.943200e+02
7.943200e+02
7.951500e+02
7.951500e+02
7.879600e+02
7.879600e+02
787
787
787
7.801400e+02
7.801400e+02
7.963000e+02
7.963000e+02
8.045800e+02
8.045800e+02
8.045800e+02
8.110700e+02
8.110700e+02
8.162400e+02
8.162400e+02
8.162400e+02
