0
0
0
0
0
0
0
0
0
0
0
0
0
0
0
0
0
0
0
0
0
0
0
0
0
0
0
0
0
0
0
0
0
0
0
0
0
0
0
0
0
0
0
0
0
0
0
0
0
0
0
0
0
0
0
0
0
0
0
0
0
0
0
0
0
0
0
0
0
0
0
0
0
0
0
0
0
0
0
0
0
0
0
0
0
0
0
0
0
0
0
0
0
0
0
0
0
0
0
0
0
0
0
0
0
0
0
0
0
0
0
0
0
0
0
0
0
0
0
0
0
0
0
0
0
0
0
0
0
0
0
0
0
0
0
0
0
0
0
0
0
0
0
0
0
0
0
0
0
0
0
0
0
0
0
0
0
0
0
0
0
0
0
0
0
0
0
0
0
0
0
0
0
0
0
0
0
0
0
0
0
0
0
0
0
0
0
0
0
0
0
0
0
0
0
0
0
0
0
0
0
0
0
0
0
0
0
0
0
0
0
0
0
0
0
0
0
0
0
0
0
0
0
0
0
0
0
0
0
0
0
0
0
0
0
0
0
0
0
0
0
0
0
0
0
0
0
0
0
0
0
0
0
0
0
0
0
0
0
0
0
0
0
0
0
0
0
0
0
0
0
0
0
0
0
0
0
0
0
0
0
0
0
0
0
0
0
0
0
0
0
0
0
0
0
0
0
0
0
0
0
0
0
0
0
0
0
0
0
0
0
0
0
0
0
0
0
0
0
0
0
0
0
0
0
0
0
0
0
0
0
0
0
0
0
0
0
0
0
0
0
0
0
0
0
0
0
0
0
0
0
0
0
0
0
0
0
0
0
0
0
0
0
0
0
0
0
0
0
0
0
0
0
0
0
0
0
0
0
0
0
0
0
0
0
0
0
0
0
0
0
0
0
0
0
0
0
0
0
0
0
0
0
0
0
0
0
0
0
0
0
0
0
0
0
0
0
0
0
0
0
0
0
0
0
0
0
0
0
0
0
0
0
0
0
0
0
0
0
0
0
0
0
0
0
0
0
0
0
0
0
0
0
0
0
0
0
0
0
0
0
0
0
0
0
0
0
0
0
0
0
0
0
0
0
0
0
0
0
0
0
0
0
0
0
0
0
0
0
0
0
0
0
0
0
0
0
0
0
0
0
0
0
0
0
0
0
0
0
0
0
0
0
0
0
0
0
0
0
0
0
0
0
0
0
0
0
0
0
0
0
0
0
0
0
0
0
0
0
0
0
0
0
0
0
0
0
0
0
0
0
0
0
0
0
0
0
0
0
0
0
0
0
0
0
0
0
0
0
0
0
0
0
0
0
0
0
0
0
0
0
0
0
0
0
0
0
0
0
0
0
0
0
0
0
0
0
0
0
0
0
0
0
0
0
0
0
0
0
0
0
0
0
0
0
0
0
0
0
0
0
0
0
0
0
0
0
0
0
0
0
0
0
0
0
0
0
0
0
0
0
0
0
0
0
0
0
0
0
0
0
0
0
0
0
0
0
0
0
0
0
0
0
0
0
0
0
0
0
0
0
0
0
0
0
0
0
0
0
0
0
0
0
0
0
0
0
0
0
0
0
0
0
0
0
0
0
0
0
0
0
0
0
0
0
0
0
0
0
0
0
0
0
0
0
0
0
0
0
0
0
0
0
0
0
0
0
0
0
0
0
0
0
0
0
0
0
0
0
0
0
0
0
0
0
0
0
0
0
0
0
0
0
0
0
0
0
0
0
0
0
0
0
0
0
0
0
0
0
0
0
0
0
0
0
0
0
0
0
0
0
0
0
0
0
0
0
0
0
0
0
0
0
0
0
0
0
0
0
0
0
0
0
0
0
0
0
0
0
0
0
0
0
0
0
0
0
0
0
0
0
0
0
0
0
0
0
0
0
0
0
0
0
0
0
0
0
0
0
0
0
0
0
0
0
0
0
0
0
0
0
0
0
0
0
0
0
0
0
0
0
0
0
0
0
0
0
0
0
0
0
0
0
0
0
0
0
0
0
0
0
0
0
0
0
0
0
0
0
0
0
0
0
0
0
0
0
0
0
0
0
0
0
0
0
0
0
0
0
0
0
0
0
0
0
0
0
0
0
0
0
0
0
0
0
0
0
0
0
0
0
0
0
0
0
0
0
0
0
0
0
0
0
0
0
0
0
0
0
0
0
0
0
0
0
0
0
0
0
0
0
0
0
0
0
0
0
0
0
0
0
0
0
0
0
0
0
0
0
0
0
0
0
0
0
0
0
0
0
0
0
0
0
0
0
0
0
0
0
0
0
0
0
0
0
0
0
0
0
0
0
0
0
0
0
0
0
0
0
0
0
0
0
0
0
0
0
0
0
0
0
0
0
0
0
0
0
0
0
0
0
0
0
0
0
0
0
0
0
0
0
0
0
0
0
0
0
0
0
0
0
0
0
0
0
0
0
0
0
0
0
0
0
0
0
0
0
0
0
0
0
0
0
0
0
0
0
0
0
0
0
0
0
0
0
0
0
0
0
0
0
0
0
0
0
0
0
0
0
0
0
0
0
0
0
0
0
0
0
0
0
0
0
0
0
0
0
0
0
0
0
0
0
0
0
0
0
0
0
0
0
0
0
0
0
0
0
0
0
0
0
0
0
0
0
0
0
0
0
0
0
0
0
0
0
0
0
0
0
0
0
0
0
0
0
0
0
0
0
0
0
0
0
0
0
0
0
0
0
0
0
0
0
0
0
0
0
0
0
0
0
0
0
0
0
0
0
0
0
0
0
0
0
0
0
0
0
0
0
0
0
0
0
0
0
0
0
0
0
0
0
0
0
0
0
0
0
0
0
0
0
0
0
0
0
0
0
0
0
0
0
0
0
0
0
0
0
0
0
0
0
0
0
0
0
0
0
0
0
0
0
0
0
0
0
0
0
0
0
0
0
0
0
0
0
0
0
0
0
0
0
0
0
0
0
0
0
0
0
0
0
0
0
0
0
0
0
0
0
0
0
0
0
0
0
0
0
0
0
0
0
0
0
0
0
0
0
0
0
0
0
0
0
0
0
0
0
0
0
0
0
0
0
0
0
0
0
0
0
0
0
0
0
0
0
0
0
0
0
0
0
0
0
0
0
0
0
0
0
0
0
0
0
0
0
0
0
0
0
0
0
0
0
0
0
0
0
0
0
0
0
0
0
0
0
0
0
0
0
0
0
0
0
0
0
0
0
0
0
0
0
0
0
0
0
0
0
0
0
0
0
0
0
0
0
0
0
0
0
0
0
0
0
0
0
0
0
0
0
0
0
0
0
0
0
0
0
0
0
0
0
0
0
0
0
0
0
0
0
0
0
0
0
0
0
0
0
0
0
0
0
0
0
0
0
0
0
0
0
0
0
0
0
0
0
0
0
0
0
0
0
0
0
0
0
0
0
0
0
0
0
0
0
0
0
0
0
0
0
0
0
0
0
0
0
0
0
0
0
0
0
0
0
0
0
0
0
0
0
0
0
0
0
0
0
8.506000e+01
7.319000e+01
8.396000e+01
1.163000e+02
1.163000e+02
1.163000e+02
1.849300e+02
1.849300e+02
1.849300e+02
1.849300e+02
1.849300e+02
1.849300e+02
1.849300e+02
3.280700e+02
3.280700e+02
3.280700e+02
3.258800e+02
3.258800e+02
3.258800e+02
3.258800e+02
3.624100e+02
3.624100e+02
3.624100e+02
3.624100e+02
3.624100e+02
3.624100e+02
3.624100e+02
2.863000e+02
2.863000e+02
2.863000e+02
3.176600e+02
3.311400e+02
3.311400e+02
3.311400e+02
3.424700e+02
3.424700e+02
3.424700e+02
3.424700e+02
3.424700e+02
3.424700e+02
3.424700e+02
3.913000e+02
3.913000e+02
3.811400e+02
3.811400e+02
2.336900e+02
2.336900e+02
2.336900e+02
4.099600e+02
4.099600e+02
4.099600e+02
4.099600e+02
4.099600e+02
4.099600e+02
4.099600e+02
4.635500e+02
4.635500e+02
4.809400e+02
4.809400e+02
4.809400e+02
4.809400e+02
4.809400e+02
3.631800e+02
3.631800e+02
3.102700e+02
3.102700e+02
2.894800e+02
2.894800e+02
2.894800e+02
2.894800e+02
2.894800e+02
2.631400e+02
2.631400e+02
2.812500e+02
2.812500e+02
2.812500e+02
3.202500e+02
3.202500e+02
3.433900e+02
3.433900e+02
0
0
0
3.587100e+02
3.587100e+02
3.796400e+02
3.796400e+02
3.574800e+02
4.467800e+02
4.467800e+02
5.461400e+02
5.461400e+02
5.461400e+02
5.461400e+02
5.721400e+02
5.721400e+02
5.721400e+02
5.967700e+02
5.967700e+02
3.554300e+02
3.554300e+02
3.554300e+02
3.554300e+02
3.554300e+02
5.850700e+02
5.850700e+02
5.338600e+02
5.338600e+02
5.338600e+02
5.338600e+02
5.338600e+02
5.338600e+02
5.338600e+02
3.223800e+02
3.223800e+02
2.990300e+02
2.990300e+02
2.990300e+02
2.703800e+02
2.703800e+02
2.451600e+02
2.451600e+02
2.323700e+02
2.323700e+02
2.323700e+02
2.323700e+02
2.323700e+02
2.323700e+02
2.323700e+02
2.323700e+02
2.323700e+02
2.323700e+02
2.323700e+02
2.323700e+02
9.312000e+01
9.312000e+01
9.312000e+01
9.312000e+01
9.312000e+01
8.979000e+01
8.979000e+01
8.887000e+01
8.887000e+01
8.802000e+01
8.802000e+01
8.802000e+01
8.824000e+01
8.824000e+01
8.775000e+01
8.775000e+01
8.602000e+01
8.602000e+01
8.602000e+01
8.819000e+01
8.819000e+01
8.334000e+01
8.334000e+01
8.428000e+01
8.428000e+01
8.428000e+01
8.295000e+01
8.295000e+01
8.644000e+01
8.644000e+01
8.644000e+01
8.644000e+01
8.644000e+01
8.644000e+01
8.644000e+01
8.644000e+01
8.644000e+01
8.644000e+01
4.591000e+01
4.591000e+01
4.591000e+01
4.591000e+01
4.591000e+01
4.591000e+01
4.408000e+01
4.408000e+01
4.408000e+01
5.765000e+01
5.765000e+01
5.765000e+01
5.765000e+01
1.159900e+02
1.159900e+02
1.159900e+02
8.637000e+01
8.637000e+01
6.295000e+01
6.295000e+01
5.901000e+01
5.901000e+01
5.901000e+01
5.710000e+01
5.710000e+01
5.710000e+01
5.710000e+01
5.710000e+01
5.710000e+01
5.710000e+01
5.710000e+01
5.710000e+01
5.710000e+01
5.710000e+01
5.710000e+01
5.710000e+01
5.710000e+01
5.710000e+01
5.710000e+01
5.267000e+01
5.267000e+01
1.628500e+02
1.628500e+02
1.628500e+02
5.356000e+01
5.356000e+01
5.356000e+01
5.356000e+01
5.356000e+01
5.356000e+01
5.356000e+01
5.356000e+01
5.356000e+01
2.494900e+02
2.494900e+02
9.623000e+01
9.623000e+01
9.623000e+01
1.285800e+02
1.285800e+02
0
0
1.059400e+02
1.059400e+02
1.059400e+02
1.029100e+02
1.029100e+02
1.402000e+02
1.402000e+02
1.933800e+02
1.933800e+02
1.933800e+02
1.933900e+02
1.933900e+02
1.933900e+02
1.933900e+02
1.978100e+02
1.978100e+02
1.978100e+02
2.101100e+02
2.101100e+02
2.144200e+02
2.144200e+02
2.144200e+02
2.144200e+02
2.144200e+02
0
0
4.998000e+01
4.998000e+01
4.998000e+01
4.998000e+01
4.998000e+01
1.424400e+02
1.424400e+02
1.214100e+02
1.214100e+02
1.906600e+02
1.906600e+02
1.906600e+02
1.993000e+02
1.993000e+02
1.993000e+02
1.993000e+02
1.993000e+02
1.993000e+02
1.993000e+02
1.977300e+02
1.977300e+02
1.977300e+02
1.977300e+02
1.977300e+02
1.977300e+02
1.977300e+02
2.217800e+02
2.217800e+02
2.322600e+02
2.322600e+02
2.322600e+02
2.322600e+02
2.322600e+02
2.322600e+02
2.322600e+02
2.468800e+02
2.468800e+02
2.468800e+02
2.468800e+02
2.468800e+02
2.695000e+02
2.695000e+02
2.695000e+02
2.695000e+02
2.695000e+02
2.695000e+02
2.695000e+02
0
0
0
0
0
0
0
0
0
0
0
0
0
0
0
0
0
0
0
0
0
0
0
0
0
0
0
0
0
0
0
0
0
0
0
0
0
0
0
0
0
0
0
0
0
0
0
0
0
0
0
0
0
0
0
0
0
0
0
0
0
0
0
0
0
0
0
0
0
0
9.061000e+01
9.061000e+01
9.061000e+01
9.061000e+01
9.061000e+01
9.061000e+01
9.061000e+01
9.061000e+01
9.061000e+01
7.967000e+01
7.967000e+01
7.967000e+01
7.967000e+01
7.967000e+01
1.612500e+02
1.612500e+02
1.612500e+02
1.612500e+02
1.612500e+02
1.612500e+02
1.612500e+02
1.612500e+02
1.612500e+02
1.612500e+02
1.612500e+02
1.612500e+02
1.612500e+02
1.612500e+02
2.668600e+02
2.668600e+02
2.668600e+02
2.668600e+02
2.668600e+02
2.668600e+02
2.668600e+02
3.005400e+02
3.005400e+02
3.005400e+02
3.005400e+02
3.005400e+02
3.005400e+02
3.005400e+02
3.528000e+02
3.528000e+02
3.528000e+02
3.528000e+02
3.528000e+02
3.528000e+02
3.528000e+02
3.941200e+02
3.941200e+02
4.025600e+02
4.025600e+02
3.979300e+02
3.979300e+02
3.979300e+02
3.973700e+02
3.973700e+02
3.825500e+02
3.825500e+02
1.207600e+02
1.207600e+02
1.207600e+02
3.752800e+02
3.752800e+02
3.741900e+02
3.741900e+02
3.704100e+02
3.704100e+02
3.704100e+02
3.680900e+02
3.680900e+02
3.680900e+02
3.680900e+02
3.680900e+02
3.680900e+02
3.680900e+02
1.849900e+02
1.849900e+02
2.681900e+02
2.681900e+02
3.057600e+02
3.057600e+02
3.057600e+02
3.057600e+02
3.057600e+02
3.057600e+02
3.057600e+02
3.264400e+02
3.264400e+02
3.264400e+02
3.307800e+02
3.307800e+02
3.325800e+02
3.325800e+02
3.325800e+02
3.325800e+02
3.325800e+02
3.325800e+02
3.325800e+02
3.325800e+02
3.325800e+02
3.325800e+02
3.325800e+02
3.325800e+02
3.325800e+02
3.325800e+02
308
308
308
308
308
308
308
308
308
308
308
308
308
308
308
308
308
308
308
308
308
2.617200e+02
2.617200e+02
2.617200e+02
2.617200e+02
2.617200e+02
2.617200e+02
2.617200e+02
2.617200e+02
2.617200e+02
2.617200e+02
2.617200e+02
2.617200e+02
2.617200e+02
2.706800e+02
2.706800e+02
2.706800e+02
2.706800e+02
2.706800e+02
2.706800e+02
2.738800e+02
2.738800e+02
2.873500e+02
2.873500e+02
2.873500e+02
2.873500e+02
2.873500e+02
2.780500e+02
2.780500e+02
2.780500e+02
2.780500e+02
2.780500e+02
2.780500e+02
2.780500e+02
2.822000e+02
2.822000e+02
2.671800e+02
2.671800e+02
2.585100e+02
2.585100e+02
2.585100e+02
2.453100e+02
2.453100e+02
2.453100e+02
2.453100e+02
2.453100e+02
2.453100e+02
2.453100e+02
2.254500e+02
2.254500e+02
2.223400e+02
2.223400e+02
2.198100e+02
2.198100e+02
2.198100e+02
2.257700e+02
2.257700e+02
2.257700e+02
2.257700e+02
2.257700e+02
2.257700e+02
2.257700e+02
2.163100e+02
2.163100e+02
2.204300e+02
2.204300e+02
2.153300e+02
2.153300e+02
2.153300e+02
2.143500e+02
2.143500e+02
2.143500e+02
2.143500e+02
2.143500e+02
2.143500e+02
2.143500e+02
2.143500e+02
2.143500e+02
2.143500e+02
2.143500e+02
2.143500e+02
2.143500e+02
2.143500e+02
1.947500e+02
1.947500e+02
1.939400e+02
1.939400e+02
1.939400e+02
1.939400e+02
1.939400e+02
1.904400e+02
1.904400e+02
1.875800e+02
1.875800e+02
1.896600e+02
1.896600e+02
1.896600e+02
1.933200e+02
1.933200e+02
1.933200e+02
1.933200e+02
1.933200e+02
1.933200e+02
1.933200e+02
2.027400e+02
2.027400e+02
2.018200e+02
2.018200e+02
2.090300e+02
2.090300e+02
2.090300e+02
2.104900e+02
2.104900e+02
2.104900e+02
2.104900e+02
2.104900e+02
2.104900e+02
2.104900e+02
2.111700e+02
2.111700e+02
2.140800e+02
2.140800e+02
2.132400e+02
2.132400e+02
2.132400e+02
2.132400e+02
2.132400e+02
2.132400e+02
2.132400e+02
2.132400e+02
2.132400e+02
2.132400e+02
2.132400e+02
2.132400e+02
2.216300e+02
2.216300e+02
2.196100e+02
2.196100e+02
2.196100e+02
2.232000e+02
2.232000e+02
2.524400e+02
2.524400e+02
2.524400e+02
2.524400e+02
2.524400e+02
2.408300e+02
2.408300e+02
2.325500e+02
2.325500e+02
2.331400e+02
2.331400e+02
2.331400e+02
2.261800e+02
2.261800e+02
2.261800e+02
2.261800e+02
2.204800e+02
2.204800e+02
2.204800e+02
2.183300e+02
2.183300e+02
2.170600e+02
2.170600e+02
2.167700e+02
2.167700e+02
2.167700e+02
2.147600e+02
2.147600e+02
2.147600e+02
2.147600e+02
2.147600e+02
2.147600e+02
2.147600e+02
2.609200e+02
2.609200e+02
2.469100e+02
2.469100e+02
2.422200e+02
2.422200e+02
2.422200e+02
2.401200e+02
2.401200e+02
2.401700e+02
2.401700e+02
2.392900e+02
2.392900e+02
2.392900e+02
2.332500e+02
2.332500e+02
2.332500e+02
2.332500e+02
2.638200e+02
2.638200e+02
2.638200e+02
2.486400e+02
2.486400e+02
2.472200e+02
2.472200e+02
2.472200e+02
2.472200e+02
2.472200e+02
2.494300e+02
2.494300e+02
2.434500e+02
2.434500e+02
1.657400e+02
1.657400e+02
1.657400e+02
2.673000e+02
2.673000e+02
2.601200e+02
2.601200e+02
2.563200e+02
2.563200e+02
2.563200e+02
2.607100e+02
2.607100e+02
2.607100e+02
254
2.500400e+02
2.500400e+02
2.500400e+02
2.541200e+02
2.541200e+02
2.541200e+02
2.541200e+02
2.541200e+02
2.541200e+02
2.541200e+02
246
246
2.436700e+02
2.436700e+02
2.429800e+02
2.429800e+02
2.429800e+02
2.417700e+02
2.417700e+02
2.420500e+02
2.420500e+02
2.409700e+02
2.409700e+02
2.409700e+02
2.404500e+02
2.404500e+02
2.415700e+02
2.415700e+02
2.419700e+02
2.419700e+02
2.419700e+02
2.409000e+02
2.409000e+02
2.405900e+02
2.405900e+02
2.400900e+02
2.400900e+02
2.400900e+02
2.419400e+02
2.419400e+02
2.441400e+02
2.441400e+02
2.458700e+02
2.458700e+02
2.458700e+02
2.461600e+02
2.461600e+02
2.461600e+02
2.461600e+02
2.468100e+02
2.468100e+02
2.468100e+02
2.471300e+02
2.471300e+02
2.470900e+02
2.470900e+02
2.475800e+02
2.475800e+02
2.475800e+02
2.492000e+02
2.492000e+02
2.470700e+02
2.470700e+02
2.470700e+02
2.470700e+02
2.470700e+02
2.516700e+02
2.516700e+02
2.495500e+02
2.495500e+02
3.086400e+02
3.086400e+02
3.086400e+02
2.982000e+02
2.982000e+02
2.962000e+02
2.962000e+02
2.918400e+02
2.918400e+02
2.918400e+02
2.868200e+02
2.868200e+02
2.868200e+02
2.868200e+02
2.868200e+02
2.868200e+02
2.868200e+02
2.794100e+02
2.794100e+02
2.778300e+02
2.778300e+02
2.763900e+02
2.763900e+02
2.763900e+02
2.762300e+02
2.762300e+02
2.762300e+02
2.762300e+02
2.871900e+02
2.871900e+02
2.871900e+02
3.017200e+02
3.017200e+02
3.017200e+02
3.017200e+02
3.017200e+02
3.017200e+02
3.017200e+02
2.832100e+02
2.832100e+02
2.820500e+02
2.820500e+02
2.773600e+02
2.773600e+02
2.773600e+02
2.772800e+02
2.772800e+02
2.772800e+02
2.772800e+02
2.728400e+02
2.728400e+02
2.728400e+02
2.678300e+02
2.678300e+02
2.678300e+02
2.678300e+02
2.678300e+02
2.678300e+02
2.678300e+02
2.629100e+02
2.629100e+02
2.630400e+02
2.630400e+02
2.606000e+02
2.606000e+02
2.606000e+02
2.648100e+02
2.648100e+02
2.665600e+02
2.665600e+02
2.634800e+02
2.634800e+02
2.634800e+02
2.586400e+02
2.586400e+02
256
256
2.555700e+02
2.555700e+02
2.555700e+02
2.519300e+02
2.519300e+02
2.519300e+02
2.519300e+02
2.491100e+02
2.491100e+02
2.491100e+02
2.473500e+02
2.473500e+02
2.473500e+02
2.473500e+02
2.473500e+02
2.473500e+02
2.473500e+02
2.488200e+02
2.488200e+02
2.488200e+02
2.488200e+02
2.488200e+02
2.488200e+02
2.488200e+02
2.488200e+02
2.488200e+02
2.488200e+02
2.488200e+02
2.488200e+02
2.488200e+02
2.488200e+02
2.488200e+02
2.488200e+02
2.488200e+02
2.488200e+02
2.302700e+02
2.302700e+02
2.302700e+02
2.904400e+02
2.904400e+02
2.904400e+02
2.904400e+02
2.904400e+02
2.904400e+02
2.904400e+02
2.904400e+02
2.904400e+02
2.804400e+02
2.804400e+02
2.804400e+02
2.804400e+02
2.804400e+02
2.767200e+02
2.767200e+02
2.758600e+02
2.758600e+02
2.750500e+02
2.750500e+02
2.750500e+02
2.735900e+02
2.735900e+02
2.715500e+02
2.715500e+02
2.703800e+02
2.703800e+02
2.703800e+02
2.709000e+02
2.709000e+02
2.693900e+02
2.693900e+02
2.693900e+02
2.693900e+02
2.693900e+02
2.652500e+02
2.652500e+02
261
261
261
261
261
2.595800e+02
2.595800e+02
2.594100e+02
2.594100e+02
2.592700e+02
2.592700e+02
2.592700e+02
2.601500e+02
2.601500e+02
2.555300e+02
2.555300e+02
2.555300e+02
2.555300e+02
2.555300e+02
2.555300e+02
2.555300e+02
2.539400e+02
2.539400e+02
2.510600e+02
2.510600e+02
2.510600e+02
2.490300e+02
2.490300e+02
2.840700e+02
2.840700e+02
2.840700e+02
2.840700e+02
2.840700e+02
2.483300e+02
2.483300e+02
2.443200e+02
2.443200e+02
2.421700e+02
2.421700e+02
2.421700e+02
2.421400e+02
2.421400e+02
2.404500e+02
2.404500e+02
2.404500e+02
2.404500e+02
2.404500e+02
2.578500e+02
2.578500e+02
2.529700e+02
2.529700e+02
2.529700e+02
2.529700e+02
2.529700e+02
2.444600e+02
2.444600e+02
2.399700e+02
2.399700e+02
2.399700e+02
2.399700e+02
2.399700e+02
2.348200e+02
2.348200e+02
2.332600e+02
2.332600e+02
2.332600e+02
2.332600e+02
2.332600e+02
2.307200e+02
2.307200e+02
2.293600e+02
2.293600e+02
2.293600e+02
2.293600e+02
2.293600e+02
2.284500e+02
2.284500e+02
2.284500e+02
2.284500e+02
2.256300e+02
2.256300e+02
2.256300e+02
2.238500e+02
2.238500e+02
2.238500e+02
2.238500e+02
2.238500e+02
2.238500e+02
2.238500e+02
2.238500e+02
2.238500e+02
2.212500e+02
2.212500e+02
2.212500e+02
2.212500e+02
2.212500e+02
2.173100e+02
2.173100e+02
2.173100e+02
2.173100e+02
2.154200e+02
2.154200e+02
2.154200e+02
2.141800e+02
2.141800e+02
2.142600e+02
2.142600e+02
2.144700e+02
2.144700e+02
2.144700e+02
2.136200e+02
2.136200e+02
2.135500e+02
2.135500e+02
2.135500e+02
2.135500e+02
2.135500e+02
2.147800e+02
2.147800e+02
2.166100e+02
2.166100e+02
2.140400e+02
2.140400e+02
2.140400e+02
2.116900e+02
2.116900e+02
2.099100e+02
2.099100e+02
2.099100e+02
2.099100e+02
2.099100e+02
1.400400e+02
1.400400e+02
1.813600e+02
1.813600e+02
1.440100e+02
1.440100e+02
1.440100e+02
1.440100e+02
1.440100e+02
1.440100e+02
1.440100e+02
1.440100e+02
1.440100e+02
1.440100e+02
1.761100e+02
1.761100e+02
1.760400e+02
1.760400e+02
1.755900e+02
1.755900e+02
1.755900e+02
1.755900e+02
1.755900e+02
1.760500e+02
1.760500e+02
1.760500e+02
1.760500e+02
1.760500e+02
1.771900e+02
1.771900e+02
1.915300e+02
1.915300e+02
1.941100e+02
1.941100e+02
1.941100e+02
1.941100e+02
1.941100e+02
1.941100e+02
1.941100e+02
1.941100e+02
1.941100e+02
1.941100e+02
1.941100e+02
1.941100e+02
1.941100e+02
1.941100e+02
1.941100e+02
1.941100e+02
1.941100e+02
2.268600e+02
2.268600e+02
2.307600e+02
2.307600e+02
2.360800e+02
2.360800e+02
2.360800e+02
233
233
229
229
226
226
226
226
226
225
225
224
224
224
225
225
225
225
225
225
225
241
241
241
241
241
241
241
241
241
241
241
2.507100e+02
2.507100e+02
2.507100e+02
2.534000e+02
2.534000e+02
2.550600e+02
2.550600e+02
2.529100e+02
2.529100e+02
2.529100e+02
2.557000e+02
2.557000e+02
2.557000e+02
2.557000e+02
2.681900e+02
2.681900e+02
2.681900e+02
2.709200e+02
2.709200e+02
2.709900e+02
2.709900e+02
2.680800e+02
2.680800e+02
2.680800e+02
2.635600e+02
2.635600e+02
2.620200e+02
2.620200e+02
2.571600e+02
2.571600e+02
2.571600e+02
2.564400e+02
2.564400e+02
2.564400e+02
2.564400e+02
2.571600e+02
2.571600e+02
2.571600e+02
2.607000e+02
2.607000e+02
2.088000e+02
2.088000e+02
2.652600e+02
2.652600e+02
2.652600e+02
2.638540e+02
2.638540e+02
2.640200e+02
2.640200e+02
2.644800e+02
2.644800e+02
2.644800e+02
2.631600e+02
2.631600e+02
2.647400e+02
2.647400e+02
2.647400e+02
2.647400e+02
2.647400e+02
2.564800e+02
2.564800e+02
2.619400e+02
2.619400e+02
2.606500e+02
2.606500e+02
2.606500e+02
2.584400e+02
2.584400e+02
2.581900e+02
2.581900e+02
2.589300e+02
2.589300e+02
2.589300e+02
2.551900e+02
2.551900e+02
2.528800e+02
2.528800e+02
2.441500e+02
2.441500e+02
2.441500e+02
2.514100e+02
2.514100e+02
2.514100e+02
2.514100e+02
2.435000e+02
2.435000e+02
2.435000e+02
2.438900e+02
2.438900e+02
2.525300e+02
2.525300e+02
2.548700e+02
2.548700e+02
2.548700e+02
2.548700e+02
2.548700e+02
2.548700e+02
2.548700e+02
2.548700e+02
2.548700e+02
2.548700e+02
2.390100e+02
2.390100e+02
2.208900e+02
2.208900e+02
2.208900e+02
2.208900e+02
2.208900e+02
2.326500e+02
2.326500e+02
2.339300e+02
2.339300e+02
123
123
123
2.307000e+02
2.307000e+02
2.396200e+02
2.396200e+02
2.372300e+02
2.372300e+02
2.372300e+02
2.359700e+02
2.359700e+02
2.368800e+02
2.368800e+02
2.368800e+02
