0
0
0
0
0
0
0
0
0
0
0
0
0
0
0
0
0
0
0
0
0
0
0
0
0
0
0
0
0
0
0
0
0
0
0
0
0
0
0
0
0
0
0
0
0
0
0
0
0
0
0
0
0
0
0
0
0
0
0
0
0
0
0
0
0
0
0
0
0
0
0
0
0
0
0
0
0
0
0
0
0
0
0
0
0
0
0
0
0
0
0
0
0
0
0
0
0
0
0
0
0
0
0
0
0
0
0
0
0
0
0
0
0
0
0
0
0
0
0
0
0
0
0
0
0
0
0
0
0
0
0
0
0
0
0
0
0
0
0
0
0
0
0
0
0
0
0
0
0
0
0
0
0
0
0
0
0
0
0
0
0
0
0
0
0
0
0
0
0
0
0
0
0
0
0
0
0
0
0
0
0
0
0
0
0
0
0
0
0
0
0
0
0
0
0
0
0
0
0
0
0
0
0
0
0
0
0
0
0
0
0
0
0
0
0
0
0
0
0
0
0
0
0
0
0
0
0
0
0
0
0
0
0
0
0
0
0
0
0
0
0
0
0
0
0
0
0
0
0
0
0
0
0
0
0
0
0
0
0
0
0
0
0
0
0
0
0
0
0
0
0
0
0
0
0
0
0
0
0
0
0
0
0
0
0
0
0
0
0
0
0
0
0
0
0
0
0
0
0
0
0
0
0
0
0
0
0
0
0
0
0
0
0
0
0
0
0
0
0
0
0
0
0
0
0
0
0
0
0
0
0
0
0
0
0
0
0
0
0
0
0
0
0
0
0
0
0
0
0
0
0
0
0
0
0
0
0
0
0
0
0
0
0
0
0
0
0
0
0
0
0
0
0
0
0
0
0
0
0
0
0
0
0
0
0
0
0
0
0
0
0
0
0
0
0
0
0
0
0
0
0
0
0
0
0
0
0
0
0
0
0
0
0
0
0
0
0
0
0
0
0
0
0
0
0
0
0
0
0
0
0
0
0
0
0
0
0
0
0
0
0
0
0
0
0
0
0
0
0
0
0
0
0
0
0
0
0
0
0
0
0
0
0
0
0
0
0
0
0
0
0
0
0
0
0
0
0
0
0
0
0
0
0
0
0
0
0
0
0
0
0
0
0
0
0
0
0
0
0
0
0
0
0
0
0
0
0
0
0
0
0
0
0
0
0
0
0
0
0
0
0
0
0
0
0
0
0
0
0
0
0
0
0
0
0
0
0
0
0
0
0
0
0
0
0
0
0
0
0
0
0
0
0
0
0
0
0
0
0
0
0
0
0
0
0
0
0
0
0
0
0
0
0
0
0
0
0
0
0
0
0
0
0
0
0
0
0
0
0
0
0
0
0
0
0
0
0
0
0
0
0
0
0
0
0
0
0
0
0
0
0
0
0
0
0
0
0
0
0
0
0
0
0
0
0
0
0
0
0
0
0
0
0
0
0
0
0
0
0
0
0
0
0
0
0
0
0
0
0
0
0
0
0
0
0
0
0
0
0
0
0
0
0
0
0
0
0
0
0
0
0
0
0
0
0
0
0
0
0
0
0
0
0
0
0
0
0
0
0
0
0
0
0
0
0
0
0
0
0
0
0
0
0
0
0
0
0
0
0
0
0
0
0
0
0
0
0
0
0
0
0
0
0
0
0
0
0
0
0
0
0
0
0
0
0
0
0
0
0
0
0
0
0
0
0
0
0
0
0
0
0
0
0
0
0
0
0
0
0
0
0
0
0
0
0
0
0
0
0
0
0
0
0
0
0
0
0
0
0
0
0
0
0
0
0
0
0
0
0
2.834000e+01
0
0
0
8.760000e+01
0
0
0
0
0
8.304000e+01
0
0
0
0
0
0
0
0
0
0
0
0
0
0
0
0
0
0
0
0
0
0
0
0
0
0
0
0
0
0
0
5.000000e-02
6.000000e-02
6.000000e-02
4.000000e-02
2.000000e-02
3.000000e-02
3.000000e-02
3.000000e-02
2.000000e-02
2.000000e-02
3.000000e-02
2.000000e-02
3.000000e-02
3.000000e-02
3.000000e-02
3.000000e-02
2.000000e-02
3.000000e-02
3.000000e-02
3.000000e-02
4.000000e-02
3.000000e-02
3.000000e-02
3.000000e-02
5.000000e-02
3.000000e-02
3.000000e-02
3.000000e-02
3.000000e-02
5.000000e-02
3.000000e-02
2.000000e-02
3.000000e-02
3.000000e-02
2.000000e-02
3.000000e-02
5.000000e-02
3.000000e-02
6.000000e-02
6.000000e-02
7.000000e-02
8.000000e-02
8.000000e-02
9.000000e-02
9.000000e-02
1.200000e-01
2.100000e-01
2.100000e-01
2.500000e-01
2.800000e-01
1.200000e-01
4.100000e-01
3.400000e-01
3.400000e-01
3.600000e-01
4.100000e-01
2.600000e-01
2.800000e-01
2.900000e-01
3.900000e-01
4.600000e-01
5.000000e-01
5.900000e-01
6.200000e-01
8.200000e-01
8.700000e-01
9.200000e-01
9.900000e-01
1.110000e+00
1.240000e+00
1.360000e+00
1.360000e+00
1.360000e+00
7.300000e-01
1.290000e+00
1.450000e+00
1.250000e+00
1.360000e+00
1.500000e+00
1.540000e+00
1.550000e+00
1.400000e+00
1.650000e+00
2.400000e+00
2.510000e+00
2.510000e+00
2.216000e+01
3.747000e+01
3.579000e+01
1.705000e+01
1.705000e+01
5.000000e-01
2.000000e-02
3.000000e-01
0
0
0
0
0
0
0
0
0
0
0
0
0
0
0
0
0
0
0
0
0
0
0
0
0
0
0
0
0
0
0
0
0
0
0
0
0
0
0
0
0
0
0
3.294000e+01
2.661000e+01
3.437000e+01
3.191000e+01
3.298000e+01
3.750000e+01
4.071000e+01
4.071000e+01
4.071000e+01
3.896000e+01
3.989000e+01
7.210000e+00
9.960000e+00
2.846000e+01
2.928000e+01
3.706000e+01
4.004000e+01
40
4.053000e+01
3.995000e+01
3.968000e+01
4.023000e+01
4.040000e+01
4.062000e+01
4.117000e+01
4.179000e+01
4.206000e+01
4.179000e+01
4.134000e+01
4.140000e+01
4.211000e+01
4.154000e+01
4.090000e+01
4.008000e+01
3.970000e+01
3.984000e+01
4.019000e+01
3.994000e+01
3.899000e+01
3.912000e+01
3.942000e+01
3.903000e+01
3.888000e+01
2.804000e+01
3.583000e+01
4.151000e+01
4.307000e+01
4.182000e+01
4.190000e+01
4.146000e+01
4.203000e+01
4.121000e+01
4.043000e+01
4.145000e+01
4.148000e+01
4.172000e+01
4.211000e+01
4.177000e+01
4.068000e+01
4.086000e+01
3.984000e+01
4.074000e+01
4.144000e+01
4.136000e+01
4.118000e+01
4.062000e+01
4.105000e+01
4.065000e+01
4.034000e+01
4.147000e+01
3.968000e+01
4.631000e+01
4.523000e+01
4.342000e+01
4.175000e+01
4.448000e+01
4.168000e+01
4.155000e+01
4.178000e+01
4.146000e+01
4.031000e+01
4.146000e+01
4.155000e+01
4.112000e+01
4.411000e+01
4.129000e+01
4.454000e+01
4.293000e+01
4.207000e+01
4.347000e+01
4.391000e+01
4.607000e+01
4.222000e+01
4.439000e+01
3.884000e+01
4.249933e+01
4.241321e+01
4.232709e+01
4.260000e+01
4.453000e+01
4.133000e+01
4.205000e+01
4.205000e+01
4.205000e+01
3.981000e+01
4.050000e+01
3.973000e+01
4.082000e+01
4.130000e+01
4.130000e+01
4.130000e+01
4.218000e+01
4.214000e+01
4.297000e+01
4.302000e+01
4.290000e+01
4.290000e+01
4.290000e+01
4.067000e+01
4.067000e+01
3.000000e-01
1.900000e+00
7.490000e+00
7.490000e+00
7.490000e+00
2.936000e+01
2.936000e+01
2.936000e+01
2.936000e+01
4.114000e+01
4.114000e+01
4.114000e+01
4.114000e+01
4.580000e+01
4.580000e+01
4.707000e+01
4.933000e+01
4.933000e+01
4.933000e+01
4.794000e+01
4.645000e+01
4.192000e+01
4.131000e+01
4.349000e+01
4.448000e+01
44
4.607000e+01
4.597000e+01
4.806000e+01
4.741000e+01
4.601000e+01
4.907000e+01
4.506000e+01
4.767000e+01
5.013000e+01
4.861000e+01
4.697000e+01
4.945000e+01
5.116000e+01
4.985000e+01
5.073000e+01
5.073000e+01
4.934000e+01
4.220000e+01
4.833000e+01
4.833000e+01
4.833000e+01
45
4.759000e+01
4.097000e+01
4.134000e+01
4.454000e+01
4.454000e+01
4.454000e+01
4.440000e+01
4.533000e+01
4.407000e+01
4.407000e+01
4.180000e+01
4.180000e+01
4.180000e+01
4.180000e+01
4.994000e+01
4.633000e+01
4.658000e+01
4.690000e+01
4.690000e+01
4.690000e+01
4.454000e+01
4.639000e+01
4.731000e+01
4.562000e+01
4.332000e+01
4.332000e+01
4.332000e+01
4.836000e+01
5.090000e+01
4.862000e+01
4.785000e+01
4.708000e+01
4.708000e+01
4.708000e+01
4.690000e+01
4.612000e+01
4.445000e+01
4.738000e+01
3.996000e+01
3.996000e+01
3.996000e+01
2.825000e+01
3.134000e+01
3.134000e+01
3.198000e+01
33
33
33
3.599000e+01
3.989000e+01
3.858000e+01
3.996000e+01
3.813000e+01
3.813000e+01
3.813000e+01
4.080000e+01
4.135000e+01
4.024000e+01
4.182000e+01
4.214000e+01
4.214000e+01
4.214000e+01
4.128000e+01
4.318000e+01
4.434000e+01
4.076000e+01
3.997000e+01
3.997000e+01
3.997000e+01
3.997000e+01
4.492000e+01
4.490000e+01
4.375000e+01
4.149000e+01
4.149000e+01
4.149000e+01
4.343000e+01
4.373000e+01
4.534000e+01
4.591000e+01
4.620000e+01
4.620000e+01
4.620000e+01
4.379000e+01
4.379000e+01
5.713000e+01
5.504000e+01
5.487000e+01
5.487000e+01
5.487000e+01
5.161000e+01
5.195000e+01
5.195000e+01
5.195000e+01
5.195000e+01
5.195000e+01
5.195000e+01
4.486000e+01
4.209000e+01
4.231000e+01
4.150000e+01
4.362000e+01
4.362000e+01
4.362000e+01
4.362000e+01
4.391000e+01
3.049000e+01
7.230000e+00
9.410000e+00
9.410000e+00
9.410000e+00
3.717000e+01
3.809000e+01
3.867000e+01
3.867000e+01
4.339000e+01
4.339000e+01
4.339000e+01
4.173000e+01
4.299000e+01
0
0
4.857000e+01
4.857000e+01
4.857000e+01
4.886000e+01
4.886000e+01
4.886000e+01
4.886000e+01
4.886000e+01
4.886000e+01
4.886000e+01
5.026000e+01
4.926000e+01
4.824000e+01
4.688000e+01
4.387000e+01
4.387000e+01
4.387000e+01
4.322000e+01
4.221000e+01
3.674000e+01
3.674000e+01
3.674000e+01
3.674000e+01
3.674000e+01
3.981000e+01
3.981000e+01
3.981000e+01
3.981000e+01
3.981000e+01
3.981000e+01
3.981000e+01
3.981000e+01
0
0
0
0
0
0
0
0
0
0
0
0
0
0
0
0
0
0
0
0
0
0
1.000000e-02
1.000000e-02
1.000000e-02
1.000000e-02
1.000000e-02
0
2.800000e-02
2.800000e-02
2.800000e-02
2.800000e-02
2.800000e-02
2.800000e-02
2.800000e-02
2.800000e-02
2.800000e-02
2.800000e-02
0
0
0
0
0
0
0
0
0
0
3.700000e-02
3.700000e-02
3.700000e-02
3.700000e-02
3.700000e-02
3.700000e-02
3.700000e-02
3.700000e-02
3.700000e-02
3.700000e-02
3.700000e-02
3.700000e-02
3.700000e-02
3.700000e-02
3.700000e-02
3.700000e-02
3.700000e-02
3.700000e-02
3.700000e-02
3.700000e-02
3.700000e-02
3.700000e-02
3.700000e-02
3.700000e-02
3.700000e-02
3.700000e-02
3.700000e-02
3.700000e-02
3.700000e-02
3.700000e-02
3.700000e-02
3.700000e-02
3.700000e-02
3.700000e-02
3.700000e-02
3.700000e-02
3.700000e-02
3.700000e-02
3.700000e-02
3.700000e-02
0
0
0
0
0
0
0
0
0
0
0
0
0
0
0
0
0
0
0
0
0
0
0
0
0
0
0
0
0
0
0
0
0
0
0
0
0
0
0
0
0
0
0
0
0
0
0
0
0
0
0
0
0
0
0
0
0
0
0
0
0
0
0
0
0
0
0
0
0
0
0
0
0
0
0
0
0
0
0
0
0
0
0
0
0
0
0
0
0
0
0
0
0
0
0
0
0
0
0
0
0
0
0
0
0
0
0
0
0
0
0
0
0
0
0
0
0
0
0
0
0
0
0
0
0
0
0
0
0
0
0
0
0
0
0
0
0
0
0
0
0
0
0
0
0
0
0
0
0
0
0
0
0
0
0
0
0
0
0
0
0
0
0
0
0
0
0
0
0
0
0
0
0
0
0
0
0
0
0
0
0
0
0
0
0
0
0
0
0
0
0
0
0
0
0
0
0
0
0
0
0
0
0
0
0
0
0
0
0
0
0
0
0
0
0
0
0
0
0
0
0
0
0
0
0
0
0
0
0
0
0
0
0
0
0
0
0
0
0
0
0
0
0
0
0
0
0
0
0
0
0
0
0
0
0
0
0
0
0
0
0
0
0
0
0
0
0
0
0
0
0
0
0
0
0
0
0
0
0
0
0
0
0
0
0
0
0
0
0
0
0
0
0
0
0
0
0
0
0
0
0
0
0
0
0
0
0
0
0
0
0
0
0
0
0
0
0
0
0
0
0
0
0
0
0
0
0
0
0
0
0
0
0
0
0
0
0
0
0
0
0
0
0
0
0
0
0
0
0
0
0
0
0
0
0
0
0
0
0
0
0
0
0
0
0
0
0
0
0
0
0
0
0
0
0
0
0
0
0
0
0
0
0
0
0
0
0
0
0
0
0
0
0
0
0
0
0
0
0
0
0
0
0
0
0
0
0
0
0
0
0
0
0
0
0
0
0
0
0
0
0
0
0
0
0
0
0
0
0
0
0
0
0
0
0
0
0
0
0
0
0
0
0
0
0
0
0
0
0
0
0
0
0
0
0
0
0
0
0
0
0
0
0
0
0
0
0
0
0
0
0
0
0
0
0
0
0
0
0
0
0
0
0
0
0
0
0
0
0
0
0
0
0
0
0
0
0
0
0
0
0
0
0
0
0
0
0
0
0
0
0
0
0
0
0
0
0
0
0
0
0
0
0
0
0
0
0
0
0
0
0
0
0
0
0
0
0
0
0
0
0
0
0
0
0
0
0
0
0
0
0
0
0
0
0
0
0
0
0
0
0
0
0
0
0
0
0
0
0
0
0
0
0
0
0
0
0
0
0
0
0
0
0
0
0
0
0
0
0
0
0
0
0
0
0
0
0
0
0
0
0
0
0
0
0
0
0
0
0
0
0
0
0
0
0
0
0
0
0
0
0
0
0
0
0
0
0
0
0
0
0
0
0
0
0
0
0
0
0
0
0
0
0
0
0
0
0
0
0
0
0
0
0
0
0
0
0
0
0
0
0
0
0
0
0
0
0
0
0
0
0
0
0
0
0
0
0
0
0
0
0
0
0
0
0
0
0
0
0
0
0
0
0
0
0
0
0
0
0
0
0
0
0
0
0
0
0
0
0
0
0
0
0
0
0
0
0
0
0
0
0
0
0
0
0
0
0
0
0
0
0
0
0
0
0
0
0
0
0
0
0
0
0
0
0
0
0
0
0
0
0
0
0
0
0
0
0
0
0
0
0
0
0
0
0
0
0
0
0
0
0
0
0
0
0
0
0
0
0
0
0
0
0
3.651000e+01
3.651000e+01
3.651000e+01
3.651000e+01
3.651000e+01
3.651000e+01
3.651000e+01
0
0
0
0
0
0
0
0
0
0
0
0
0
0
0
0
0
0
0
0
0
0
0
0
0
0
0
0
0
0
0
0
0
0
0
0
0
0
0
0
0
0
0
0
0
0
0
0
0
0
0
0
0
0
0
0
0
0
0
0
0
0
0
0
0
0
0
0
0
0
0
0
0
0
0
0
0
0
0
0
0
0
0
0
0
0
0
0
0
0
0
0
0
0
0
0
0
0
0
0
0
0
0
0
0
0
0
0
0
0
0
0
0
0
0
0
0
0
0
0
0
0
0
0
0
0
0
0
0
0
0
0
0
0
0
0
0
0
0
0
0
0
0
0
0
0
0
0
0
0
0
0
0
0
0
0
0
0
0
0
0
0
0
0
0
0
0
0
0
0
0
0
0
0
0
0
0
0
0
0
0
0
0
0
0
0
0
0
0
0
0
0
0
0
0
0
0
0
0
0
0
0
0
0
0
0
0
0
0
0
0
0
0
0
0
0
0
0
0
0
0
0
0
0
0
0
0
0
0
0
0
0
0
0
0
0
0
0
0
0
0
0
0
0
0
0
0
0
0
0
0
0
0
0
0
0
0
0
0
0
0
0
0
0
0
0
0
0
0
0
0
0
0
0
0
0
0
0
0
0
0
0
0
0
0
0
0
0
0
0
0
0
0
0
0
0
0
0
0
0
0
0
0
0
0
0
0
0
0
0
0
0
0
0
0
0
0
0
0
0
0
0
0
0
0
0
0
0
0
0
0
0
0
0
0
0
0
0
0
0
0
0
0
0
0
0
0
0
0
0
0
0
0
0
0
0
0
0
0
0
0
0
0
0
0
0
0
0
0
0
0
0
0
0
0
0
0
0
0
0
0
0
0
0
0
0
0
0
0
0
0
0
0
0
0
0
0
0
0
0
0
0
0
0
0
0
0
0
0
0
0
0
0
0
0
0
0
0
0
0
0
0
0
0
0
0
0
0
0
0
0
0
0
0
0
0
0
0
0
0
0
0
0
0
0
0
0
0
0
0
0
0
0
0
0
0
0
0
0
0
0
0
0
0
0
0
0
0
0
0
0
0
0
0
0
0
0
0
0
0
0
0
0
0
0
0
0
0
0
0
0
0
0
0
0
0
0
0
0
0
0
0
0
0
0
0
0
0
0
0
0
0
0
0
0
0
0
0
0
0
0
0
0
0
0
0
0
0
0
0
0
0
0
0
0
0
0
0
0
0
0
0
0
0
0
0
0
0
0
0
0
0
0
0
0
0
0
0
0
0
0
0
0
0
0
0
0
0
0
0
0
0
0
0
0
0
0
0
0
0
0
0
0
0
0
0
0
0
0
0
0
0
0
0
0
0
0
0
0
0
0
0
0
0
0
0
0
0
0
0
0
0
0
0
0
0
0
0
0
0
0
0
0
0
0
0
0
0
0
0
0
0
0
0
0
0
0
0
0
0
0
0
0
0
0
0
0
0
0
0
0
0
0
0
0
0
0
0
0
