0
0
0
0
0
0
0
0
0
0
0
0
0
0
0
0
0
0
0
0
0
0
0
0
0
0
0
0
0
0
0
0
0
0
0
0
0
0
0
0
0
0
0
0
0
0
0
0
0
0
0
0
0
0
0
0
0
0
0
0
0
0
0
0
0
0
0
0
0
0
0
0
0
0
0
0
0
0
0
0
0
0
0
0
0
0
0
0
0
0
0
0
0
0
0
0
0
0
0
0
0
0
0
0
0
0
0
0
0
0
0
0
0
0
0
0
0
0
0
0
0
0
0
0
0
0
0
0
0
0
0
0
0
0
0
0
0
0
0
0
0
0
0
0
0
0
0
0
0
0
0
0
0
0
0
0
0
0
0
0
0
0
0
0
0
0
0
0
0
0
0
0
0
0
0
0
0
0
0
0
0
0
0
0
0
0
0
0
0
0
0
0
0
0
0
0
0
0
0
0
0
0
0
0
0
0
0
0
0
0
0
0
0
0
0
0
0
0
0
0
0
0
0
0
0
0
0
0
0
0
0
0
0
0
0
0
0
0
0
0
0
0
0
0
0
0
0
0
0
0
0
0
0
0
0
0
0
0
0
0
0
0
0
0
0
0
0
0
0
0
0
0
0
0
0
0
0
0
0
0
0
0
0
0
0
0
0
0
0
0
0
0
0
0
0
0
0
0
0
0
0
0
0
0
0
0
0
0
0
0
0
0
0
0
0
0
0
0
0
0
0
0
0
0
0
0
0
0
0
0
0
0
0
0
0
0
0
0
0
0
0
0
0
0
0
0
0
0
0
0
0
0
0
0
0
0
0
0
0
0
0
0
0
0
0
0
0
0
0
0
0
0
0
0
0
0
0
0
0
0
0
0
0
0
0
0
0
0
0
0
0
0
0
0
0
0
0
0
0
0
0
0
0
0
0
0
0
0
0
0
0
0
0
0
0
0
0
0
0
0
0
0
0
0
0
0
0
0
0
0
0
0
0
0
0
0
0
0
0
0
0
0
0
0
0
0
0
0
0
0
0
0
0
0
0
0
0
0
0
0
0
0
0
0
0
0
0
0
0
0
0
0
0
0
0
0
0
0
0
0
0
0
0
0
0
0
0
0
0
0
0
0
0
0
0
0
0
0
0
0
0
0
0
0
0
0
0
0
0
0
0
0
0
0
0
0
0
0
0
0
0
0
0
0
0
0
0
0
0
0
0
0
0
0
0
0
0
0
0
0
0
0
0
0
0
0
0
0
0
0
0
0
0
0
0
0
0
0
0
0
0
0
0
0
0
0
0
0
0
0
0
0
0
0
0
0
0
0
0
0
0
0
0
0
0
0
0
0
0
0
0
0
0
0
0
0
0
0
0
0
0
0
0
0
0
0
0
0
0
0
0
0
0
0
0
0
0
0
0
0
0
0
0
0
0
0
0
0
0
0
0
0
0
0
0
0
0
0
0
0
0
0
0
0
0
0
0
0
0
0
0
0
0
0
0
0
0
0
0
0
0
0
0
0
0
0
0
0
0
0
0
0
0
0
0
0
0
0
0
0
0
0
0
0
0
0
0
0
0
0
0
0
0
0
0
0
0
0
0
0
0
0
0
0
0
0
0
0
0
0
0
0
0
0
0
0
0
0
0
0
0
0
0
0
0
0
0
0
0
0
0
0
0
0
0
0
0
0
0
0
0
0
0
0
0
0
0
0
0
0
0
0
0
0
0
0
0
0
0
0
0
0
0
0
0
0
0
0
0
0
0
0
0
0
0
0
0
0
0
0
0
0
0
0
0
0
0
0
0
0
0
0
0
0
0
0
0
0
0
0
0
0
0
0
0
0
0
0
0
0
0
0
0
0
0
0
0
0
0
0
0
0
0
0
0
0
0
0
0
0
0
0
0
0
0
0
0
0
0
0
0
0
0
0
0
0
0
0
0
0
0
0
0
0
0
0
0
0
0
0
0
0
0
0
0
0
0
0
0
0
0
0
0
0
0
0
0
0
0
0
0
0
0
0
0
0
0
0
0
0
0
0
0
0
0
0
0
0
0
0
0
0
0
0
0
0
0
0
0
0
0
0
0
0
0
0
0
0
0
0
0
0
0
0
0
0
0
0
0
0
0
0
0
0
0
0
0
0
0
0
0
0
0
0
0
0
0
0
0
0
0
0
0
0
0
0
0
0
0
0
0
0
0
0
0
0
0
0
0
0
0
0
0
0
0
0
0
0
0
0
0
0
0
0
0
0
0
0
0
0
0
0
0
0
0
0
0
0
0
0
0
0
0
0
0
0
0
0
0
0
0
0
0
0
0
0
0
0
0
0
0
0
0
0
0
0
0
0
0
0
0
0
0
0
0
0
0
0
0
0
0
0
0
0
0
0
0
0
0
0
0
0
0
0
0
0
0
0
0
0
0
0
0
0
0
0
0
0
0
0
0
0
0
0
0
0
0
0
0
0
0
0
0
0
0
0
0
0
0
0
0
0
0
0
0
0
0
0
0
0
0
0
0
0
0
0
0
0
0
0
0
0
0
0
0
0
0
0
0
0
0
0
0
0
0
0
0
0
0
0
0
0
0
0
0
0
0
0
0
0
0
0
0
0
0
0
0
0
0
0
0
0
0
0
0
0
0
0
0
0
0
0
0
0
0
0
0
0
0
0
0
0
0
0
0
0
0
0
0
0
0
0
0
0
0
0
0
0
0
0
0
0
0
0
0
0
0
0
0
0
0
0
0
0
0
0
0
0
0
0
0
0
0
0
0
0
0
0
0
0
0
0
0
0
0
0
0
0
0
0
0
0
0
0
0
0
0
0
0
0
0
0
0
0
0
0
0
0
0
0
0
0
0
0
0
0
0
0
0
0
0
0
0
0
0
0
0
0
0
0
0
0
0
0
0
0
0
0
0
0
0
0
0
0
0
0
0
0
0
0
0
0
0
0
0
0
0
0
0
0
0
0
0
0
0
0
0
0
0
0
0
0
0
0
0
0
0
0
0
0
0
0
0
0
0
0
0
0
0
0
0
0
0
0
0
0
0
0
0
0
0
0
0
0
0
0
0
0
0
0
0
0
0
0
0
0
0
0
0
0
0
0
0
0
0
0
0
0
0
0
0
0
0
0
0
0
0
0
0
0
0
0
0
0
0
0
0
0
0
0
0
0
0
0
0
0
0
0
0
0
0
0
0
0
0
0
0
0
0
0
0
0
0
0
0
0
0
0
0
0
0
0
0
0
0
0
0
0
0
0
0
0
0
0
0
0
0
0
0
0
0
0
0
0
0
0
0
0
0
0
0
0
0
0
0
0
0
0
0
0
0
0
0
0
0
0
0
0
0
0
0
0
0
0
0
0
0
0
0
0
0
0
7.000000e-02
7.000000e-02
7.000000e-02
6.000000e-02
6.000000e-02
6.000000e-02
7.000000e-02
8.000000e-02
8.000000e-02
8.000000e-02
8.000000e-02
5.000000e-02
4.000000e-02
4.000000e-02
3.000000e-02
3.000000e-02
3.000000e-02
1.000000e-02
1.000000e-02
1.000000e-02
3.000000e-02
2.000000e-02
2.000000e-02
2.000000e-02
1.599000e+01
2.432000e+01
2.887000e+01
3.319000e+01
3.452000e+01
3.452000e+01
3.452000e+01
4.841000e+01
4.964000e+01
5.190000e+01
5.330000e+01
5.463000e+01
5.463000e+01
5.463000e+01
7.840000e+01
7.216000e+01
1.043000e+01
5.100000e-01
5.100000e-01
5.100000e-01
5.100000e-01
8.189000e+01
8.565000e+01
8.617000e+01
8.617000e+01
8.617000e+01
8.617000e+01
8.617000e+01
8.617000e+01
8.617000e+01
8.617000e+01
8.617000e+01
8.617000e+01
8.617000e+01
8.617000e+01
8.617000e+01
8.617000e+01
8.617000e+01
8.617000e+01
8.617000e+01
8.617000e+01
8.617000e+01
8.617000e+01
8.617000e+01
8.617000e+01
8.617000e+01
8.617000e+01
8.617000e+01
8.617000e+01
8.617000e+01
8.617000e+01
8.617000e+01
4.990000e+00
4.990000e+00
4.990000e+00
4.990000e+00
1.728800e+02
1.728800e+02
1.741800e+02
1.741800e+02
2.777200e+02
2.777200e+02
2.777200e+02
2.723200e+02
2.723200e+02
2.723200e+02
2.723200e+02
3.245000e+02
3.245000e+02
3.245000e+02
3.281100e+02
3.281100e+02
3.455600e+02
3.455600e+02
3.698300e+02
3.698300e+02
3.698300e+02
3.976500e+02
3.976500e+02
3.976500e+02
3.976500e+02
4.343100e+02
4.343100e+02
4.343100e+02
4.553300e+02
4.553300e+02
4.904500e+02
4.904500e+02
4.904500e+02
4.904500e+02
4.904500e+02
4.290400e+02
4.290400e+02
4.331100e+02
4.331100e+02
2.681500e+02
2.681500e+02
2.681500e+02
2.681500e+02
2.681500e+02
4.101500e+02
4.101500e+02
4.318800e+02
4.318800e+02
4.318800e+02
4.610500e+02
4.610500e+02
4.826000e+02
4.826000e+02
5.043400e+02
5.043400e+02
5.043400e+02
5.370300e+02
5.370300e+02
4.703700e+02
4.703700e+02
4.648600e+02
4.648600e+02
4.648600e+02
4.920200e+02
4.920200e+02
5.065300e+02
5.065300e+02
5.272200e+02
5.272200e+02
5.272200e+02
5.393100e+02
5.393100e+02
5.491900e+02
5.491900e+02
5.618400e+02
5.618400e+02
5.618400e+02
5.674200e+02
5.674200e+02
5.823100e+02
5.823100e+02
5.823100e+02
5.823100e+02
5.823100e+02
6.218300e+02
6.218300e+02
6.421000e+02
6.421000e+02
6.421000e+02
6.421000e+02
6.421000e+02
6.421000e+02
3.271400e+02
3.271400e+02
3.271400e+02
3.271400e+02
6.237200e+02
6.237200e+02
6.237200e+02
6.237200e+02
6.237200e+02
7.009200e+02
7.009200e+02
7.009200e+02
7.009200e+02
7.009200e+02
7.009200e+02
5.070400e+02
5.070400e+02
5.070400e+02
5.070400e+02
5.070400e+02
5.463700e+02
5.463700e+02
6.058300e+02
6.058300e+02
6.383000e+02
6.383000e+02
6.383000e+02
6.782400e+02
6.782400e+02
6.942900e+02
6.942900e+02
7.131700e+02
7.131700e+02
7.131700e+02
7.253800e+02
7.253800e+02
7.399300e+02
7.399300e+02
7.399300e+02
7.399300e+02
7.399300e+02
7.582500e+02
7.582500e+02
7.762600e+02
7.762600e+02
7.734500e+02
7.734500e+02
7.734500e+02
7.734500e+02
7.734500e+02
7.734500e+02
7.734500e+02
7.839500e+02
7.839500e+02
7.839500e+02
8.284200e+02
8.284200e+02
8.542500e+02
8.542500e+02
8.831600e+02
8.831600e+02
8.831600e+02
9.235000e+02
9.235000e+02
9.235000e+02
9.235000e+02
9.831600e+02
9.831600e+02
9.831600e+02
1.055800e+03
1.055800e+03
1.073750e+03
1.073750e+03
1.079130e+03
1.079130e+03
1.079130e+03
1.079130e+03
1.079130e+03
1.079130e+03
1.079130e+03
1.079130e+03
1.079130e+03
1.079130e+03
1.079130e+03
1.079130e+03
1.079130e+03
1.079130e+03
1.084160e+03
1.084160e+03
1.084160e+03
1.088510e+03
1.088510e+03
1.156830e+03
1.156830e+03
1.126090e+03
1.126090e+03
1.126090e+03
1.126090e+03
1.126090e+03
1.081870e+03
1.081870e+03
1.055480e+03
1.055480e+03
1.055480e+03
1.055480e+03
1.055480e+03
1.055480e+03
1.055480e+03
1.055480e+03
1.055480e+03
1.055480e+03
1.055480e+03
1.055480e+03
1.007780e+03
1.007780e+03
1.034280e+03
1.034280e+03
1.034280e+03
1.041490e+03
1.041490e+03
1.025540e+03
1.025540e+03
1.041210e+03
1.041210e+03
1.041210e+03
1.044170e+03
1.044170e+03
1.034980e+03
1.034980e+03
1.034980e+03
1.034980e+03
1.034980e+03
1.033380e+03
1.033380e+03
1.054500e+03
1.054500e+03
1.059310e+03
1.059310e+03
1.059310e+03
1.037400e+03
1.037400e+03
1.049130e+03
1.049130e+03
1.049130e+03
1.049130e+03
1.049130e+03
1.050380e+03
1.050380e+03
9.546100e+02
9.546100e+02
1.225830e+03
1.225830e+03
1.225830e+03
1.225830e+03
1.225830e+03
1.235590e+03
1.235590e+03
1.240170e+03
1.240170e+03
1.240170e+03
1.241670e+03
1.241670e+03
1.241670e+03
1.241670e+03
1.241670e+03
1.241670e+03
1.241670e+03
1.241670e+03
1.241670e+03
1.238940e+03
1.238940e+03
1.238940e+03
1.238940e+03
1.238940e+03
1.221430e+03
1.221430e+03
1.224920e+03
1.224920e+03
1.145720e+03
1.145720e+03
1.145720e+03
1.145720e+03
1.145720e+03
1.145720e+03
1.145720e+03
1.145720e+03
1.145720e+03
1.145720e+03
1.233400e+03
1.233400e+03
1.233400e+03
1.232420e+03
1.227300e+03
1.227300e+03
1.227300e+03
1.227300e+03
1.227300e+03
1.220860e+03
1.220860e+03
1.220860e+03
1.220860e+03
1.220860e+03
1.220860e+03
1.220860e+03
1.220860e+03
1.220860e+03
1.222270e+03
1.222270e+03
1.222270e+03
1.222270e+03
1.222270e+03
1.222270e+03
1.222270e+03
1.214550e+03
1.214550e+03
1.214550e+03
1.215240e+03
1.215240e+03
1.215240e+03
1.215240e+03
1.216090e+03
1.216090e+03
1.216090e+03
1.216090e+03
1.216090e+03
1.216090e+03
1.216090e+03
1.216090e+03
1.216090e+03
1.216090e+03
1.216090e+03
1.216090e+03
1.216090e+03
1.216090e+03
1.216090e+03
1.216090e+03
1.216090e+03
1.216090e+03
1.216090e+03
1.216090e+03
1.216090e+03
1.222930e+03
1.222930e+03
1.222930e+03
1.222930e+03
1.222930e+03
1.222930e+03
1.222930e+03
1.222930e+03
1.222930e+03
1.222930e+03
1.222930e+03
1.222930e+03
1.222930e+03
1.238320e+03
1.240150e+03
1.240150e+03
1.240150e+03
1.240330e+03
1.240330e+03
1.240330e+03
1.240330e+03
1.248430e+03
1.248430e+03
1.248430e+03
1.248430e+03
1.248430e+03
1.252080e+03
1.252080e+03
1.252080e+03
1.252080e+03
1.252080e+03
1.252080e+03
1.252080e+03
1.248940e+03
1.248940e+03
1.248530e+03
1.248530e+03
1.248530e+03
1.248530e+03
1.248530e+03
1.244280e+03
1.244280e+03
1.163620e+03
1.163620e+03
1.163620e+03
1.246120e+03
1.246120e+03
1.246220e+03
1.246220e+03
1.245370e+03
1.245370e+03
1.245370e+03
1.122630e+03
1.122630e+03
1.122630e+03
1.122630e+03
1.122630e+03
1.122630e+03
1.122630e+03
1.279680e+03
1.279680e+03
1.286060e+03
1.286060e+03
1.286060e+03
1.286060e+03
1.286060e+03
1.286060e+03
1.286060e+03
1.299770e+03
1.299770e+03
1.304990e+03
1.304990e+03
1.304990e+03
1.307640e+03
1.307640e+03
1.306780e+03
1.306780e+03
1.306780e+03
1.306780e+03
1.306780e+03
1.306780e+03
1.306780e+03
1.308260e+03
1.308260e+03
1.314350e+03
1.314350e+03
1.314350e+03
1.317950e+03
1.317950e+03
1.313120e+03
1.313120e+03
1.318080e+03
1.318080e+03
1.318080e+03
1.318080e+03
1.318080e+03
1.329530e+03
1.329530e+03
1.331130e+03
1.331130e+03
1.331130e+03
1.331130e+03
1.331130e+03
1.246440e+03
1.246440e+03
1.244310e+03
1.244310e+03
1.244310e+03
1.225670e+03
1.225670e+03
1.224980e+03
1.224980e+03
1.224980e+03
1.224980e+03
1.224980e+03
1.224980e+03
1.224980e+03
1.242750e+03
1.242750e+03
1.239670e+03
1.239670e+03
1.239670e+03
1.239670e+03
1.239670e+03
1.250390e+03
1.250390e+03
1.250390e+03
1.250390e+03
1.250390e+03
1.250390e+03
1.250390e+03
1.250390e+03
1.250390e+03
1.250390e+03
1.250390e+03
1.250390e+03
1.250390e+03
1.250390e+03
1.250390e+03
1.250390e+03
1.250390e+03
1.250390e+03
1.250390e+03
1.250390e+03
1.250390e+03
1.236050e+03
1.236050e+03
1.236050e+03
1.236050e+03
1.236050e+03
1.236050e+03
1.236050e+03
1.236050e+03
1.236050e+03
1.236050e+03
1.236050e+03
1.236050e+03
1.236050e+03
1.230490e+03
1.230490e+03
1.230490e+03
1.230490e+03
1.230490e+03
1.230490e+03
1.230490e+03
1.230490e+03
1.228480e+03
1.228480e+03
1.228480e+03
1.228480e+03
1.228480e+03
1.218540e+03
1.218540e+03
1.215350e+03
1.215350e+03
1.210010e+03
1.210010e+03
1.210010e+03
1.210010e+03
1.210010e+03
1.182820e+03
1.182820e+03
1.180060e+03
1.180060e+03
1.180060e+03
1.203290e+03
1.203290e+03
1.187170e+03
1.187170e+03
1.198390e+03
1.198390e+03
1.198390e+03
1.198390e+03
1.198390e+03
1.240950e+03
1.240950e+03
1.246490e+03
1.246490e+03
1.246490e+03
1.222370e+03
1.222370e+03
1.218240e+03
1.218240e+03
1.218240e+03
1.218240e+03
1.218240e+03
1.240440e+03
1.240440e+03
1.248320e+03
1.248320e+03
1.246620e+03
1.246620e+03
1.246620e+03
1.243460e+03
1.243460e+03
1.233820e+03
1.233820e+03
1.242820e+03
1.242820e+03
1.242820e+03
1.242820e+03
1.242820e+03
8.572500e+02
8.572500e+02
8.572500e+02
8.572500e+02
8.572500e+02
7.774400e+02
7.774400e+02
7.609700e+02
7.609700e+02
7.609700e+02
7.609700e+02
7.609700e+02
7.609700e+02
7.609700e+02
7.075400e+02
6.954600e+02
6.954600e+02
6.954600e+02
6.757400e+02
6.757400e+02
6.592500e+02
6.592500e+02
6.592500e+02
9.552200e+02
9.552200e+02
9.552200e+02
9.552200e+02
9.552200e+02
1.168770e+03
1.168770e+03
1.173290e+03
1.173290e+03
1.173290e+03
1.165670e+03
1.165670e+03
1.171590e+03
1.171590e+03
1.164510e+03
1.164510e+03
1.164510e+03
1.164510e+03
1.164510e+03
1.168720e+03
1.168720e+03
1.166900e+03
1.166900e+03
1.166900e+03
1.166900e+03
1.166900e+03
1.188330e+03
1.188330e+03
1.193660e+03
1.193660e+03
1.193660e+03
1.193660e+03
1.193660e+03
1.231970e+03
1.231970e+03
1.231970e+03
1.231970e+03
1.231970e+03
1.231970e+03
1.231970e+03
1.276420e+03
1.276420e+03
1.276310e+03
1.276310e+03
1.276310e+03
1.272660e+03
1.272660e+03
1.272660e+03
1.272660e+03
1.281130e+03
1.281130e+03
1.281130e+03
1.281920e+03
1.281920e+03
1.281920e+03
1.281920e+03
1.281920e+03
1.281920e+03
1.281920e+03
1.315760e+03
1.315760e+03
1.316320e+03
1.316320e+03
1.306230e+03
1.306230e+03
1.306230e+03
1.295180e+03
1.295180e+03
1.287370e+03
1.287370e+03
1.287370e+03
1.287370e+03
1.287370e+03
1.287370e+03
1.287370e+03
1.274240e+03
1.274240e+03
1.276970e+03
1.276970e+03
1.276970e+03
1.276970e+03
1.276970e+03
1.276190e+03
1.276190e+03
1.276190e+03
1.276190e+03
1.276190e+03
9.615000e+02
9.615000e+02
7.051700e+02
7.051700e+02
7.051700e+02
7.051700e+02
7.051700e+02
6.639900e+02
6.639900e+02
6.293300e+02
6.293300e+02
6.293300e+02
6.293300e+02
6.293300e+02
5.836700e+02
5.836700e+02
5.684200e+02
5.684200e+02
5.684200e+02
5.684200e+02
5.684200e+02
5.371000e+02
5.371000e+02
5.220700e+02
5.220700e+02
5.014600e+02
5.014600e+02
5.014600e+02
4.441200e+02
4.441200e+02
4.441200e+02
4.441200e+02
4.584000e+02
4.584000e+02
4.584000e+02
3.934700e+02
3.934700e+02
4.523300e+02
4.523300e+02
4.502900e+02
4.502900e+02
4.502900e+02
4.265300e+02
4.265300e+02
3.956200e+02
3.956200e+02
3.956200e+02
3.956200e+02
3.956200e+02
3.942100e+02
3.942100e+02
2.306800e+02
2.306800e+02
4.806600e+02
4.806600e+02
4.806600e+02
4.806600e+02
4.012800e+02
3.361500e+02
3.361500e+02
3.361500e+02
3.361500e+02
3.361500e+02
3.983000e+02
3.983000e+02
3.983000e+02
3.983000e+02
3.983000e+02
3.983000e+02
3.983000e+02
0
0
0
0
0
0
0
0
0
0
0
0
0
0
0
0
0
0
0
0
0
5.164000e+01
5.164000e+01
1.881000e+01
1.881000e+01
1.881000e+01
1.881000e+01
1.881000e+01
8.836000e+01
8.836000e+01
4.607500e+02
4.607500e+02
8.991500e+02
8.991500e+02
8.991500e+02
1.038460e+03
1.038460e+03
1052
1052
1.048760e+03
1.048760e+03
1.048760e+03
1.052040e+03
1.052040e+03
1.038180e+03
1.038180e+03
1.038180e+03
1.038180e+03
1.038180e+03
1.019750e+03
1.019750e+03
1.023540e+03
1.023540e+03
1.050550e+03
1.050550e+03
1.050550e+03
1.058110e+03
1.058110e+03
1.058110e+03
1.058110e+03
1.061400e+03
1.061400e+03
1.061400e+03
1.064150e+03
1.064150e+03
1.064230e+03
1.064230e+03
1.064230e+03
1.064230e+03
1.064230e+03
1.056200e+03
1.056200e+03
1.056200e+03
1.056200e+03
1.053120e+03
1.053120e+03
1.053120e+03
1.054710e+03
1.054710e+03
1.054710e+03
1.054710e+03
1.049220e+03
1.049220e+03
1.049220e+03
1.045730e+03
1.045730e+03
1.045730e+03
1.045730e+03
1.045730e+03
1.045730e+03
1.045730e+03
1.040360e+03
1.040360e+03
1.043510e+03
1.043510e+03
1.049590e+03
1.049590e+03
1.049590e+03
1.053710e+03
1.053710e+03
1.053810e+03
1.053810e+03
1.051790e+03
1.051790e+03
1.051790e+03
1.046160e+03
1.046160e+03
1.039400e+03
1.039400e+03
1.037560e+03
1.037560e+03
1.037560e+03
1.037560e+03
1.037560e+03
1.037560e+03
1.037560e+03
1.037560e+03
1.037560e+03
1.037560e+03
1.033310e+03
1.033310e+03
1.028320e+03
1.028320e+03
1.028320e+03
1.028320e+03
1.028320e+03
1.028320e+03
1025
1.022790e+03
1.022790e+03
1.022790e+03
1.022790e+03
1.022790e+03
1.022610e+03
1.022610e+03
1.019630e+03
1.019630e+03
1.018650e+03
1.018650e+03
1.018650e+03
1.019940e+03
1.019940e+03
1.019800e+03
1.019800e+03
1.019800e+03
1.019800e+03
1.019800e+03
1.014310e+03
1.014310e+03
1.009520e+03
1.009520e+03
1.009520e+03
1.009520e+03
1.009520e+03
1.008090e+03
1.008090e+03
1.008940e+03
1.008940e+03
1.009190e+03
1.009190e+03
1.009190e+03
1.004980e+03
1.004980e+03
1.005810e+03
1.005810e+03
1.006940e+03
1.006940e+03
1.006940e+03
1.006940e+03
1.006940e+03
9.959100e+02
9.959100e+02
9.878900e+02
9.878900e+02
9.878900e+02
9.847700e+02
9.847700e+02
9.840300e+02
9.840300e+02
9.896400e+02
9.896400e+02
9.896400e+02
1027
1027
1.025460e+03
1.025460e+03
1.025460e+03
1.025460e+03
1.025460e+03
1.031010e+03
1.031010e+03
1.026630e+03
1.026630e+03
1.201260e+03
1.201260e+03
1.201260e+03
1.026360e+03
1.026360e+03
1.026360e+03
1.026360e+03
1.026360e+03
1.026360e+03
1.026360e+03
1.026360e+03
1.026360e+03
1.026360e+03
1.026360e+03
9.989700e+02
9.989700e+02
9.989700e+02
9.936200e+02
9.936200e+02
9.936200e+02
9.936200e+02
9.940900e+02
9.940900e+02
9.940900e+02
9.926600e+02
9.926600e+02
9.782700e+02
9.782700e+02
1.000700e+03
1.000700e+03
1.000700e+03
9.941500e+02
9.941500e+02
9.888600e+02
9.888600e+02
9.907000e+02
9.907000e+02
9.907000e+02
9.809500e+02
9.809500e+02
9.970200e+02
9.970200e+02
9.970200e+02
9.970200e+02
9.970200e+02
9.809200e+02
9.809200e+02
9.766500e+02
9.766500e+02
9.721000e+02
9.721000e+02
9.721000e+02
9.646100e+02
9.646100e+02
9.603200e+02
9.603200e+02
9.549000e+02
9.549000e+02
9.549000e+02
9.492400e+02
9.492400e+02
9.492400e+02
9.492400e+02
9.403900e+02
9.403900e+02
9.403900e+02
9.409200e+02
9.409200e+02
9.358700e+02
9.358700e+02
9.366500e+02
9.366500e+02
9.366500e+02
9.406100e+02
9.406100e+02
9.373700e+02
9.373700e+02
9.384000e+02
9.384000e+02
9.384000e+02
9.375700e+02
9.375700e+02
9.323000e+02
9.323000e+02
9.323000e+02
9.323000e+02
9.323000e+02
9.247100e+02
9.247100e+02
9.247100e+02
9.247100e+02
9.227800e+02
9.227800e+02
9.227800e+02
9.227800e+02
9.227800e+02
8.938700e+02
8.938700e+02
8.505000e+02
8.505000e+02
8.505000e+02
9.098100e+02
9.098100e+02
9.098100e+02
9.098100e+02
9.098100e+02
9.098100e+02
9.098100e+02
9.037800e+02
9.037800e+02
8.999500e+02
8.999500e+02
8.979900e+02
8.979900e+02
8.979900e+02
8.970800e+02
8.970800e+02
8.949600e+02
8.949600e+02
8.915400e+02
8.915400e+02
8.915400e+02
8.851700e+02
8.851700e+02
8.841500e+02
8.841500e+02
8.771500e+02
8.771500e+02
8.771500e+02
8.771500e+02
8.771500e+02
873
873
8.731700e+02
8.731700e+02
8.731700e+02
8.688400e+02
8.688400e+02
5.456600e+02
5.456600e+02
5.456600e+02
5.456600e+02
5.456600e+02
5.456600e+02
5.456600e+02
8.009900e+02
8.009900e+02
5.254700e+02
5.254700e+02
5.254700e+02
5.213000e+02
5.213000e+02
8.035100e+02
8.035100e+02
8.073200e+02
8.073200e+02
8.073200e+02
8.083900e+02
8.083900e+02
8.083900e+02
8.083900e+02
8.083900e+02
8.083900e+02
8.083900e+02
8.068900e+02
8.068900e+02
807
807
8.070700e+02
8.070700e+02
8.070700e+02
8.061700e+02
8.061700e+02
8.061700e+02
8.061700e+02
8.031100e+02
8.031100e+02
8.031100e+02
7.981900e+02
7.981900e+02
7.854400e+02
7.854400e+02
7.873000e+02
7.873000e+02
7.873000e+02
7.873000e+02
7.873000e+02
7.860100e+02
7.860100e+02
7.860100e+02
7.860100e+02
7.860100e+02
7.797600e+02
7.797600e+02
7.713900e+02
7.713900e+02
7.713900e+02
7.713900e+02
7.713900e+02
7.686700e+02
7.686700e+02
7.686700e+02
7.686700e+02
7.686700e+02
7.686700e+02
7.686700e+02
761
761
761
761
761
761
761
761
761
7.652800e+02
7.652800e+02
765
765
765
765
765
765
765
7.744800e+02
7.744800e+02
7.744800e+02
7.769000e+02
7.769000e+02
7.769000e+02
7.769000e+02
779
779
779
778
778
780
780
780
780
780
794
794
794
794
796
796
796
791
791
779
779
779
779
779
773
773
770
770
768
768
768
7.628100e+02
7.628100e+02
761
761
750
750
750
748
748
748
748
755
755
755
751
751
749
749
7.496600e+02
7.496600e+02
7.496600e+02
744
744
740
740
743
743
743
739
739
740
740
7.350900e+02
7.350900e+02
7.350900e+02
7.350900e+02
7.350900e+02
2.405300e+02
2.405300e+02
230
230
230
230
230
230
230
230
230
230
2.198000e+02
2.198000e+02
2.144500e+02
2.144500e+02
2.144500e+02
2.144500e+02
2.144500e+02
197
197
197
197
197
197
197
197
197
197
197
197
197
197
197
197
197
197
197
