0
0
0
0
0
0
0
0
0
0
0
0
0
0
0
0
0
0
0
0
0
0
0
0
0
0
0
0
0
0
0
0
0
0
0
0
0
0
0
0
0
0
0
0
0
0
0
0
0
0
0
0
0
0
0
0
0
0
0
0
0
0
0
0
0
0
0
0
0
0
0
0
0
0
0
0
0
0
0
0
0
0
0
0
0
0
0
0
0
0
0
0
0
0
0
0
0
0
0
0
0
0
0
0
0
0
0
0
0
0
0
0
0
0
0
0
0
0
0
0
0
0
0
0
0
0
0
0
0
0
0
0
0
0
0
0
0
0
0
0
0
0
0
0
0
0
0
0
0
0
0
0
0
0
0
0
0
0
0
0
0
0
0
0
0
0
0
0
0
0
0
0
0
0
0
0
0
0
0
0
0
0
0
0
0
0
0
0
0
0
0
0
0
0
0
0
0
0
0
0
0
0
0
0
0
0
0
0
0
0
0
0
0
0
0
0
0
0
0
0
0
0
0
0
0
0
0
0
0
0
0
0
0
0
0
0
0
0
0
0
0
0
0
0
0
0
0
0
0
0
0
0
0
0
0
0
0
0
0
0
0
0
0
0
0
0
0
0
0
0
0
0
0
0
0
0
0
0
0
0
0
0
0
0
0
0
0
0
0
0
0
0
0
0
0
0
0
0
0
0
0
0
0
0
0
0
0
0
0
0
0
0
0
0
0
0
0
0
0
0
0
0
0
0
0
0
0
0
0
0
0
0
0
0
0
0
0
0
0
0
0
0
0
0
0
0
0
0
0
0
0
0
0
0
0
0
0
0
0
0
0
0
0
0
0
0
0
0
0
0
0
0
0
0
0
0
0
0
0
0
0
0
0
0
0
0
0
0
0
0
0
0
0
0
0
0
0
0
0
0
0
0
0
0
0
0
0
0
0
0
0
0
0
0
0
0
0
0
0
0
0
0
0
0
0
0
0
0
0
0
0
0
0
0
0
0
0
0
0
0
0
0
0
0
0
0
0
0
0
0
0
0
0
0
0
0
0
0
0
0
0
0
0
0
0
0
0
0
0
0
0
0
0
0
0
0
0
0
0
0
0
0
0
0
0
0
0
0
0
0
0
0
0
0
0
0
0
0
0
0
0
0
0
0
0
0
0
0
0
0
0
0
0
0
0
0
0
0
0
0
0
0
0
0
0
0
0
0
0
0
0
0
0
0
0
0
0
0
0
0
0
0
0
0
0
0
0
0
0
0
0
0
0
0
0
0
0
0
0
0
0
0
0
0
0
0
0
0
0
0
0
0
0
0
0
0
0
0
0
0
0
0
0
0
0
0
0
0
0
0
0
0
0
0
0
0
0
0
0
0
0
0
0
0
0
0
0
0
0
0
0
0
0
0
0
0
0
0
0
0
0
0
0
0
0
0
0
0
0
0
0
0
0
0
0
0
0
0
0
0
0
0
0
0
0
0
0
0
0
0
0
0
0
0
0
0
0
0
0
0
0
0
0
0
0
0
0
0
0
0
0
0
0
0
0
0
0
0
0
0
0
0
0
0
0
0
0
0
0
0
0
0
0
0
0
0
0
0
0
0
0
0
0
0
0
0
0
0
0
0
0
0
0
0
0
0
0
0
0
0
0
0
0
0
0
0
0
0
0
0
0
0
0
0
0
0
0
0
0
0
0
0
0
0
0
0
0
0
0
0
0
0
0
0
0
0
0
0
0
0
0
0
0
0
0
0
0
0
0
0
0
0
0
0
0
0
0
0
0
0
0
0
0
0
0
0
0
0
0
0
0
0
0
0
0
0
0
0
0
0
0
0
0
0
0
0
0
0
0
0
0
0
0
0
0
0
0
0
0
0
0
0
0
0
0
0
0
0
0
0
0
0
0
0
0
0
0
0
0
0
0
0
0
0
0
0
0
0
0
0
0
0
0
0
0
0
0
0
0
0
0
0
0
0
0
0
0
0
0
0
0
0
0
0
0
0
0
0
0
0
0
0
0
0
0
0
0
0
0
0
0
0
0
0
0
0
0
0
0
0
0
0
0
0
0
0
0
0
0
0
0
0
0
0
0
0
0
0
0
0
0
0
0
0
0
0
0
0
0
0
0
0
0
0
0
0
0
0
0
0
0
0
0
0
0
0
0
0
0
0
0
0
0
0
0
0
0
0
0
0
0
0
0
0
0
0
0
0
0
0
0
0
0
0
0
0
0
0
0
0
0
0
0
0
0
0
0
0
0
0
0
0
0
0
0
0
0
0
0
0
0
0
0
0
0
0
0
0
0
0
0
0
0
0
0
0
0
0
0
543
540
550
453
465
578
739
750
776
836
776
906
543
540
532
604
609
603
706
725
725
180
725
679
679
805
836
697
730
572
730
679
572
543
543
572
725
604
572
543
572
679
1087
988
9.463333e+02
9.946667e+02
970
776
836
988
836
836
836
725
776
679
679
776
776
776
679
725
741
639
639
639
639
679
621
543
639
679
679
679
665
665
665
665
679
679
679
679
679
725
906
920
920
920
1087
1087
1208
988
906
906
906
906
988
1087
1087
1087
1087
1087
1087
1087
473
494
512
512
512
453
453
518
473
453
453
453
435
418
362
618
625
625
625
625
620
597
597
597
597
597
597
620
597
597
605
605
605
362
365
388
370
375
375
375
365
370
435
430
422
422
422
435
426
426
418
418
418
418
418
418
418
418
418
418
418
418
705
438
430
508
508
508
418
418
418
418
418
418
418
418
418
418
418
418
418
418
418
418
418
418
418
418
418
418
418
418
418
418
418
418
418
418
418
418
418
418
418
473
480
478
415
415
415
415
415
435
428
438
435
435
435
435
418
418
418
426
426
426
388
388
388
388
418
418
418
408
415
418
425
429
429
429
351
351
351
351
425
425
425
430
430
430
430
421
421
421
403
411
421
421
411
411
411
408
408
408
145
150
150
150
150
150
150
150
231
231
231
231
246
240
240
240
240
240
231
253
246
246
246
246
246
348
311
316
305
340
340
340
320
311
312
312
312
312
312
300
362
356
356
572
572
572
572
572
572
572
572
572
572
348
351
342
335
375
375
375
368
351
351
351
351
351
351
362
482
482
351
345
345
345
340
356
362
362
362
362
362
286
304
340
332
400
400
400
320
320
320
320
320
320
320
625
590
320
311
311
311
311
302
297
314
314
314
314
314
314
314
300
300
300
300
300
304
304
291
291
291
291
291
340
340
340
300
300
300
300
302
339
339
339
302
302
302
329
320
335
330
362
362
362
345
365
368
368
365
365
365
403
400
400
325
418
418
418
325
325
325
325
325
325
325
325
473
485
485
453
453
453
426
426
398
398
398
398
398
411
411
405
405
375
375
375
360
360
360
360
351
351
351
325
325
325
391
391
391
391
391
391
391
395
395
395
395
340
340
349
349
349
349
349
349
349
349
349
349
349
349
349
259
320
320
327
327
327
327
327
327
340
340
340
340
340
340
272
272
272
272
272
272
272
272
236
236
236
236
236
286
295
290
287
287
287
292
292
292
292
292
292
292
494
494
494
480
480
480
480
480
480
480
480
480
480
480
480
480
480
480
198
198
198
192
192
192
192
192
192
192
217
217
217
217
211
211
211
205
205
205
205
205
205
205
205
205
205
205
205
205
205
205
205
60
60
60
60
60
60
60
91
91
87
87
87
95
95
95
95
95
95
95
114
114
106
106
102
102
102
88
88
102
102
102
102
102
92
92
87
87
87
87
87
90
90
95
95
95
95
95
95
95
90
90
92
92
92
92
92
90
90
95
95
95
95
95
95
95
95
95
95
95
95
95
95
95
95
95
247
247
242
242
266
266
266
268
268
268
268
268
268
268
226
226
226
226
208
208
208
224
224
208
208
208
208
208
208
208
41
41
41
41
41
41
41
141
141
150
150
150
136
136
136
136
130
130
130
138
138
141
141
124
124
124
145
145
145
145
145
145
145
145
145
145
145
145
145
145
145
145
145
145
145
145
145
145
145
145
145
145
145
145
145
145
145
145
147
147
147
140
140
140
140
115
115
115
200
200
132
132
132
132
132
198
198
198
198
140
140
140
132
132
198
198
198
198
198
198
198
198
198
198
198
198
198
198
211
211
211
211
211
218
218
218
218
218
218
218
218
218
218
218
218
218
218
242
242
242
242
242
242
242
242
242
242
242
242
242
242
228
228
228
228
228
228
228
230
230
230
230
230
230
230
198
198
211
211
207
207
207
207
207
207
207
207
207
207
207
207
207
207
207
207
207
207
207
207
207
207
207
207
207
207
207
207
207
207
207
207
207
207
207
207
207
207
259
259
259
259
256
256
256
250
250
250
250
250
250
250
250
250
250
222
222
222
222
228
228
228
228
228
228
228
228
228
232
232
232
232
232
232
232
232
232
232
232
232
232
232
232
232
232
232
232
232
232
232
232
232
232
232
232
232
232
232
232
232
232
167
167
167
167
167
167
167
165
165
164
164
158
158
158
160
160
160
160
160
160
160
160
160
180
180
177
177
177
170
170
170
170
170
170
170
170
170
172
172
158
158
158
158
158
158
158
158
158
158
191
191
191
188
188
188
188
188
188
188
188
188
188
188
188
188
160
160
160
160
160
160
160
160
160
160
160
160
160
160
160
160
160
160
160
160
160
160
160
160
160
160
160
160
160
160
160
160
160
160
160
160
160
160
160
160
160
160
160
160
160
160
160
160
160
160
160
160
160
160
156
156
150
150
162
162
162
156
156
156
156
156
156
156
153
153
153
153
143
143
143
158
158
158
158
158
158
158
158
158
127
127
94
94
94
94
94
94
94
94
94
94
94
94
94
94
94
94
94
94
94
94
94
94
94
94
94
94
213
213
205
205
205
205
205
205
205
205
205
205
198
198
194
194
204
204
204
204
204
204
204
204
204
204
206
206
185
185
185
185
185
185
185
185
185
185
185
185
185
185
191
191
176
176
176
176
176
176
176
176
176
176
176
176
176
176
176
176
176
176
176
176
176
176
176
176
198
198
192
192
190
190
190
162
162
162
162
162
162
162
162
162
162
162
162
162
162
162
162
162
162
162
162
162
162
162
162
162
162
162
162
162
162
162
162
162
162
162
162
162
162
162
162
162
162
162
162
162
162
162
162
162
162
162
162
162
162
162
162
162
162
162
162
162
162
162
162
162
162
162
162
162
162
162
162
162
162
162
162
162
162
162
162
162
162
162
162
162
162
162
162
162
162
162
162
162
162
162
162
162
162
162
162
162
162
162
162
162
162
162
162
162
162
162
162
162
162
162
162
162
162
162
162
162
162
162
162
162
162
162
162
162
162
162
162
162
162
162
162
162
162
162
162
162
162
162
162
162
162
162
162
162
162
162
162
162
162
162
162
162
162
162
162
162
162
162
162
162
162
162
162
162
162
162
162
162
162
162
162
162
162
162
162
162
162
162
162
162
162
162
162
162
162
162
162
162
162
162
162
162
162
162
162
162
162
162
162
162
162
162
162
162
162
162
162
162
162
162
162
162
162
162
162
162
162
162
162
162
162
162
162
162
162
162
162
162
162
162
162
162
162
162
162
162
162
162
162
162
162
162
162
162
162
162
162
162
162
162
162
162
162
162
162
162
162
162
162
162
162
162
162
162
162
162
162
162
162
162
162
162
162
162
162
162
162
162
162
162
162
162
162
162
162
162
162
162
162
162
162
162
162
162
162
162
162
162
162
162
162
162
162
162
162
162
162
162
162
162
162
162
90
90
90
90
90
98
98
98
98
98
98
98
140
140
140
140
140
140
140
184
184
184
184
184
184
184
205
205
205
205
205
205
205
370
370
370
370
473
473
473
496
496
496
496
496
496
496
496
496
496
496
496
496
496
496
496
496
496
496
496
496
320
320
320
320
320
320
320
300
300
300
300
300
300
300
300
300
300
300
300
300
300
216
216
216
216
216
216
216
247
247
247
247
247
247
247
247
247
247
247
247
247
247
247
247
237
237
237
237
237
237
237
237
237
237
237
237
230
230
230
230
230
230
230
230
230
230
230
230
230
230
230
230
230
230
230
230
230
230
230
230
230
230
230
230
230
230
230
230
230
230
230
230
230
230
230
230
230
230
230
230
230
230
230
230
230
230
230
230
230
230
230
230
230
230
311
311
311
311
311
311
311
272
272
272
272
272
266
266
266
266
266
266
266
266
266
266
266
250
250
250
250
250
250
250
250
250
250
250
250
250
250
250
250
250
286
286
286
286
286
286
286
286
286
265
265
265
265
265
242
242
242
242
242
242
242
242
242
242
242
242
242
242
220
220
220
220
220
220
220
218
218
218
218
218
218
218
210
210
210
210
210
210
210
210
210
210
210
210
210
210
210
210
210
210
210
210
210
210
210
210
210
210
210
210
204
204
204
204
204
204
204
204
204
204
204
192
192
192
192
192
192
192
192
