0
0
0
0
0
0
0
0
0
0
0
0
0
0
0
0
0
0
0
0
0
0
0
0
0
0
0
0
0
0
0
0
0
0
0
0
0
0
0
0
0
0
0
0
0
0
0
0
0
0
0
0
0
0
0
0
0
0
0
0
0
0
0
0
0
0
0
0
0
0
0
0
0
0
0
0
0
0
0
0
0
0
0
0
0
0
0
0
0
0
0
0
0
0
0
0
0
0
0
0
0
0
0
0
0
0
0
0
0
0
0
0
0
0
0
0
0
0
0
0
0
0
0
0
0
0
0
0
0
0
0
0
0
0
0
0
0
0
0
0
0
0
0
0
0
0
0
0
0
0
0
0
0
0
0
0
0
0
0
0
0
0
0
0
0
0
0
0
0
0
0
0
0
0
0
0
0
0
0
0
0
0
0
0
0
0
0
0
0
0
0
0
0
0
0
0
0
0
0
0
0
0
0
0
0
0
0
0
0
0
0
0
0
0
0
0
0
0
0
0
0
0
0
0
0
0
0
0
0
0
0
0
0
0
0
0
0
0
0
0
0
0
0
0
0
0
0
0
0
0
0
0
0
0
0
0
0
0
0
0
0
0
0
0
0
0
0
0
0
0
0
0
0
0
0
0
0
0
0
0
0
0
0
0
0
0
0
0
0
0
0
0
0
0
0
0
0
0
0
0
0
0
0
0
0
0
0
0
0
0
0
0
0
0
0
0
0
0
0
0
0
0
0
0
0
0
0
0
0
0
0
0
0
0
0
0
0
0
0
0
0
0
0
0
0
0
0
0
0
0
0
0
0
0
0
0
0
0
0
0
0
0
0
0
0
0
0
0
0
0
0
0
0
0
0
0
0
0
0
0
0
0
0
0
0
0
0
0
0
0
0
0
0
0
0
0
0
0
0
0
0
0
0
0
0
0
0
0
0
0
0
0
0
0
0
0
0
0
0
0
0
0
0
0
0
0
0
0
0
0
0
0
0
0
0
0
0
0
0
0
0
0
0
0
0
0
0
0
0
0
0
0
0
0
0
0
0
0
0
0
0
0
0
0
0
0
0
0
0
0
0
0
0
0
0
0
0
0
0
0
0
0
0
0
0
0
0
0
0
0
0
0
0
0
0
0
0
0
0
0
0
0
0
0
0
0
0
0
0
0
0
0
0
0
0
0
0
0
0
0
0
0
0
0
0
0
0
0
0
0
0
0
0
0
0
0
0
0
0
0
0
0
0
0
0
0
0
0
0
0
0
0
0
0
0
0
0
0
0
0
0
0
0
0
0
0
0
0
0
0
0
0
0
0
0
0
0
0
0
0
0
0
0
0
0
0
0
0
0
0
0
0
0
0
0
0
0
0
0
0
0
0
0
0
0
0
0
0
0
0
0
0
0
0
0
0
0
0
0
0
0
0
0
0
0
0
0
0
0
0
0
0
0
0
0
0
0
0
0
0
0
0
0
0
0
0
0
0
0
0
0
0
0
0
0
0
0
0
0
0
0
0
0
0
0
0
0
0
0
0
0
0
0
0
0
0
0
0
0
0
0
0
0
0
0
0
0
0
0
0
0
0
0
0
0
0
0
0
0
0
0
0
0
0
0
0
0
0
0
0
0
0
0
0
0
0
0
0
0
0
0
0
0
0
0
0
0
0
0
0
0
0
0
0
0
0
0
0
0
0
0
0
0
0
0
0
0
0
0
0
0
0
0
0
0
0
0
0
0
0
0
0
0
0
0
0
0
0
0
0
0
0
0
0
0
0
0
0
0
0
0
0
0
0
0
0
0
0
0
0
0
0
0
0
0
0
0
0
0
0
0
0
0
0
0
0
0
0
0
0
0
0
0
0
0
0
0
0
0
0
0
0
0
0
0
0
0
0
0
0
0
0
0
0
0
0
0
0
0
0
0
0
0
0
0
0
0
0
0
0
0
0
0
0
0
0
0
0
0
0
0
0
0
0
0
0
0
0
0
0
0
0
0
0
0
0
0
0
0
0
0
0
0
0
0
0
0
0
0
0
0
0
0
0
0
0
0
0
0
0
0
0
0
0
0
0
0
0
0
0
0
0
0
0
0
0
0
0
0
0
0
0
0
0
0
0
0
0
0
0
0
0
0
0
0
0
0
0
0
0
0
0
0
0
0
0
0
0
0
0
0
0
0
0
0
0
0
0
0
0
0
0
0
0
0
0
0
0
0
0
0
0
0
0
0
0
0
0
0
0
0
0
0
0
0
0
0
0
0
0
0
0
0
0
0
0
0
0
0
0
0
0
0
0
0
0
0
0
0
0
0
0
0
0
0
0
0
0
0
8
26
55
67
105
17
138
84
83
89
96
100
104
109
114
120
124
126
129
137
185
188
186
182
181
182
203
204
162
133
162
181
151
171
141
190
1.079100e+02
266
290
300
303
341
391
428
418
402
375
431
487
485
480
480
480
484
513
553
431
392
392
392
316
614
590
593
445
445
445
519
497
651
267
486
486
486
535
535
535
110
378
378
378
378
526
276
390
132
132
132
339
272
265
280
279
328
275
293
270
304
268
115
93
93
93
93
208
218
255
292
328
370
370
433
454
468
468
468
497
502
467
454
465
465
465
465
447
471
471
480
480
480
478
492
484
491
428
428
428
480
483
424
429
471
471
471
405
434
415
439
335
335
335
147
423
424
423
163
163
163
163
163
163
163
163
163
163
163
260
257
231
251
251
251
268
0
0
0
0
0
0
0
0
0
0
0
0
0
0
0
0
0
0
0
0
0
0
0
0
0
0
0
0
0
0
0
0
0
0
0
0
2.235700e+02
4.053300e+02
4.053300e+02
4.053300e+02
4.053300e+02
4.053300e+02
6.418000e+02
7.214100e+02
7.788500e+02
8.285200e+02
8.285200e+02
8.285200e+02
8.285200e+02
9.539700e+02
9.707400e+02
9.752900e+02
9.702700e+02
9.702700e+02
9.702700e+02
1.003720e+03
1.003720e+03
1.003720e+03
1.003720e+03
1.005700e+03
1.005700e+03
1.005700e+03
1.012470e+03
1.020020e+03
1.031110e+03
1.037030e+03
1022
1022
1022
1.033460e+03
1.033910e+03
1.033910e+03
1.033910e+03
1.064700e+03
1.064700e+03
1.064700e+03
9.138300e+02
6.712100e+02
5.904100e+02
7.307400e+02
6.818200e+02
6.818200e+02
6.818200e+02
6.441900e+02
6.408800e+02
6.402600e+02
6.396100e+02
6.395900e+02
6.395900e+02
6.395900e+02
6.229200e+02
6.229200e+02
6.229200e+02
2.878100e+02
4.966900e+02
4.966900e+02
4.966900e+02
4.966900e+02
4.966900e+02
4.966900e+02
4.966900e+02
4.038600e+02
4.038600e+02
4.038600e+02
4.038600e+02
5.038000e+02
5.099000e+02
5.099000e+02
5.099000e+02
5.099000e+02
5.099000e+02
5.988700e+02
5.962600e+02
5.973600e+02
5.973600e+02
5.973600e+02
5.973600e+02
5.973600e+02
601
6.036600e+02
6.061000e+02
6.127100e+02
665
665
665
7.319500e+02
7.387100e+02
7.451500e+02
7.451500e+02
7.451500e+02
7.451500e+02
7.451500e+02
8.544200e+02
8.505600e+02
8.024500e+02
8.024500e+02
7.792100e+02
7.792100e+02
7.792100e+02
7.861900e+02
7.861900e+02
7.861900e+02
7.861900e+02
7.861900e+02
7.861900e+02
7.861900e+02
8.059600e+02
8.119300e+02
8.475300e+02
9.042500e+02
9.240500e+02
9.240500e+02
9.240500e+02
9.946100e+02
9.550300e+02
9.550300e+02
9.544500e+02
9.544500e+02
9.544500e+02
9.544500e+02
9.361500e+02
9.329800e+02
9.329800e+02
9.507200e+02
9.455000e+02
9.455000e+02
9.455000e+02
9.459500e+02
9.578900e+02
9.719200e+02
9.719200e+02
9.719200e+02
9.719200e+02
9.719200e+02
9.814300e+02
9.591500e+02
9.631900e+02
9.716800e+02
9.836300e+02
9.836300e+02
9.836300e+02
9.641600e+02
9.641600e+02
9.641600e+02
9.641600e+02
9.641600e+02
9.641600e+02
9.641600e+02
8.462300e+02
8.389700e+02
8.336500e+02
8.197600e+02
8.197600e+02
8.197600e+02
8.197600e+02
7.976500e+02
7.757700e+02
7.610700e+02
7.531400e+02
7.531400e+02
7.531400e+02
7.531400e+02
8.078000e+01
8.643400e+02
9.089500e+02
9.365500e+02
9.426500e+02
9.426500e+02
9.426500e+02
9.381400e+02
9.472500e+02
9.504300e+02
9.504300e+02
9.431500e+02
9.431500e+02
9.431500e+02
9.469000e+02
9.469000e+02
9.469000e+02
9.962900e+02
9.834300e+02
9.834300e+02
9.834300e+02
9.373300e+02
9.193200e+02
9.193200e+02
9.464600e+02
8.980900e+02
8.980900e+02
8.980900e+02
8.972200e+02
9.464500e+02
9.499200e+02
9.569600e+02
9.656400e+02
9.656400e+02
9.656400e+02
9.742300e+02
9.745400e+02
9.585600e+02
9.585600e+02
6.986900e+02
6.986900e+02
6.986900e+02
9.080200e+02
8.713400e+02
9.191600e+02
9.287700e+02
9.535500e+02
9.535500e+02
9.535500e+02
9.907900e+02
9.907900e+02
9.811600e+02
9.614500e+02
9.614500e+02
9.614500e+02
9.614500e+02
9.614500e+02
6.024600e+02
1.055310e+03
1.008950e+03
9.454300e+02
9.454300e+02
9.454300e+02
9.845200e+02
9.845200e+02
1.002310e+03
1.002310e+03
1.002310e+03
1.002310e+03
1.002310e+03
8.339600e+02
8.519600e+02
9.573900e+02
9.691700e+02
9.588900e+02
9.588900e+02
9.588900e+02
9.907700e+02
9.907700e+02
9.847800e+02
9.848400e+02
9.902600e+02
9.902600e+02
9.902600e+02
9.920800e+02
984
984
9.986700e+02
9.954700e+02
9.954700e+02
9.954700e+02
9.936500e+02
9.936500e+02
9.939700e+02
9.706300e+02
992
992
992
1.024640e+03
1.021940e+03
1.023990e+03
1.022750e+03
1.017550e+03
1.017550e+03
1.017550e+03
1.017550e+03
1.017550e+03
1.017550e+03
1.017550e+03
1.017550e+03
1.017550e+03
1.017550e+03
4.119800e+02
6.979600e+02
7.831200e+02
8.035200e+02
8.207000e+02
8.207000e+02
8.207000e+02
8.471500e+02
8.675500e+02
8.793200e+02
8.670300e+02
8.699100e+02
8.699100e+02
8.699100e+02
9.092500e+02
9.058500e+02
9.155000e+02
9.130500e+02
9.130500e+02
9.130500e+02
9.130500e+02
9.130500e+02
5.278700e+02
8.541700e+02
9.105200e+02
9.105200e+02
9.105200e+02
9.105200e+02
9.459800e+02
9.536900e+02
9.627100e+02
9.564900e+02
9.625800e+02
9.625800e+02
9.625800e+02
9.504700e+02
9.504700e+02
9.504700e+02
9.504700e+02
9.504700e+02
9.504700e+02
9.504700e+02
9.248000e+02
9.248000e+02
9.248000e+02
9.238300e+02
9.238300e+02
9.238300e+02
9.238300e+02
9.458600e+02
9.458600e+02
9.458600e+02
9.458600e+02
9.458600e+02
9.458600e+02
9.458600e+02
5.349600e+02
5.349600e+02
5.349600e+02
8.154500e+02
7.718000e+02
7.718000e+02
7.718000e+02
7.606700e+02
7.606700e+02
7.606700e+02
7.606700e+02
7.606700e+02
7.606700e+02
7.606700e+02
7.505200e+02
7.505200e+02
7.838000e+02
7.838000e+02
7.874400e+02
7.874400e+02
7.874400e+02
7.414200e+02
7.414200e+02
7.414200e+02
7.414200e+02
7.414200e+02
7.414200e+02
7.414200e+02
7.398000e+02
7.398000e+02
7.471000e+02
7.471000e+02
7.471000e+02
7.471000e+02
7.471000e+02
5.522400e+02
5.522400e+02
4.776900e+02
4.776900e+02
4.627800e+02
4.627800e+02
4.627800e+02
4.627800e+02
4.627800e+02
4.388300e+02
4.388300e+02
4.374200e+02
4.374200e+02
4.374200e+02
4.314000e+02
4.314000e+02
4.273800e+02
4.273800e+02
4.314100e+02
4.314100e+02
4.314100e+02
4.208800e+02
4.208800e+02
4.166900e+02
4.166900e+02
4.131700e+02
4.131700e+02
4.131700e+02
5.210100e+02
5.210100e+02
5.571100e+02
5.571100e+02
5.617700e+02
5.617700e+02
5.617700e+02
5.855300e+02
5.855300e+02
6.018500e+02
6.018500e+02
6.018500e+02
6.018500e+02
6.018500e+02
6.367000e+02
6.367000e+02
6.423400e+02
6.423400e+02
6.423400e+02
6.423400e+02
6.423400e+02
6.423400e+02
6.423400e+02
6.649400e+02
6.649400e+02
6.734000e+02
6.734000e+02
6.734000e+02
6.703100e+02
6.703100e+02
6.703300e+02
6.703300e+02
6.764700e+02
6.764700e+02
6.764700e+02
6.764700e+02
6.764700e+02
6.764700e+02
6.764700e+02
6.764700e+02
6.764700e+02
6.764700e+02
6.764700e+02
6.764700e+02
6.943800e+02
6.943800e+02
6.943800e+02
6.943800e+02
6.943800e+02
8.128200e+02
8.128200e+02
8.159200e+02
8.159200e+02
3.598400e+02
3.598400e+02
3.598400e+02
8.046300e+02
8.046300e+02
8.001100e+02
8.001100e+02
7.205200e+02
7.205200e+02
7.205200e+02
6.945200e+02
6.945200e+02
7.062200e+02
7.062200e+02
6.954200e+02
6.954200e+02
6.954200e+02
6.183000e+02
6.183000e+02
6.105900e+02
6.105900e+02
6.105900e+02
6.105900e+02
6.105900e+02
6.105900e+02
6.105900e+02
4.357500e+02
4.357500e+02
4.357500e+02
4.357500e+02
4.357500e+02
4.233700e+02
4.233700e+02
4.200500e+02
4.200500e+02
4.192300e+02
4.192300e+02
4.192300e+02
4.142000e+02
4.142000e+02
4.142000e+02
4.142000e+02
3.977900e+02
3.977900e+02
3.977900e+02
4.056200e+02
4.056200e+02
4.108800e+02
4.108800e+02
4.139100e+02
4.139100e+02
4.139100e+02
4.167800e+02
4.167800e+02
4.167800e+02
4.167800e+02
4.167800e+02
4.167800e+02
4.167800e+02
4.167800e+02
4.167800e+02
4.167800e+02
4.167800e+02
4.167800e+02
4.167800e+02
4.167800e+02
4.167800e+02
4.167800e+02
4.167800e+02
4.167800e+02
4.212600e+02
4.212600e+02
4.212600e+02
4.212600e+02
4.212600e+02
4.212600e+02
4.212600e+02
4.212600e+02
4.212600e+02
4.212600e+02
4.212600e+02
4.212600e+02
4.212600e+02
4.212600e+02
4.068400e+02
4.068400e+02
4.068400e+02
6.645200e+02
6.645200e+02
7.267500e+02
7.267500e+02
6.199200e+02
6.199200e+02
6.199200e+02
5.796600e+02
5.796600e+02
5.698000e+02
5.698000e+02
1.570000e+01
1.570000e+01
1.570000e+01
5.185700e+02
5.185700e+02
5.185700e+02
5.185700e+02
4.277500e+02
4.277500e+02
4.277500e+02
4.072900e+02
4.072900e+02
4.021200e+02
4.021200e+02
4.021200e+02
4.021200e+02
4.021200e+02
3.336900e+02
3.336900e+02
3.521100e+02
3.521100e+02
3.521100e+02
3.521100e+02
3.521100e+02
3.402800e+02
3.402800e+02
5.562600e+02
5.562600e+02
5.034900e+02
5.034900e+02
5.034900e+02
4.870200e+02
4.870200e+02
4.870200e+02
4.870200e+02
4.870200e+02
4.870200e+02
4.870200e+02
5.147500e+02
5.147500e+02
5.147500e+02
5.147500e+02
5.147500e+02
5.147500e+02
5.147500e+02
5.178500e+02
5.178500e+02
5.381600e+02
5.381600e+02
5.381600e+02
5.381600e+02
5.381600e+02
5.381600e+02
5.381600e+02
5.414100e+02
5.414100e+02
5.414100e+02
5.414100e+02
5.414100e+02
5.426700e+02
5.426700e+02
5.426700e+02
5.426700e+02
5.426700e+02
5.426700e+02
5.426700e+02
5.421200e+02
5.421200e+02
5.421200e+02
5.421200e+02
5.421200e+02
5.421200e+02
5.421200e+02
5.509800e+02
5.509800e+02
5.549000e+02
5.549000e+02
5.552800e+02
5.552800e+02
5.552800e+02
3.889200e+02
3.889200e+02
3.889200e+02
3.889200e+02
3.889200e+02
3.889200e+02
3.889200e+02
3.889200e+02
5.251000e+02
5.251000e+02
5.251000e+02
3.994600e+02
3.994600e+02
3.994600e+02
3.819600e+02
3.819600e+02
3.819600e+02
3.819600e+02
3.819600e+02
3.819600e+02
3.819600e+02
3.373900e+02
3.373900e+02
3.318700e+02
3.318700e+02
3.253900e+02
3.253900e+02
3.253900e+02
3.154000e+02
3.154000e+02
3.154000e+02
3.154000e+02
3.154000e+02
3.154000e+02
3.154000e+02
4.878600e+02
4.878600e+02
4.878600e+02
4.878600e+02
4.650800e+02
4.650800e+02
4.650800e+02
4.631700e+02
4.631700e+02
4.631700e+02
4.631700e+02
4.631700e+02
4.631700e+02
4.631700e+02
4.631700e+02
4.631700e+02
4.631700e+02
4.802300e+02
4.802300e+02
4.802300e+02
4.802300e+02
4.838400e+02
4.838400e+02
4.838400e+02
4.838400e+02
4.838400e+02
4.838400e+02
4.838400e+02
4.838400e+02
4.838400e+02
4.457200e+02
4.457200e+02
4.457200e+02
4.457200e+02
4.457200e+02
4.412200e+02
4.412200e+02
4.412200e+02
4.412200e+02
4.412200e+02
4.412200e+02
4.412200e+02
4.412200e+02
4.412200e+02
4.412200e+02
4.412200e+02
4.412200e+02
4.412200e+02
4.412200e+02
3.984900e+02
3.984900e+02
3.931400e+02
3.931400e+02
3.931400e+02
3.931400e+02
3.931400e+02
3.591900e+02
3.591900e+02
3.591900e+02
3.591900e+02
3.591900e+02
3.591900e+02
3.591900e+02
3.535800e+02
3.535800e+02
3.535800e+02
3.535800e+02
3.535800e+02
3.535800e+02
3.535800e+02
3.514500e+02
3.514500e+02
3.476700e+02
3.476700e+02
3.458300e+02
3.458300e+02
3.458300e+02
3.442600e+02
3.442600e+02
3.453100e+02
3.453100e+02
3.444300e+02
3.444300e+02
3.444300e+02
3.437800e+02
3.437800e+02
3.423600e+02
3.423600e+02
3.353900e+02
3.353900e+02
3.353900e+02
3.305400e+02
3.305400e+02
3.305400e+02
3.305400e+02
3.305400e+02
3.305400e+02
3.305400e+02
3.191700e+02
3.191700e+02
3.187200e+02
3.187200e+02
3.191300e+02
3.191300e+02
3.191300e+02
3.191300e+02
3.191300e+02
3.191300e+02
3.191300e+02
3.130200e+02
3.130200e+02
3.130200e+02
3.122700e+02
3.122700e+02
3.122700e+02
3.095400e+02
3.095400e+02
3.095400e+02
3.095400e+02
3.095400e+02
3.095400e+02
3.095400e+02
3.095400e+02
3.095400e+02
3.095400e+02
3.095400e+02
3.095400e+02
3.095400e+02
3.021400e+02
3.021400e+02
3.021400e+02
3.021400e+02
3.021400e+02
3.021400e+02
3.021400e+02
3.021400e+02
3.021400e+02
3.021400e+02
3.021400e+02
3.021400e+02
3.021400e+02
3.021400e+02
3.021400e+02
3.021400e+02
3.021400e+02
3.021400e+02
3.021400e+02
3.021400e+02
3.021400e+02
3.021400e+02
3.021400e+02
3.021400e+02
3.021400e+02
3.021400e+02
3.021400e+02
3.021400e+02
3.021400e+02
3.021400e+02
3.021400e+02
3.021400e+02
3.021400e+02
3.021400e+02
2.688000e+02
2.688000e+02
2.688000e+02
2.688000e+02
2.688000e+02
2.688000e+02
2.673100e+02
2.673100e+02
2.660600e+02
2.660600e+02
2.660600e+02
2.660600e+02
2.660600e+02
2.692200e+02
2.692200e+02
2.692200e+02
2.692200e+02
2.692200e+02
2.692200e+02
2.692200e+02
2.401300e+02
2.401300e+02
2.379600e+02
2.379600e+02
2.368700e+02
2.368700e+02
2.368700e+02
2.170700e+02
2.170700e+02
2.170700e+02
2.170700e+02
2.170700e+02
2.170700e+02
2.170700e+02
2.138200e+02
2.138200e+02
236
236
2.365600e+02
2.365600e+02
2.365600e+02
2.306000e+02
2.306000e+02
2.306000e+02
2.306000e+02
2.306000e+02
2.306000e+02
2.306000e+02
2.217400e+02
2.217400e+02
2.225000e+02
2.225000e+02
2.232600e+02
2.232600e+02
2.232600e+02
2.182800e+02
2.182800e+02
2.182800e+02
2.182800e+02
2.182800e+02
2.182800e+02
2.182800e+02
2.182800e+02
2.182800e+02
2.182800e+02
2.182800e+02
2.182800e+02
2.182800e+02
2.182800e+02
2.154800e+02
2.154800e+02
2.139500e+02
2.139500e+02
2.139500e+02
2.139500e+02
2.139500e+02
2.146100e+02
2.146100e+02
2.087000e+02
2.087000e+02
2.073300e+02
2.073300e+02
2.073300e+02
2.062500e+02
2.062500e+02
2.062500e+02
2.062500e+02
2.062500e+02
2.062500e+02
2.062500e+02
2.064800e+02
2.064800e+02
2.062400e+02
2.062400e+02
2.063200e+02
2.063200e+02
2.063200e+02
2.071700e+02
2.071700e+02
2.071700e+02
2.071700e+02
2.071700e+02
2.071700e+02
2.071700e+02
2.063900e+02
2.063900e+02
2.083500e+02
2.083500e+02
2.085800e+02
2.085800e+02
2.085800e+02
2.085800e+02
2.085800e+02
2.085800e+02
2.085800e+02
2.085800e+02
2.085800e+02
2.085800e+02
2.085800e+02
2.085800e+02
1.916200e+02
1.916200e+02
1.806000e+02
1.806000e+02
1.806000e+02
1.525800e+02
1.525800e+02
1.575600e+02
1.575600e+02
1.575600e+02
1.575600e+02
1.575600e+02
1.533900e+02
1.533900e+02
1.838300e+02
1.838300e+02
1.648600e+02
1.648600e+02
1.648600e+02
1.542100e+02
1.542100e+02
1.542100e+02
1.542100e+02
1.852500e+02
1.852500e+02
1.852500e+02
1.873100e+02
1.873100e+02
1.464900e+02
1.464900e+02
1.462300e+02
1.462300e+02
1.462300e+02
1.435300e+02
1.435300e+02
1.435300e+02
1.435300e+02
1.435300e+02
1.435300e+02
1.435300e+02
1.386300e+02
1.386300e+02
1.381900e+02
1.381900e+02
1.361800e+02
1.361800e+02
1.361800e+02
1.395500e+02
1.395500e+02
1.432800e+02
1.432800e+02
1.427700e+02
1.427700e+02
1.427700e+02
1.402300e+02
1.402300e+02
1.402300e+02
1.402300e+02
1.392300e+02
1.392300e+02
1.377900e+02
1.377900e+02
1.377900e+02
1.372300e+02
1.372300e+02
1.372300e+02
1.372300e+02
1.372300e+02
1.377700e+02
1.377700e+02
1.370500e+02
1.370500e+02
1.366200e+02
1.366200e+02
1.366200e+02
1.363700e+02
1.363700e+02
1.348400e+02
1.348400e+02
1.349600e+02
1.349600e+02
1.349600e+02
1.340900e+02
1.340900e+02
1.340900e+02
1.340200e+02
1.325200e+02
1.325200e+02
1.325200e+02
1.318000e+02
1.318000e+02
1.318000e+02
1.318000e+02
1.318000e+02
1.318000e+02
1.318000e+02
1.304300e+02
1.304300e+02
1.305800e+02
1.305800e+02
1.296200e+02
1.296200e+02
1.296200e+02
1.283200e+02
1.283200e+02
1.277200e+02
1.277200e+02
1.278900e+02
1.278900e+02
1.278900e+02
1.267700e+02
1.267700e+02
1.264900e+02
1.264900e+02
1.267300e+02
1.267300e+02
1.267300e+02
125
125
1.243500e+02
1.243500e+02
1.242800e+02
1.242800e+02
1.242800e+02
1.241700e+02
1.241700e+02
1.255500e+02
1.255500e+02
1.231700e+02
1.231700e+02
1.231700e+02
1.225100e+02
1.225100e+02
1.219000e+02
1.219000e+02
1.205700e+02
1.205700e+02
1.205700e+02
1.201600e+02
1.201600e+02
1.194800e+02
1.194800e+02
1.183800e+02
1.183800e+02
1.183800e+02
1.190200e+02
1.190200e+02
1.181600e+02
1.181600e+02
1.181600e+02
1.181600e+02
1.181600e+02
1.172800e+02
1.172800e+02
1.155000e+02
1.155000e+02
1.152400e+02
1.152400e+02
1.152400e+02
1.149600e+02
1.149600e+02
1.141600e+02
1.141600e+02
1.134900e+02
1.134900e+02
1.134900e+02
1.135600e+02
1.135600e+02
7.073000e+01
7.073000e+01
7.073000e+01
7.073000e+01
7.073000e+01
1.111700e+02
1.111700e+02
1.106900e+02
1.106900e+02
1.266800e+02
1.266800e+02
1.266800e+02
1.231300e+02
1.231300e+02
1.207500e+02
1.207500e+02
1.179900e+02
1.179900e+02
1.179900e+02
1.166400e+02
1.166400e+02
1.166400e+02
1.166400e+02
1.166400e+02
1.166400e+02
1.166400e+02
1.149100e+02
1.149100e+02
1.144500e+02
1.144500e+02
1.132800e+02
1.132800e+02
1.132800e+02
1.128700e+02
1.128700e+02
1.128700e+02
1.128700e+02
1.096300e+02
1.096300e+02
1.096300e+02
1.097700e+02
1.097700e+02
1.097800e+02
1.097800e+02
1.097800e+02
1.097800e+02
1.097800e+02
1.069800e+02
1.069800e+02
1.074700e+02
1.074700e+02
1.053700e+02
1.053700e+02
1.053700e+02
1.046600e+02
1.046600e+02
1.046400e+02
1.046400e+02
1.039700e+02
1.039700e+02
1.039700e+02
1.031200e+02
1.031200e+02
1.028400e+02
1.028400e+02
1.025300e+02
1.025300e+02
1.025300e+02
1.022200e+02
1.022200e+02
1.022200e+02
1.022200e+02
1.018300e+02
1.018300e+02
1.018300e+02
1.002400e+02
1.002400e+02
1.002400e+02
1.002400e+02
1.002400e+02
1.002400e+02
1.002400e+02
9.966000e+01
9.966000e+01
9.902000e+01
9.902000e+01
9.902000e+01
9.902000e+01
9.902000e+01
9.852000e+01
9.852000e+01
6.922000e+01
6.922000e+01
9.820000e+01
9.820000e+01
9.820000e+01
9.768000e+01
9.768000e+01
9.721000e+01
9.721000e+01
9.663000e+01
9.663000e+01
9.663000e+01
9.608000e+01
9.608000e+01
9.563000e+01
9.563000e+01
9.563000e+01
9.563000e+01
9.563000e+01
9.563000e+01
9.563000e+01
9.459000e+01
9.459000e+01
9.459000e+01
9.459000e+01
9.459000e+01
9.388000e+01
9.388000e+01
9.280000e+01
9.280000e+01
9.170000e+01
9.170000e+01
9.170000e+01
9.183000e+01
9.183000e+01
9.077000e+01
9.077000e+01
9.077000e+01
9.077000e+01
9.077000e+01
9.167000e+01
9.167000e+01
9.177000e+01
9.177000e+01
9.177000e+01
9.177000e+01
9.177000e+01
9.106000e+01
9.106000e+01
9.043000e+01
9.043000e+01
9.043000e+01
9.043000e+01
9.043000e+01
8.999000e+01
8.999000e+01
8.912000e+01
8.912000e+01
8.834000e+01
8.834000e+01
8.834000e+01
8.799000e+01
8.799000e+01
8.615000e+01
8.615000e+01
8.615000e+01
8.615000e+01
8.615000e+01
8.615000e+01
8.615000e+01
8.615000e+01
8.615000e+01
8.615000e+01
8.615000e+01
8.615000e+01
8.615000e+01
8.615000e+01
8.615000e+01
8.615000e+01
8.615000e+01
8.615000e+01
8.615000e+01
8.615000e+01
8.615000e+01
7.957000e+01
7.957000e+01
7.957000e+01
7.957000e+01
7.957000e+01
6.461000e+01
6.461000e+01
9.125000e+01
9.125000e+01
9.125000e+01
9.125000e+01
9.125000e+01
9.262000e+01
9.262000e+01
1.020600e+02
1.020600e+02
1.020600e+02
1.020600e+02
1.020600e+02
1.138700e+02
1.138700e+02
1.225400e+02
1.225400e+02
1.225400e+02
1.225400e+02
1.225400e+02
1.586500e+02
1.586500e+02
1.765700e+02
1.765700e+02
1.765700e+02
1.765700e+02
1.765700e+02
1.903400e+02
1.903400e+02
2.137400e+02
2.137400e+02
2.137400e+02
2.137400e+02
2.137400e+02
2.604700e+02
2.604700e+02
2.604700e+02
2.604700e+02
3.372800e+02
3.372800e+02
3.372800e+02
3.787300e+02
3.787300e+02
3.787300e+02
3.787300e+02
3.787300e+02
3.787300e+02
3.787300e+02
3.787300e+02
3.787300e+02
3.987000e+02
3.987000e+02
3.987000e+02
3.987000e+02
3.987000e+02
3.634400e+02
3.634400e+02
3.634400e+02
3.634400e+02
3.558100e+02
3.558100e+02
3.558100e+02
2.607900e+02
2.607900e+02
3.723600e+02
3.723600e+02
3.680100e+02
3.680100e+02
3.680100e+02
3.755700e+02
3.755700e+02
3.741200e+02
3.741200e+02
3.741200e+02
3.741200e+02
3.741200e+02
3.733800e+02
3.733800e+02
3.729500e+02
3.729500e+02
3.711200e+02
3.711200e+02
3.711200e+02
3.707600e+02
3.707600e+02
3.642500e+02
3.642500e+02
3.642500e+02
3.642500e+02
3.642500e+02
3.557100e+02
3.557100e+02
2.857800e+02
2.857800e+02
1.832000e+02
1.832000e+02
1.832000e+02
1.832000e+02
1.832000e+02
1.832000e+02
1.832000e+02
1.832000e+02
1.832000e+02
1.832000e+02
3.644600e+02
3.644600e+02
3.766600e+02
3.766600e+02
3.807900e+02
3.807900e+02
3.807900e+02
3.807900e+02
3.807900e+02
3.512300e+02
3.512300e+02
3.512300e+02
3.512300e+02
3.512300e+02
3.793300e+02
3.793300e+02
3.829200e+02
3.829200e+02
3.854000e+02
3.854000e+02
3.854000e+02
3.854000e+02
3.854000e+02
3.854000e+02
3.854000e+02
3.854000e+02
3.854000e+02
3.854000e+02
3.907400e+02
3.907400e+02
3.907400e+02
3.907400e+02
3.907400e+02
3.907400e+02
3.907400e+02
3.838000e+02
3.838000e+02
3.863200e+02
3.863200e+02
3.801700e+02
3.801700e+02
3.801700e+02
379
379
377
377
375
375
375
375
375
374
374
376
376
376
377
377
376
376
376
376
376
374
374
374
374
374
374
374
3.716600e+02
3.716600e+02
3.730900e+02
3.730900e+02
3.722800e+02
3.722800e+02
3.722800e+02
3.710300e+02
3.710300e+02
3.695100e+02
3.695100e+02
3.707900e+02
3.707900e+02
3.707900e+02
3.687900e+02
3.687900e+02
3.687900e+02
3.687900e+02
3.711800e+02
3.711800e+02
3.711800e+02
3.681500e+02
3.681500e+02
3.695000e+02
3.695000e+02
3.691200e+02
3.691200e+02
3.691200e+02
3.693100e+02
3.693100e+02
3.701600e+02
3.701600e+02
3.701600e+02
3.701600e+02
3.701600e+02
3.702000e+02
3.702000e+02
3.702000e+02
3.702000e+02
3.669600e+02
3.669600e+02
3.669600e+02
3.665200e+02
3.665200e+02
3.653800e+02
3.653800e+02
3.649000e+02
3.649000e+02
3.649000e+02
3.639000e+02
3.639000e+02
3.627700e+02
3.627700e+02
3.635900e+02
3.635900e+02
3.635900e+02
3.637400e+02
3.637400e+02
3.637400e+02
3.637400e+02
3.637400e+02
3.637400e+02
3.637400e+02
3.592000e+02
3.592000e+02
3.618100e+02
3.618100e+02
3.618200e+02
3.618200e+02
3.618200e+02
3.608800e+02
3.608800e+02
3.607100e+02
3.607100e+02
3.608800e+02
3.608800e+02
3.608800e+02
3.574100e+02
3.574100e+02
3.562500e+02
3.562500e+02
3.575300e+02
3.575300e+02
3.575300e+02
3.593400e+02
3.593400e+02
3.593400e+02
3.593400e+02
3.567300e+02
3.567300e+02
3.567300e+02
358
358
3.689800e+02
3.689800e+02
3.701000e+02
3.701000e+02
3.701000e+02
3.701000e+02
3.701000e+02
3.701000e+02
3.701000e+02
3.701000e+02
3.701000e+02
3.701000e+02
3.588900e+02
3.588900e+02
3.526900e+02
3.526900e+02
3.526900e+02
3.526900e+02
3.526900e+02
3.522700e+02
3.522700e+02
3.521300e+02
3.521300e+02
352
352
352
3.518000e+02
3.518000e+02
3.533700e+02
3.533700e+02
3.527500e+02
3.527500e+02
3.527500e+02
3.519800e+02
3.519800e+02
3.512400e+02
3.512400e+02
3.512400e+02
