0
0
0
0
0
0
0
0
0
0
0
0
0
0
0
0
0
0
0
0
0
0
0
0
0
0
0
0
0
0
0
0
0
0
0
0
0
0
0
0
0
0
0
0
0
0
0
0
0
0
0
0
0
0
0
0
0
0
0
0
0
0
0
0
0
0
0
0
0
0
0
0
0
0
0
0
0
0
0
0
0
0
0
0
0
0
0
0
0
0
0
0
0
0
0
0
0
0
0
0
0
0
0
0
0
0
0
0
0
0
0
0
0
0
0
0
0
0
0
0
0
0
0
0
0
0
0
0
0
0
0
0
0
0
0
0
0
0
0
0
0
0
0
0
0
0
0
0
0
0
0
0
0
0
0
0
0
0
0
0
0
0
0
0
0
0
0
0
0
0
0
0
0
0
0
0
0
0
0
0
0
0
0
0
0
0
0
0
0
0
0
0
0
0
0
0
0
0
0
0
0
0
0
0
0
0
0
0
0
0
0
0
0
0
0
0
0
0
0
0
0
0
0
0
0
0
0
0
0
0
0
0
0
0
0
0
0
0
0
0
0
0
0
0
0
0
0
0
0
0
0
0
0
0
0
0
0
0
0
0
0
0
0
0
0
0
0
0
0
0
0
0
0
0
0
0
0
0
0
0
0
0
0
0
0
0
0
0
0
0
0
0
0
0
0
0
0
0
0
0
0
0
0
0
0
0
0
0
0
0
0
0
0
0
0
0
0
0
0
0
0
0
0
0
0
0
0
0
0
0
0
0
0
0
0
0
0
0
0
0
0
0
0
0
0
0
0
0
0
0
0
0
0
0
0
0
0
0
0
0
0
0
0
0
0
0
0
0
0
0
0
0
0
0
0
0
0
0
0
0
0
0
0
0
0
0
0
0
0
0
0
0
0
0
0
0
0
0
0
0
0
0
0
0
0
0
0
0
0
0
0
0
0
0
0
0
0
0
0
0
0
0
0
0
0
0
0
0
0
0
0
0
0
0
0
0
0
0
0
0
0
0
0
0
0
0
0
0
0
0
0
0
0
0
0
0
0
0
0
0
0
0
0
0
0
0
0
0
0
0
0
0
0
0
0
0
0
0
0
0
0
0
0
0
0
0
0
0
0
0
0
0
0
0
0
0
0
0
0
0
0
0
0
0
0
0
0
0
0
0
0
0
0
0
0
0
0
0
0
0
0
0
0
0
0
0
0
0
0
0
0
0
0
0
0
0
0
0
0
0
0
0
0
0
0
0
0
0
0
0
0
0
0
0
0
0
0
0
0
0
0
0
0
0
0
0
0
0
0
0
0
0
0
0
0
0
0
0
0
0
0
0
0
0
0
0
0
0
0
0
0
0
0
0
0
0
0
0
0
0
0
0
0
0
0
0
0
0
0
0
0
0
0
0
0
0
0
0
0
0
0
0
0
0
0
0
0
0
0
0
0
0
0
0
0
0
0
0
0
0
0
0
0
0
0
0
0
0
0
0
0
0
0
0
0
0
0
0
0
0
0
0
0
0
0
0
0
0
0
0
0
0
0
0
0
0
0
0
0
0
0
0
0
0
0
0
0
0
0
0
0
0
0
0
0
0
0
0
0
0
0
0
0
0
0
0
0
0
0
0
0
0
0
0
0
0
0
0
0
0
0
0
0
0
0
0
0
0
0
0
0
0
0
0
0
0
0
0
0
0
0
0
0
0
0
0
0
0
0
0
0
0
0
0
0
0
0
0
0
2.664000e+01
4.178000e+01
0
5.805000e+01
5.805000e+01
4.136000e+01
4.478000e+01
4.178000e+01
1.629400e+02
5.863000e+01
4.946000e+01
3.684000e+01
5.570000e+01
3.743000e+01
4.178000e+01
0
0
4.136000e+01
4.218000e+01
0
0
1.131000e+01
1.776000e+01
1.789000e+01
1.413000e+01
1.426000e+01
1.477000e+01
1.612000e+01
1.565000e+01
1.749000e+01
2.028000e+01
2.031000e+01
2.094000e+01
2.122000e+01
2.202000e+01
1.263000e+01
2.967000e+01
2.952000e+01
2.987000e+01
3.095000e+01
3.148000e+01
3.627000e+01
3.686000e+01
3.820000e+01
3.894000e+01
4.059000e+01
4.121000e+01
4.121000e+01
4.289000e+01
4.313000e+01
4.415000e+01
4.456000e+01
4.572000e+01
4.654000e+01
4.664000e+01
4.716000e+01
5.186000e+01
5.116000e+01
5.133000e+01
5.162000e+01
5.270000e+01
5.410000e+01
5.488000e+01
5.488000e+01
5.628000e+01
5.637000e+01
5.761000e+01
5.777000e+01
6.314000e+01
6.213000e+01
6.339000e+01
6.373000e+01
6.487000e+01
6.856000e+01
7.922000e+01
7.949000e+01
7.920000e+01
7.906000e+01
9.109000e+01
9.489000e+01
9.401000e+01
9.421000e+01
1.073400e+02
1.081700e+02
1.029600e+02
1.041400e+02
1.090200e+02
1.253100e+02
1.215400e+02
1.222900e+02
1.266900e+02
1.301000e+02
1.387000e+02
1.380900e+02
1.394100e+02
1.458400e+02
1.487300e+02
1.490400e+02
1.515700e+02
1.471500e+02
1.458400e+02
5.690000e+00
3.777000e+01
7.093000e+01
1.193200e+02
1.544600e+02
1.775100e+02
1.795300e+02
1.776000e+02
1.768200e+02
1.768700e+02
1.859900e+02
1.812100e+02
1.844800e+02
1.850100e+02
1.809600e+02
1.205800e+02
1.423200e+02
1.807800e+02
1.955600e+02
1.900400e+02
1.841000e+02
1.864100e+02
1.820700e+02
1.800400e+02
1.768900e+02
1.774500e+02
1.774500e+02
1.763300e+02
1.809500e+02
1.796300e+02
1.819100e+02
1.800200e+02
1.753900e+02
1.779000e+02
1.770500e+02
1.779200e+02
1.796400e+02
1.829900e+02
1.795400e+02
1.830100e+02
1.824200e+02
1.802500e+02
1.802500e+02
1.802500e+02
1.814800e+02
1.864000e+02
1.858700e+02
1.885000e+02
1.883900e+02
1.863700e+02
1.868000e+02
1.870300e+02
1.854700e+02
1.842500e+02
1.819500e+02
1.860500e+02
1.860500e+02
1.853200e+02
1.803900e+02
1.817600e+02
1.895800e+02
1.895800e+02
1.843200e+02
1.839000e+02
1.890400e+02
1.873600e+02
1.871700e+02
1.901100e+02
1.898300e+02
1.943500e+02
1.938900e+02
1.937900e+02
1.974700e+02
1.974700e+02
1.974700e+02
1.938300e+02
1.959100e+02
1.982700e+02
1.952800e+02
1.924900e+02
1.924900e+02
1.907000e+02
1.902900e+02
1.922100e+02
1.946100e+02
1.957100e+02
2.503700e+02
2.368000e+02
2.286000e+02
2.220300e+02
2.139400e+02
2.133300e+02
2.119400e+02
2.103900e+02
2.085000e+02
2.055500e+02
2.065300e+02
2.072900e+02
2.098400e+02
2.119200e+02
2.096700e+02
2.043800e+02
2.049300e+02
2.081800e+02
2.063600e+02
2.089600e+02
2.084500e+02
2.074500e+02
2.062900e+02
2.052900e+02
2.037800e+02
2.030300e+02
2.038800e+02
2.030300e+02
2.033000e+02
2.033000e+02
2.033000e+02
1.967300e+02
1.944200e+02
1.990700e+02
1.955400e+02
1.964500e+02
2.001500e+02
2.014800e+02
1.995800e+02
2.022700e+02
2.031500e+02
1.994400e+02
2.017100e+02
2.026200e+02
2.023200e+02
2.035900e+02
2.049200e+02
2.052300e+02
2.061400e+02
2.047000e+02
2.052100e+02
2.047700e+02
2.074000e+02
2.067600e+02
2.069700e+02
2.160600e+02
2.167200e+02
2.173900e+02
2.188200e+02
2.180900e+02
2.163000e+02
2.141200e+02
2.172000e+02
2.186900e+02
2.162400e+02
2.147300e+02
2.509000e+02
2.430200e+02
2.361100e+02
2.248200e+02
2.180100e+02
2.660500e+02
2.607900e+02
2.558200e+02
2.492000e+02
2.446800e+02
2.415000e+02
2.416200e+02
2.400800e+02
2.394000e+02
2.396500e+02
2.405700e+02
2.395800e+02
2.411700e+02
2.468500e+02
2.502500e+02
2.539600e+02
2.525900e+02
2.513100e+02
2.517400e+02
2.522400e+02
2.480100e+02
2.430800e+02
2.443000e+02
2.425200e+02
2.398000e+02
2.456600e+02
2.530600e+02
2.535500e+02
2.520700e+02
2.483200e+02
2.502400e+02
2.459800e+02
2.535500e+02
2.502400e+02
2.471900e+02
2.458300e+02
2.452800e+02
2.485800e+02
2.476400e+02
2.499900e+02
2.533400e+02
2.552800e+02
2.532300e+02
2.487600e+02
2.473200e+02
2.480800e+02
2.514296e+02
2.516538e+02
2.518779e+02
2.524200e+02
2.529900e+02
2.539300e+02
2.530700e+02
2.530700e+02
2.530700e+02
2.634000e+02
2.629900e+02
2.686400e+02
2.664300e+02
2.626900e+02
2.626900e+02
2.626900e+02
2.259000e+02
3.128500e+02
3.320300e+02
3.561800e+02
3.357400e+02
3.357400e+02
3.357400e+02
3.100400e+02
3.134600e+02
3.160600e+02
3.153400e+02
3.095900e+02
3.095900e+02
3.095900e+02
3.263200e+02
3.263200e+02
3.263200e+02
3.305800e+02
3.378400e+02
3.378400e+02
3.378400e+02
3.378400e+02
3.544700e+02
3.557000e+02
3.527600e+02
3.744900e+02
3.744900e+02
3.744900e+02
3.635700e+02
3.638800e+02
3.645200e+02
3.655500e+02
3.776600e+02
3.877100e+02
1.547800e+02
1.547800e+02
3.956700e+02
3.915700e+02
3.945400e+02
4.048400e+02
3.959900e+02
3.924500e+02
3.893900e+02
3.871800e+02
3.830200e+02
3.846400e+02
3.880100e+02
3.845100e+02
3.836400e+02
3.852300e+02
3.852300e+02
3.871400e+02
3.802600e+02
3.818100e+02
3.818100e+02
3.818100e+02
3.899800e+02
3.891200e+02
3.946400e+02
3.975700e+02
4.016400e+02
4.016400e+02
4.016400e+02
4.111700e+02
4.098600e+02
4.123900e+02
4.123900e+02
8.658000e+01
8.658000e+01
8.658000e+01
6.493000e+01
2.097100e+02
5.980000e+01
2.333800e+02
3.043700e+02
3.043700e+02
3.043700e+02
4.457200e+02
4.593400e+02
4.657700e+02
4.641900e+02
4.611800e+02
4.611800e+02
4.611800e+02
4.720500e+02
4.892500e+02
4.938900e+02
4.054700e+02
4.582400e+02
4.582400e+02
4.582400e+02
6.780000e+01
3.521800e+02
3.041800e+02
2.719600e+02
3.841600e+02
3.841600e+02
3.841600e+02
4.147500e+02
4.161700e+02
4.161700e+02
4.681100e+02
4.769300e+02
4.769300e+02
4.769300e+02
4.843700e+02
4.668400e+02
2.580700e+02
4.255000e+02
4.415900e+02
4.415900e+02
4.415900e+02
4.505000e+02
4.541100e+02
4.561500e+02
4.614200e+02
4.569000e+02
4.569000e+02
4.569000e+02
4.585200e+02
4.575800e+02
4.599200e+02
4.631600e+02
4.620300e+02
4.620300e+02
4.620300e+02
4.618600e+02
4.624000e+02
4.563600e+02
4.566100e+02
4.616800e+02
4.616800e+02
4.616800e+02
4.815900e+02
4.809100e+02
4.969900e+02
5.028600e+02
5.088300e+02
5.088300e+02
5.088300e+02
5.185100e+02
5.207700e+02
5.199200e+02
5.243200e+02
5.251800e+02
5.251800e+02
5.251800e+02
5.241400e+02
5.343100e+02
5.416700e+02
5.416700e+02
5.416700e+02
5.416700e+02
5.416700e+02
5.416700e+02
5.431200e+02
5.421200e+02
5.415300e+02
5.408700e+02
5.408700e+02
5.408700e+02
5.408700e+02
5.374600e+02
5.501400e+02
5.435600e+02
5.319300e+02
5.319300e+02
5.319300e+02
5.335700e+02
5.335700e+02
5.335700e+02
5.335700e+02
5.133600e+02
5.133600e+02
5.133600e+02
5.025600e+02
5.032200e+02
5.007400e+02
4.910700e+02
4.975600e+02
4.975600e+02
4.975600e+02
4.923000e+02
5.135200e+02
2.198000e+01
415
5.386400e+02
5.386400e+02
5.386400e+02
5.392900e+02
5.383800e+02
5.455100e+02
5.381000e+02
5.331100e+02
5.331100e+02
5.331100e+02
5.239600e+02
5.264400e+02
5.270900e+02
5.253600e+02
5.274900e+02
5.274900e+02
5.274900e+02
5.200300e+02
5.200300e+02
5.200300e+02
3.741800e+02
3.618500e+02
3.618500e+02
3.618500e+02
4.447300e+02
4.657200e+02
4.794100e+02
4.897000e+02
4.827400e+02
4.827400e+02
4.827400e+02
4.827400e+02
2.026800e+02
4.570700e+02
4.570700e+02
4.570700e+02
4.570700e+02
4.570700e+02
5.402500e+02
5.402500e+02
4.609000e+02
4.609000e+02
4.609000e+02
4.609000e+02
4.609000e+02
4.609000e+02
4.647800e+02
4.885400e+02
4.942200e+02
5.047000e+02
5.047000e+02
5.047000e+02
4.963100e+02
4.991400e+02
5.120900e+02
5.120900e+02
5.120900e+02
5.120900e+02
5.120900e+02
5.093100e+02
5.197500e+02
5.304400e+02
5.304400e+02
5.369600e+02
5.369600e+02
5.369600e+02
5.175900e+02
5.175900e+02
5.175900e+02
5.175900e+02
5.175900e+02
5.175900e+02
5.175900e+02
5.402200e+02
5.571000e+02
5.418400e+02
5.532700e+02
5.471100e+02
5.471100e+02
5.471100e+02
5.666600e+02
5.628500e+02
5.628500e+02
5.619700e+02
5.619700e+02
5.619700e+02
5.619700e+02
5.351500e+02
5.359700e+02
5.359700e+02
5.457100e+02
5.431600e+02
5.431600e+02
5.431600e+02
5.245200e+02
5.122400e+02
5.161200e+02
5.161200e+02
5.161200e+02
5.161200e+02
5.161200e+02
5.228300e+02
5.216700e+02
5.176000e+02
5.110900e+02
5.035700e+02
5.035700e+02
5.035700e+02
5.035700e+02
5.035700e+02
5.035700e+02
5.035700e+02
5.035700e+02
5.035700e+02
5.035700e+02
6.326000e+01
6.433000e+01
6.394000e+01
6.290000e+01
6.290000e+01
6.290000e+01
6.290000e+01
2.514700e+02
2.543900e+02
2.608900e+02
2.485000e+02
2.485000e+02
2.485000e+02
2.485000e+02
272
2.686200e+02
3.084200e+02
306
2.908600e+02
2.908600e+02
2.908600e+02
3.342100e+02
3.403800e+02
3.403300e+02
3.403300e+02
3.284200e+02
3.284200e+02
3.284200e+02
3.229900e+02
3.229900e+02
3.229900e+02
3.513300e+02
3.333400e+02
3.333400e+02
3.333400e+02
3.509200e+02
3.355000e+02
3.355000e+02
3.346900e+02
3.260600e+02
3.260600e+02
3.260600e+02
3.332600e+02
3.233700e+02
3.318500e+02
3.273400e+02
3.241200e+02
3.241200e+02
3.241200e+02
3.271600e+02
3.155800e+02
3.035900e+02
3.035900e+02
2.942600e+02
2.942600e+02
2.942600e+02
2.897000e+02
2.872800e+02
2.784700e+02
2.894600e+02
2.829600e+02
2.829600e+02
2.829600e+02
2.586900e+02
2.586900e+02
2.586900e+02
2.554500e+02
2.535700e+02
2.535700e+02
2.535700e+02
2.535700e+02
2.488400e+02
2.471100e+02
2.489000e+02
2.535300e+02
2.535300e+02
2.535300e+02
1.161700e+02
1.161700e+02
2.497100e+02
2.497100e+02
2.497100e+02
2.497100e+02
2.497100e+02
2.606800e+02
2.606800e+02
2.505300e+02
2.924000e+02
2.721700e+02
2.721700e+02
2.721700e+02
2.727800e+02
2.829800e+02
2.863200e+02
2.863200e+02
2.934400e+02
2.934400e+02
2.934400e+02
3.010600e+02
2.895800e+02
2.823500e+02
6.863000e+01
2.190400e+02
2.190400e+02
2.190400e+02
2.632400e+02
2.742500e+02
2.716300e+02
1.842800e+02
2.080400e+02
2.080400e+02
2.080400e+02
2.684500e+02
2.102400e+02
1.505300e+02
2.078600e+02
1.585300e+02
1.585300e+02
1.585300e+02
2.188500e+02
1.041500e+02
1.848600e+02
9.168000e+01
1.648000e+02
1.648000e+02
1.648000e+02
7.255000e+01
1.360800e+02
2.025600e+02
2.402800e+02
2.574100e+02
2.574100e+02
2.574100e+02
2.859300e+02
2.915600e+02
2.915600e+02
2.915600e+02
2.700600e+02
2.700600e+02
2.700600e+02
2.899500e+02
2.751800e+02
2.751800e+02
2.531800e+02
2.567100e+02
2.567100e+02
2.567100e+02
8.017000e+01
8.017000e+01
8.017000e+01
8.017000e+01
8.017000e+01
8.017000e+01
8.017000e+01
2.060600e+02
2.035000e+02
2.380800e+02
1.775100e+02
1.700600e+02
1.700600e+02
1.700600e+02
9.329000e+01
9.329000e+01
9.329000e+01
9.329000e+01
9.329000e+01
9.329000e+01
9.329000e+01
8.701000e+01
8.701000e+01
8.701000e+01
8.169000e+01
8.169000e+01
8.169000e+01
8.169000e+01
7.679000e+01
7.679000e+01
7.679000e+01
7.679000e+01
7.679000e+01
7.679000e+01
7.679000e+01
6.309000e+01
6.309000e+01
6.309000e+01
6.307000e+01
6.236000e+01
6.236000e+01
6.236000e+01
7.057000e+01
7.057000e+01
7.057000e+01
7.057000e+01
7.057000e+01
7.057000e+01
7.057000e+01
6.541000e+01
6.541000e+01
6.419000e+01
6.419000e+01
6.230000e+01
6.230000e+01
6.230000e+01
6.456000e+01
6.456000e+01
6.456000e+01
6.456000e+01
6.456000e+01
6.456000e+01
6.456000e+01
6.513000e+01
6.513000e+01
6.479000e+01
6.479000e+01
6.479000e+01
6.479000e+01
6.479000e+01
6.590000e+01
6.590000e+01
6.440000e+01
6.440000e+01
6.327000e+01
6.327000e+01
6.327000e+01
6.327000e+01
6.327000e+01
6.322000e+01
6.322000e+01
6.324000e+01
6.324000e+01
6.324000e+01
6.232000e+01
6.232000e+01
0
0
0
0
0
5.526000e+01
5.526000e+01
5.594000e+01
5.594000e+01
5.382000e+01
5.382000e+01
5.382000e+01
5.604000e+01
5.604000e+01
5.701000e+01
5.701000e+01
5.701000e+01
5.701000e+01
5.701000e+01
5.519000e+01
5.519000e+01
5.422000e+01
5.422000e+01
5.422000e+01
5.422000e+01
5.422000e+01
5.497000e+01
5.497000e+01
5.539000e+01
5.539000e+01
5.539000e+01
5.539000e+01
5.539000e+01
5.539000e+01
5.539000e+01
5.466000e+01
5.466000e+01
5.506000e+01
5.506000e+01
5.506000e+01
5.448000e+01
5.448000e+01
5.435000e+01
5.435000e+01
5.408000e+01
5.408000e+01
5.408000e+01
5.408000e+01
5.408000e+01
5.408000e+01
5.408000e+01
5.408000e+01
5.408000e+01
5.408000e+01
5.408000e+01
5.408000e+01
5.408000e+01
5.408000e+01
5.408000e+01
5.408000e+01
5.408000e+01
5.440000e+01
5.440000e+01
5.520000e+01
5.520000e+01
5.490000e+01
5.490000e+01
5.490000e+01
5.537000e+01
5.537000e+01
5.537000e+01
5.537000e+01
5.537000e+01
5.537000e+01
5.537000e+01
5.676000e+01
5.676000e+01
5.698000e+01
5.698000e+01
5.642000e+01
5.642000e+01
5.642000e+01
5.670000e+01
5.670000e+01
5.695000e+01
5.695000e+01
5.695000e+01
5.695000e+01
5.695000e+01
5.695000e+01
5.695000e+01
5.534000e+01
5.534000e+01
5.534000e+01
5.534000e+01
5.534000e+01
5.572000e+01
5.572000e+01
5.551000e+01
5.551000e+01
5.561000e+01
5.561000e+01
5.561000e+01
5.540000e+01
5.540000e+01
5.540000e+01
5.540000e+01
5.685000e+01
5.685000e+01
5.685000e+01
6.426000e+01
6.426000e+01
6.398000e+01
6.398000e+01
6.429000e+01
6.429000e+01
6.429000e+01
6.397000e+01
6.397000e+01
6.397000e+01
6.397000e+01
6.397000e+01
6.397000e+01
6.397000e+01
6.397000e+01
6.397000e+01
6.397000e+01
6.397000e+01
6.462000e+01
6.462000e+01
6.462000e+01
6.416000e+01
6.416000e+01
9.341000e+01
9.341000e+01
1.305800e+02
1.305800e+02
1.305800e+02
1.494700e+02
1.494700e+02
1.551200e+02
1.551200e+02
1.608400e+02
1.608400e+02
1.608400e+02
1.608400e+02
1.608400e+02
1.716000e+02
1.716000e+02
1.739400e+02
1.739400e+02
1.739400e+02
2.166300e+02
2.166300e+02
2.458100e+02
2.458100e+02
2.535200e+02
2.535200e+02
2.535200e+02
2.566200e+02
2.566200e+02
2.626300e+02
2.626300e+02
2.751600e+02
2.751600e+02
2.751600e+02
2.911300e+02
2.911300e+02
2.911300e+02
2.911300e+02
1.173900e+02
1.173900e+02
1.173900e+02
9.303000e+01
9.303000e+01
2.175700e+02
2.175700e+02
2.175700e+02
2.175700e+02
2.175700e+02
2.484700e+02
2.484700e+02
2.623500e+02
2.623500e+02
2.623500e+02
2.623500e+02
2.623500e+02
2.903500e+02
2.903500e+02
3.235000e+02
3.235000e+02
1.052090e+03
1.052090e+03
1.052090e+03
2.707700e+02
2.707700e+02
2.707700e+02
2.707700e+02
2.707700e+02
2.707700e+02
2.707700e+02
3.375600e+02
3.375600e+02
3.375600e+02
3.375600e+02
3.375600e+02
3.375600e+02
3.375600e+02
3.745400e+02
3.745400e+02
3.684000e+02
3.684000e+02
3.684000e+02
3.684000e+02
3.684000e+02
3.684000e+02
3.684000e+02
3.168900e+02
3.168900e+02
3.168900e+02
3.168900e+02
3.168900e+02
3.527000e+02
3.527000e+02
3.527000e+02
3.527000e+02
3.527000e+02
3.527000e+02
3.527000e+02
3.718100e+02
3.718100e+02
3.718100e+02
3.718100e+02
3.718100e+02
3.718100e+02
3.718100e+02
3.826600e+02
3.826600e+02
4.169100e+02
4.169100e+02
1.372600e+02
1.372600e+02
1.372600e+02
1.249000e+02
1.249000e+02
1.249000e+02
1.249000e+02
1.249000e+02
1.249000e+02
1.249000e+02
1.249000e+02
2.559800e+02
2.559800e+02
2.559800e+02
2.700500e+02
2.700500e+02
2.700500e+02
2.836500e+02
2.836500e+02
2.836500e+02
2.836500e+02
2.836500e+02
2.836500e+02
2.836500e+02
9.832000e+01
9.832000e+01
9.429000e+01
9.429000e+01
9.188000e+01
9.188000e+01
9.188000e+01
2.036400e+02
2.036400e+02
2.036400e+02
2.036400e+02
2.036400e+02
2.036400e+02
2.036400e+02
1.096800e+02
1.096800e+02
1.096800e+02
1.096800e+02
220
220
220
2.724100e+02
2.724100e+02
2.724100e+02
2.724100e+02
2.724100e+02
2.724100e+02
2.724100e+02
2.724100e+02
2.724100e+02
2.724100e+02
3.296300e+02
3.296300e+02
3.296300e+02
3.296300e+02
3.417700e+02
3.417700e+02
3.417700e+02
3.417700e+02
3.417700e+02
3.417700e+02
3.417700e+02
3.417700e+02
3.417700e+02
3.486600e+02
3.486600e+02
3.486600e+02
3.486600e+02
3.486600e+02
3.367000e+02
3.367000e+02
3.367000e+02
3.367000e+02
3.367000e+02
3.367000e+02
3.367000e+02
3.367000e+02
3.367000e+02
3.367000e+02
3.367000e+02
3.367000e+02
3.367000e+02
3.367000e+02
3.769900e+02
3.769900e+02
3.769900e+02
3.769900e+02
3.769900e+02
3.769900e+02
3.769900e+02
3.934900e+02
3.934900e+02
3.934900e+02
3.934900e+02
3.934900e+02
3.934900e+02
3.934900e+02
3.794200e+02
3.794200e+02
3.794200e+02
3.794200e+02
3.794200e+02
3.794200e+02
3.794200e+02
3.523200e+02
3.523200e+02
3.560200e+02
3.560200e+02
3.593400e+02
3.593400e+02
3.593400e+02
3.618600e+02
3.618600e+02
3.527800e+02
3.527800e+02
3.625300e+02
3.625300e+02
3.625300e+02
3.538200e+02
3.538200e+02
3.534900e+02
3.534900e+02
3.526400e+02
3.526400e+02
3.526400e+02
3.738700e+02
3.738700e+02
3.738700e+02
3.738700e+02
3.738700e+02
3.738700e+02
3.738700e+02
3.545100e+02
3.545100e+02
3.585800e+02
3.585800e+02
3.560300e+02
3.560300e+02
3.560300e+02
3.560300e+02
3.560300e+02
3.560300e+02
3.560300e+02
3.468100e+02
3.468100e+02
3.468100e+02
3.450700e+02
3.450700e+02
3.479000e+02
3.479000e+02
3.479000e+02
3.479000e+02
3.479000e+02
3.479000e+02
3.479000e+02
3.479000e+02
3.479000e+02
3.479000e+02
3.479000e+02
3.479000e+02
3.479000e+02
3.479000e+02
3.397500e+02
3.397500e+02
3.397500e+02
3.397500e+02
3.397500e+02
3.397500e+02
3.397500e+02
3.397500e+02
3.397500e+02
3.397500e+02
3.397500e+02
3.397500e+02
3.397500e+02
3.397500e+02
3.397500e+02
3.397500e+02
3.397500e+02
3.397500e+02
3.397500e+02
3.397500e+02
3.397500e+02
3.285400e+02
3.285400e+02
3.285400e+02
3.285400e+02
3.285400e+02
3.285400e+02
3.285400e+02
3.285400e+02
3.285400e+02
3.285400e+02
3.285400e+02
3.285400e+02
3.285400e+02
1.171900e+02
1.171900e+02
1.171900e+02
1.171900e+02
1.171900e+02
1.171900e+02
1.094600e+02
1.094600e+02
1.081700e+02
1.081700e+02
1.081700e+02
1.081700e+02
1.081700e+02
1.049100e+02
1.049100e+02
1.049100e+02
1.049100e+02
1.049100e+02
1.049100e+02
1.049100e+02
2.030900e+02
2.030900e+02
2.030900e+02
2.030900e+02
2.216800e+02
2.216800e+02
2.216800e+02
2.344600e+02
2.344600e+02
2.344600e+02
2.344600e+02
2.344600e+02
2.344600e+02
2.344600e+02
2.579600e+02
2.579600e+02
2.577100e+02
2.577100e+02
3.604400e+02
3.604400e+02
3.604400e+02
8.006400e+02
8.006400e+02
8.006400e+02
8.006400e+02
8.006400e+02
8.006400e+02
8.006400e+02
8.491600e+02
8.491600e+02
2.746200e+02
2.746200e+02
8.491400e+02
8.491400e+02
8.491400e+02
2.735200e+02
2.735200e+02
2.735200e+02
2.735200e+02
2.735200e+02
2.735200e+02
2.735200e+02
2.735200e+02
2.735200e+02
2.735200e+02
2.735200e+02
2.735200e+02
2.735200e+02
2.735200e+02
2.386800e+02
2.386800e+02
2.386800e+02
2.386800e+02
2.386800e+02
2.386800e+02
2.386800e+02
2.309600e+02
2.309600e+02
2.529000e+02
2.529000e+02
2.529000e+02
2.529000e+02
2.529000e+02
2.529000e+02
2.529000e+02
2.529000e+02
2.529000e+02
2.529000e+02
2.529000e+02
2.529000e+02
3.027800e+02
3.027800e+02
3.027800e+02
3.027800e+02
0
0
0
2.496900e+02
2.496900e+02
2.496900e+02
2.496900e+02
2.496900e+02
2.496900e+02
2.496900e+02
2.504100e+02
2.504100e+02
2.665500e+02
2.665500e+02
2.645600e+02
2.645600e+02
2.645600e+02
2.645600e+02
2.645600e+02
2.645600e+02
2.645600e+02
2.645600e+02
2.645600e+02
2.645600e+02
2.645600e+02
2.645600e+02
2.165800e+02
2.165800e+02
2.027800e+02
2.027800e+02
2.027800e+02
1.265600e+02
1.265600e+02
2.092300e+02
2.092300e+02
2.092300e+02
2.092300e+02
2.092300e+02
2.127900e+02
2.127900e+02
2.278600e+02
2.278600e+02
2.407600e+02
2.407600e+02
2.407600e+02
2.624300e+02
2.624300e+02
2.624300e+02
2.624300e+02
2.779900e+02
2.779900e+02
2.779900e+02
276
276
2.821000e+02
2.821000e+02
2.870300e+02
2.870300e+02
2.870300e+02
2.928600e+02
2.928600e+02
2.928600e+02
2.928600e+02
2.928600e+02
2.928600e+02
2.928600e+02
2.256500e+02
2.256500e+02
2.194800e+02
2.194800e+02
2.257400e+02
2.257400e+02
2.257400e+02
2.353700e+02
2.353700e+02
2.413900e+02
2.413900e+02
2.463000e+02
2.463000e+02
2.463000e+02
2.611200e+02
2.611200e+02
2.611200e+02
2.611200e+02
2.541900e+02
2.541900e+02
2.541900e+02
2.848100e+02
2.848100e+02
2.948200e+02
2.948200e+02
2.948200e+02
2.948200e+02
2.948200e+02
1.583900e+02
1.583900e+02
2.423200e+02
2.423200e+02
1.437500e+02
1.437500e+02
1.437500e+02
2.452100e+02
2.452100e+02
2.416500e+02
2.416500e+02
2.434200e+02
2.434200e+02
2.434200e+02
1.453500e+02
1.453500e+02
1.453500e+02
2.459600e+02
2.532000e+02
2.532000e+02
2.532000e+02
2.877200e+02
2.877200e+02
2.877200e+02
2.877200e+02
2.877200e+02
2.877200e+02
2.877200e+02
2.902700e+02
2.902700e+02
2.891300e+02
2.891300e+02
2.881200e+02
2.881200e+02
2.881200e+02
2.861000e+02
2.861000e+02
2.849200e+02
2.849200e+02
2.843400e+02
2.843400e+02
2.843400e+02
2.825800e+02
2.825800e+02
2.819000e+02
2.819000e+02
2.799000e+02
2.799000e+02
2.799000e+02
2.785500e+02
2.785500e+02
2.784100e+02
2.784100e+02
2.752600e+02
2.752600e+02
2.752600e+02
2.774600e+02
2.774600e+02
2.788600e+02
2.788600e+02
1.231200e+02
1.231200e+02
1.231200e+02
2.532400e+02
2.532400e+02
2.532400e+02
2.532400e+02
2.525200e+02
2.525200e+02
2.525200e+02
2.715700e+02
2.715700e+02
2.703300e+02
2.703300e+02
2.682500e+02
2.682500e+02
2.682500e+02
2.678600e+02
2.678600e+02
2.684200e+02
2.684200e+02
2.684200e+02
2.684200e+02
2.684200e+02
2.427000e+02
2.427000e+02
2.429900e+02
2.429900e+02
2.455700e+02
2.455700e+02
2.455700e+02
2.505700e+02
2.505700e+02
2.536600e+02
2.536600e+02
2.583500e+02
2.583500e+02
2.583500e+02
2.618500e+02
2.618500e+02
2.604900e+02
2.604900e+02
2.604900e+02
2.604900e+02
2.604900e+02
2.597900e+02
2.597900e+02
2.579200e+02
2.579200e+02
2.567500e+02
2.567500e+02
2.567500e+02
2.553500e+02
2.553500e+02
2.557800e+02
2.557800e+02
2.535100e+02
2.535100e+02
2.535100e+02
1.298500e+02
1.298500e+02
1.298500e+02
1.298500e+02
1.298500e+02
1.298500e+02
1.298500e+02
2.001800e+02
2.001800e+02
2.052600e+02
2.052600e+02
2.073500e+02
2.073500e+02
2.073500e+02
2.089000e+02
2.089000e+02
2.089000e+02
2.089000e+02
2.095500e+02
2.095500e+02
2.095500e+02
2.098700e+02
2.098700e+02
2.111900e+02
2.111900e+02
2.111900e+02
2.111900e+02
2.111900e+02
2.113800e+02
2.113800e+02
2.110900e+02
2.110900e+02
2.158300e+02
2.158300e+02
2.158300e+02
2.164200e+02
2.164200e+02
2.180800e+02
2.180800e+02
2.190900e+02
2.190900e+02
2.190900e+02
2.192300e+02
2.192300e+02
219
219
2.190500e+02
2.190500e+02
2.190500e+02
2.192300e+02
2.192300e+02
2.192300e+02
2.192300e+02
2.167500e+02
2.167500e+02
2.167500e+02
2.152200e+02
2.152200e+02
2.152200e+02
2.152200e+02
2.152200e+02
2.152200e+02
2.152200e+02
2.115100e+02
2.115100e+02
212
212
212
212
212
219
219
2.207400e+02
2.207400e+02
2.224900e+02
2.224900e+02
2.224900e+02
2.208300e+02
2.208300e+02
2.283100e+02
2.283100e+02
2.301000e+02
2.301000e+02
2.301000e+02
2.311600e+02
2.311600e+02
2.295100e+02
2.295100e+02
2.295100e+02
2.295100e+02
2.295100e+02
2.295100e+02
2.295100e+02
2.280500e+02
2.280500e+02
2.280500e+02
2.280500e+02
2.280500e+02
2.270400e+02
2.270400e+02
2.269700e+02
2.269700e+02
2.269100e+02
2.269100e+02
2.269100e+02
2.265500e+02
2.265500e+02
2.251500e+02
2.251500e+02
2.251900e+02
2.251900e+02
2.251900e+02
2.244400e+02
2.244400e+02
224
224
224
224
224
2.222200e+02
2.222200e+02
2.209900e+02
2.209900e+02
2.209900e+02
2.209900e+02
2.209900e+02
2.203800e+02
2.203800e+02
2.199800e+02
2.199800e+02
2.201900e+02
2.201900e+02
2.201900e+02
1.893800e+02
1.893800e+02
2.064100e+02
2.064100e+02
2.064100e+02
2.064100e+02
2.064100e+02
2.064100e+02
2.064100e+02
2.173500e+02
2.173500e+02
2.163100e+02
2.163100e+02
2.163100e+02
2.159000e+02
2.159000e+02
2.158900e+02
2.158900e+02
2.158900e+02
2.158900e+02
2.158900e+02
2.162000e+02
2.162000e+02
2.131900e+02
2.131900e+02
2.131900e+02
2.131900e+02
2.131900e+02
2.146000e+02
2.146000e+02
1.854700e+02
1.854700e+02
1.854700e+02
1.854700e+02
1.854700e+02
2.028800e+02
2.028800e+02
1.937000e+02
1.937000e+02
1.937000e+02
1.937000e+02
1.937000e+02
2.004800e+02
2.004800e+02
2.063900e+02
2.063900e+02
2.063900e+02
2.063900e+02
2.063900e+02
2.117900e+02
2.117900e+02
2.011400e+02
2.011400e+02
2.011400e+02
2.011400e+02
2.011400e+02
2.148600e+02
2.148600e+02
2.135800e+02
2.135800e+02
2.135800e+02
2.135800e+02
2.135800e+02
2.129800e+02
2.129800e+02
2.129800e+02
2.129800e+02
2.121400e+02
2.121400e+02
2.121400e+02
2.108300e+02
2.108300e+02
2.104100e+02
2.104100e+02
2.104100e+02
2.104100e+02
2.104100e+02
2.104100e+02
2.104100e+02
2.121200e+02
2.121200e+02
2.121200e+02
2.121200e+02
2.121200e+02
2.095100e+02
2.095100e+02
2.095100e+02
2.095100e+02
2.095100e+02
2.095100e+02
2.095100e+02
2.095100e+02
2.095100e+02
2.075000e+02
2.075000e+02
2.071300e+02
2.071300e+02
2.071300e+02
2.031300e+02
2.031300e+02
2.031300e+02
2.031300e+02
2.031300e+02
2.031300e+02
2.031300e+02
2.031300e+02
2.031300e+02
2.031300e+02
2.031300e+02
2.031300e+02
2.031300e+02
2.031300e+02
2.031300e+02
2.031300e+02
2.031300e+02
2.031300e+02
2.031300e+02
2.031300e+02
2.031300e+02
2.031300e+02
2.031300e+02
2.031300e+02
2.031300e+02
2.031300e+02
2.031300e+02
2.031300e+02
2.031300e+02
2.031300e+02
2.031300e+02
2.031300e+02
2.031300e+02
2.031300e+02
2.031300e+02
2.031300e+02
2.031300e+02
2.031300e+02
2.031300e+02
2.031300e+02
2.031300e+02
2.031300e+02
2.031300e+02
2.031300e+02
2.031300e+02
2.031300e+02
2.031300e+02
2.031300e+02
2.031300e+02
2.031300e+02
2.031300e+02
2.031300e+02
2.031300e+02
2.031300e+02
2.031300e+02
2.031300e+02
2.031300e+02
2.031300e+02
2.031300e+02
2.031300e+02
2.031300e+02
2.031300e+02
2.031300e+02
2.031300e+02
2.031300e+02
2.031300e+02
2.031300e+02
2.031300e+02
2.031300e+02
2.031300e+02
2.031300e+02
2.031300e+02
2.031300e+02
2.031300e+02
2.031300e+02
2.031300e+02
2.031300e+02
2.031300e+02
2.031300e+02
2.031300e+02
2.031300e+02
2.031300e+02
2.031300e+02
2.031300e+02
2.031300e+02
2.031300e+02
2.031300e+02
2.031300e+02
2.031300e+02
2.031300e+02
2.031300e+02
2.031300e+02
2.031300e+02
2.031300e+02
2.031300e+02
2.031300e+02
2.031300e+02
2.031300e+02
2.031300e+02
2.031300e+02
2.031300e+02
2.031300e+02
2.031300e+02
2.031300e+02
2.031300e+02
2.031300e+02
2.031300e+02
2.031300e+02
2.031300e+02
2.031300e+02
2.031300e+02
2.031300e+02
2.031300e+02
2.031300e+02
2.031300e+02
2.031300e+02
2.031300e+02
2.031300e+02
2.031300e+02
2.031300e+02
2.031300e+02
2.031300e+02
2.031300e+02
2.031300e+02
2.031300e+02
2.031300e+02
2.031300e+02
2.031300e+02
2.031300e+02
2.031300e+02
2.031300e+02
2.031300e+02
2.031300e+02
2.031300e+02
2.031300e+02
2.031300e+02
2.031300e+02
2.031300e+02
2.031300e+02
2.031300e+02
2.031300e+02
2.031300e+02
2.031300e+02
2.031300e+02
2.031300e+02
2.031300e+02
2.031300e+02
2.031300e+02
2.031300e+02
2.031300e+02
2.031300e+02
2.031300e+02
2.031300e+02
2.031300e+02
2.031300e+02
2.031300e+02
2.031300e+02
2.031300e+02
2.031300e+02
2.031300e+02
2.031300e+02
2.031300e+02
2.031300e+02
2.031300e+02
2.031300e+02
2.031300e+02
2.031300e+02
2.031300e+02
2.031300e+02
2.031300e+02
2.031300e+02
2.031300e+02
2.031300e+02
2.031300e+02
2.031300e+02
2.031300e+02
2.031300e+02
2.031300e+02
2.031300e+02
2.031300e+02
2.031300e+02
2.031300e+02
2.031300e+02
2.031300e+02
2.031300e+02
2.031300e+02
2.031300e+02
2.031300e+02
2.031300e+02
2.031300e+02
2.031300e+02
2.031300e+02
2.031300e+02
2.031300e+02
2.031300e+02
2.031300e+02
2.031300e+02
2.031300e+02
2.031300e+02
2.031300e+02
2.031300e+02
2.031300e+02
2.031300e+02
2.031300e+02
2.031300e+02
2.031300e+02
2.031300e+02
2.031300e+02
2.031300e+02
2.031300e+02
2.031300e+02
2.031300e+02
2.031300e+02
2.031300e+02
2.031300e+02
2.031300e+02
2.031300e+02
2.031300e+02
2.031300e+02
2.031300e+02
2.031300e+02
2.031300e+02
2.031300e+02
2.031300e+02
2.031300e+02
2.031300e+02
2.031300e+02
2.031300e+02
2.031300e+02
2.031300e+02
2.031300e+02
2.031300e+02
2.031300e+02
2.031300e+02
2.031300e+02
2.031300e+02
