0
0
0
0
0
0
0
0
0
0
0
0
0
0
0
0
0
0
0
0
0
0
0
0
0
0
0
0
0
0
0
0
0
0
0
0
0
0
0
0
0
0
0
0
0
0
0
0
0
0
0
0
0
0
0
0
0
0
0
0
0
0
0
0
0
0
0
0
0
0
0
0
0
0
0
0
0
0
0
0
0
0
0
0
0
0
0
0
0
0
0
0
0
0
0
0
0
0
0
0
0
0
0
0
0
0
0
0
0
0
0
0
0
0
0
0
0
0
0
0
0
0
0
0
0
0
0
0
0
0
0
0
0
0
0
0
0
0
0
0
0
0
0
0
0
0
0
0
0
0
0
0
0
0
0
0
0
0
0
0
0
0
0
0
0
0
0
0
0
0
0
0
0
0
0
0
0
0
0
0
0
0
0
0
0
0
0
0
0
0
0
0
0
0
0
0
0
0
0
0
0
0
0
0
0
0
0
0
0
0
0
0
0
0
0
0
0
0
0
0
0
0
0
0
0
0
0
0
0
0
0
0
0
0
0
0
0
0
0
0
0
0
0
0
0
0
0
0
0
0
0
0
0
0
0
0
0
0
0
0
0
0
0
0
0
0
0
0
0
0
0
0
0
0
0
0
0
0
0
0
0
0
0
0
0
0
0
0
0
0
0
0
0
0
0
0
0
0
0
0
0
0
0
0
0
0
0
0
0
0
0
0
0
0
0
0
0
0
0
0
0
0
0
0
0
0
0
0
0
0
0
0
0
0
0
0
0
0
0
0
0
0
0
0
0
0
0
0
0
0
0
0
0
0
0
0
0
0
0
0
0
0
0
0
0
0
0
0
0
0
0
0
0
0
0
0
0
0
0
0
0
0
0
0
0
0
0
0
0
0
0
0
0
0
0
0
0
0
0
0
0
0
0
0
0
0
0
0
0
0
0
0
0
0
0
0
0
0
0
0
0
0
0
0
0
0
0
0
0
0
0
0
0
0
0
0
0
0
0
0
0
0
0
0
0
0
0
0
0
0
0
0
0
0
0
0
0
0
0
0
0
0
0
0
0
0
0
0
0
0
0
0
0
0
0
0
0
0
0
0
0
0
0
0
0
0
0
0
0
0
0
0
0
0
0
0
0
0
0
0
0
0
0
0
0
0
0
0
0
0
0
0
0
0
0
0
0
0
0
0
0
0
0
0
0
0
0
0
0
0
0
0
0
0
0
0
0
0
0
0
0
0
0
0
0
0
0
0
0
0
0
0
0
0
0
0
0
0
0
0
0
0
0
0
0
0
0
0
0
0
0
0
0
0
0
0
0
0
0
0
0
0
0
0
0
0
0
0
0
0
0
0
0
0
0
0
0
0
0
0
0
0
0
0
0
0
0
0
0
0
0
0
0
0
0
0
0
0
0
0
0
0
0
0
0
0
0
0
0
0
0
0
0
0
0
0
0
0
0
0
0
0
0
0
0
0
0
0
0
0
0
0
0
0
0
0
0
0
0
0
0
0
0
0
0
0
0
0
0
0
0
0
0
0
0
0
0
0
0
0
0
0
0
0
0
0
0
0
0
0
0
0
0
0
0
0
0
0
0
0
0
0
0
0
0
0
0
0
0
0
0
0
0
0
0
0
0
0
0
0
0
0
0
0
0
0
0
0
0
0
0
0
0
0
0
0
0
0
0
0
0
0
0
0
0
0
0
0
0
0
0
0
0
0
0
0
0
0
0
604
659
443
639
639
557
621
621
836
587
587
639
639
557
570
557
604
530
639
621
621
786
785
780
784
778
781
789
808
825
869
869
874
873
958
931
924
928
927
926
791
817
813
963
954
1064
1064
1064
1064
1042
1029
1021
1020
1023
1012
1015
1056
1061
1053
1043
1041
1043
1042
1042
1042
1037
1039
1080
1118
1036
1030
1016
1021
1015
1086
1084
1096
1073
1125
1157
1155
1140
1183
1175
1184
1178
1167
1184
1177
1165
984
1153
1157
1168
1183
1172
1166
1161
1192
1237
1172
1055
1045
1356
1278
1240
1317
1359
1371
1308
1313
1371
1297
1224
1179
1033
1516
1256
1214
1214
1103
1170
1160
1017
1182
1180
1169
1169
1129
1132
1176
1049
1119
1116
1117
1092
1105
1103
1104
1104
889
1101
1018
1018
1018
1065
872
726
756
801
791
803
817
814
719
775
593
593
776
776
809
708
708
777
752
760
786
765
742
746
769
776
728
729
729
729
702
725
711
736
736
736
788
727
714
722
722
770
759
781
735
741
729
725
713
723
702
709
717
705
698
656
750
604
709
674
680
698
654
675
671
527
643
544
566
644
644
644
969
1034
1049
1032
955
941
926
936
758
755
808
933
927
920
848
935
941
932
949
913
892
896
891
600
575
488
599
546
601
463
457
467
546
505
674
525
780
909
906
906
999
1010
994
964
963
980
924
905
902
919
887
885
755
895
868
897
870
876
880
885
878
860
897
744
861
800
800
829
842
838
719
820
829
719
829
749
679
797
562
785
733
785
822
800
796
778
7.412700e+02
7.377585e+02
7.342469e+02
743
760
759
756
756
756
736
760
7.640000e+01
732
752
752
752
452
216
916
652
562
562
562
544
429
342
380
453
453
453
448
448
448
448
661
661
661
661
704
710
43
82
82
82
20
693
35
23
56
504
1093
1093
716
797
724
723
670
706
682
678
672
651
623
641
642
638
638
616
605
608
608
608
591
577
470
449
490
490
490
217
225
427
427
427
427
427
427
427
570
977
513
513
513
988
535
526
559
540
540
540
535
526
522
513
476
476
476
476
521
521
687
576
576
576
639
605
605
329
329
329
329
598
417
452
403
430
430
430
445
434
432
430
406
406
406
415
424
429
429
432
432
432
409
247
439
438
433
433
433
438
436
443
437
450
450
450
424
438
431
447
451
451
451
430
447
436
436
436
436
436
436
390
411
402
408
408
408
408
386
400
398
397
397
397
400
400
400
400
398
398
398
394
365
369
372
374
374
374
518
289
289
289
415
415
415
415
415
387
404
409
409
409
352
343
358
358
372
372
372
390
390
390
572
451
451
451
428
418
412
397
380
380
380
380
639
404
404
404
404
404
471
471
471
471
471
471
471
471
494
9.720000e+01
957
494
494
494
494
476
459
459
459
459
459
459
494
498
498
480
480
480
480
480
480
480
480
480
480
472
435
430
436
436
436
436
494
435
435
435
435
435
435
453
450
450
300
280
280
280
403
372
418
418
418
418
418
388
372
388
368
388
388
388
388
388
388
388
388
388
388
388
388
388
388
388
388
388
453
432
444
444
444
444
444
444
444
420
420
420
420
420
410
410
401
401
401
401
401
418
418
418
314
371
371
371
377
415
415
415
365
365
365
3.772200e+02
366
310
296
301
301
301
265
259
259
259
319
319
319
265
196
252
292
299
299
299
288
288
288
274
274
274
274
274
280
280
281
298
298
298
298
298
285
285
285
285
285
297
297
298
298
256
256
256
244
240
240
240
240
240
240
240
240
375
362
362
362
362
292
316
316
316
316
316
316
316
316
316
316
316
316
316
316
340
340
375
375
375
375
371
340
330
322
320
320
320
325
311
311
311
311
311
311
311
290
290
306
286
286
286
286
286
286
286
286
286
286
286
294
278
266
260
260
260
260
260
260
260
260
260
260
217
217
217
217
217
217
217
217
217
217
217
217
217
217
217
217
217
217
217
217
217
217
217
217
217
217
217
217
217
217
217
217
217
217
217
217
217
217
217
217
217
217
217
217
217
217
217
217
217
217
217
217
217
217
217
217
217
217
217
217
217
217
217
217
217
217
217
217
217
217
217
217
217
217
217
217
217
217
217
217
217
217
217
217
217
217
217
217
217
217
217
217
217
217
217
217
217
217
217
217
217
217
217
217
217
217
217
217
217
217
217
217
217
217
217
217
217
217
217
217
217
217
217
217
217
217
217
217
217
217
217
217
217
217
217
217
217
217
217
217
217
217
217
217
217
217
217
217
217
217
217
217
217
217
217
217
217
217
217
217
217
217
217
217
217
217
217
217
217
217
217
217
217
217
217
217
217
217
217
217
217
217
217
217
217
217
217
217
217
217
217
217
217
217
217
217
217
217
217
217
217
217
217
128
128
128
128
124
124
124
124
124
124
124
162
162
162
169
169
169
169
178
178
178
236
236
236
236
232
232
232
226
226
226
226
226
226
226
226
226
217
217
217
217
217
212
212
212
212
212
212
212
226
226
222
222
222
222
222
225
225
225
225
225
225
225
211
211
211
211
211
211
211
294
294
294
294
294
294
294
294
294
294
294
294
294
294
218
218
218
218
218
218
218
214
214
214
214
214
214
214
214
214
214
214
214
214
214
214
214
214
214
214
214
214
214
214
214
214
265
265
265
260
260
260
260
260
260
260
260
260
260
260
260
260
260
260
260
260
260
260
260
260
260
260
260
260
211
211
211
316
316
316
316
316
316
316
316
316
316
238
238
238
238
325
325
325
325
325
325
325
325
325
284
284
284
284
284
284
284
284
284
284
284
284
284
284
284
284
284
284
284
284
284
284
284
284
284
284
284
284
284
284
284
284
284
247
247
247
247
247
247
247
225
225
255
255
274
274
274
262
262
262
262
262
262
262
262
262
253
253
244
244
244
230
230
230
230
230
230
230
230
230
250
250
250
250
250
250
250
250
250
250
250
250
226
226
211
211
211
211
211
211
211
211
211
211
211
211
211
211
216
216
216
216
216
216
216
216
216
216
216
216
216
216
216
216
216
216
216
216
216
216
216
216
216
216
216
216
216
216
216
216
216
216
216
216
216
216
216
216
216
216
216
216
216
216
216
216
216
216
216
216
216
216
239
239
239
239
246
246
246
240
240
240
240
240
240
240
244
244
244
244
258
258
258
227
227
227
227
227
227
227
227
227
217
217
186
186
186
186
186
186
186
186
186
186
186
186
186
186
186
186
186
186
186
186
186
186
186
186
226
226
226
226
226
226
226
226
226
226
226
226
226
226
217
217
217
217
217
217
217
217
217
217
217
217
217
217
217
217
228
228
228
228
228
228
228
228
228
228
228
228
228
228
228
228
82
82
82
82
82
80
80
80
80
80
80
80
80
80
80
80
80
80
80
80
80
80
80
80
263
263
254
254
243
243
243
80
80
80
80
80
80
80
272
272
267
267
248
248
248
259
259
259
259
205
205
205
205
205
205
205
205
205
205
205
205
205
205
205
205
205
205
205
205
205
205
205
205
188
188
188
188
188
188
188
188
188
188
80
80
80
80
80
80
80
80
80
80
80
211
211
218
218
211
211
211
211
211
211
211
211
211
211
201
201
192
192
198
198
198
204
204
204
204
204
204
204
186
186
186
186
184
184
184
184
184
184
184
184
184
184
180
180
174
174
180
180
180
202
202
202
202
202
202
202
195
195
188
188
204
204
204
196
196
196
196
196
196
196
196
196
170
170
170
170
170
170
170
209
209
209
209
209
209
209
198
198
206
206
206
206
206
206
206
206
206
206
198
198
198
198
194
194
194
194
194
194
194
194
194
194
186
186
186
186
186
186
186
186
186
186
186
186
186
186
174
174
171
171
171
171
171
178
178
178
178
178
178
178
170
170
170
170
170
170
170
170
170
170
170
170
170
170
157
157
157
157
157
157
157
157
157
157
157
157
157
157
158
158
158
158
180
180
180
172
172
172
172
172
172
172
172
172
166
166
166
166
166
200
200
210
210
200
200
200
225
225
240
240
240
240
240
240
240
236
236
236
236
236
236
236
245
245
245
245
245
245
245
260
260
260
260
260
255
255
255
255
255
255
255
255
255
241
241
241
241
241
238
238
238
238
238
238
238
230
230
230
230
230
230
230
211
211
216
216
216
216
216
211
211
211
211
211
211
211
214
214
214
214
214
214
214
194
194
194
194
194
194
194
219
219
219
219
219
219
219
186
186
186
186
174
174
174
175
175
175
175
175
175
175
175
175
164
164
164
164
164
164
164
164
164
164
164
164
160
160
160
160
160
160
160
160
160
160
160
160
160
160
160
160
160
160
160
160
160
142
142
142
142
142
142
142
160
160
147
147
154
154
154
154
154
154
154
154
154
154
154
154
158
158
158
158
158
158
158
158
158
158
158
158
162
162
162
162
162
162
162
162
162
162
162
162
162
162
162
162
162
162
162
162
162
162
162
162
162
162
162
162
162
162
162
162
162
162
162
162
162
162
162
162
162
162
162
162
162
162
162
162
162
162
162
162
162
162
162
162
162
162
165
165
165
165
165
165
165
155
155
155
155
155
150
150
150
150
150
150
150
150
150
150
150
150
150
150
150
150
150
150
150
150
150
150
150
150
150
150
150
150
105
105
105
105
105
105
105
105
105
105
105
105
105
105
105
105
105
105
105
105
105
105
105
105
105
100
100
100
98
98
98
98
98
98
98
100
100
100
100
100
100
100
100
100
100
100
100
100
100
100
100
100
100
100
100
100
100
100
100
100
100
100
100
100
100
100
100
100
100
100
100
100
100
100
100
100
100
100
100
100
100
100
100
100
100
100
100
100
100
