0
0
0
0
0
0
0
0
0
0
0
0
0
0
0
0
0
0
0
0
0
0
0
0
0
0
0
0
0
0
0
0
0
0
0
0
0
0
0
0
0
0
0
0
0
0
0
0
0
0
0
0
0
0
0
0
0
0
0
0
0
0
0
0
0
0
0
0
0
0
0
0
0
0
0
0
0
0
0
0
0
0
0
0
0
0
0
0
0
0
0
0
0
0
0
0
0
0
0
0
0
0
0
0
0
0
0
0
0
0
0
0
0
0
0
0
0
0
0
0
0
0
0
0
0
0
0
0
0
0
0
0
0
0
0
0
0
0
0
0
0
0
0
0
0
0
0
0
0
0
0
0
0
0
0
0
0
0
0
0
0
0
0
0
0
0
0
0
0
0
0
0
0
0
0
0
0
0
0
0
0
0
0
0
0
0
0
0
0
0
0
0
0
0
0
0
0
0
0
0
0
0
0
0
0
0
0
0
0
0
0
0
0
0
0
0
0
0
0
0
0
0
0
0
0
0
0
0
0
0
0
0
0
0
0
0
0
0
0
0
0
0
0
0
0
0
0
0
0
0
0
0
0
0
0
0
0
0
0
0
0
0
0
0
0
0
0
0
0
0
0
0
0
0
0
0
0
0
0
0
0
0
0
0
0
0
0
0
0
0
0
0
0
0
0
0
0
0
0
0
0
0
0
0
0
0
0
0
0
0
0
0
0
0
0
0
0
0
0
0
0
0
0
0
0
0
0
0
0
0
0
0
0
0
0
0
0
0
0
0
0
0
0
0
0
0
0
0
0
0
0
0
0
0
0
0
0
0
0
0
0
0
0
0
0
0
0
0
0
0
0
0
0
0
0
0
0
0
0
0
0
0
0
0
0
0
0
0
0
0
0
0
0
0
0
0
0
0
0
0
0
0
0
0
0
0
0
0
0
0
0
0
0
0
0
0
0
0
0
0
0
0
0
0
0
0
0
0
0
0
0
0
0
0
0
0
0
0
0
0
0
0
0
0
0
0
0
0
0
0
0
0
0
0
0
0
0
0
0
0
0
0
0
0
0
0
0
0
0
0
0
0
0
0
0
0
0
0
0
0
0
0
0
0
0
0
0
0
0
0
0
0
0
0
0
0
0
0
0
0
0
0
0
0
0
0
0
0
0
0
0
0
0
0
0
0
0
0
0
0
0
0
0
0
0
0
0
0
0
0
0
0
0
0
0
0
0
0
0
0
0
0
0
0
0
0
0
0
0
0
0
0
0
0
0
0
0
0
0
0
0
0
0
0
0
0
0
0
0
0
0
0
0
0
0
0
0
0
0
0
0
0
0
0
0
0
0
0
0
0
0
0
0
0
0
0
0
0
0
0
0
0
0
0
0
0
0
0
0
0
0
0
0
0
0
0
0
0
0
0
0
0
0
0
0
0
0
0
0
0
0
0
0
0
0
0
0
0
0
0
0
0
0
0
0
0
0
0
0
0
0
0
0
0
0
0
0
0
0
0
0
0
0
0
0
0
0
0
0
0
0
0
0
0
0
0
0
0
0
0
0
0
0
0
0
0
0
0
0
0
0
0
0
0
0
0
0
0
0
0
0
0
0
0
0
0
0
0
0
0
0
0
0
0
0
0
0
0
0
0
0
0
0
0
0
0
0
0
0
0
0
0
0
0
0
0
0
0
0
0
0
0
0
0
0
0
0
0
0
0
0
0
0
0
0
0
0
0
0
0
0
0
0
0
0
0
0
0
0
0
0
0
0
0
0
0
0
0
0
0
0
0
0
0
0
0
0
0
0
0
0
0
0
0
0
0
0
0
0
0
0
0
0
0
0
0
0
0
0
0
0
0
0
0
0
0
0
0
0
0
0
0
0
0
0
0
0
0
0
0
0
0
0
0
0
0
0
0
0
0
0
0
0
0
0
0
0
0
0
0
0
0
0
0
0
0
0
0
0
0
0
0
0
0
0
0
0
0
0
0
0
0
0
0
0
0
0
0
0
0
0
0
0
0
0
0
0
0
0
0
0
0
0
0
0
0
0
0
0
0
0
0
0
0
0
0
0
0
0
0
0
0
361
50
50
50
50
1034
1034
879
927
927
927
1208
1358
1430
1325
1169
1279
1087
988
1278
1144
1144
1144
1811
1358
1237
1221
1553
1553
1575
1811
1553
1509
1469
1358
1811
1358
1553
1811
1782
1811
1449
1811
1489
1672
1811
1753
1552
1672
1725
1553
1553
1811
1874
1806
1800
1121
1513
1530
1515
1494
1474
1507
1507
1507
1586
1209
1211
1196
1534
1551
1550
1543
1392
1379
1508
1506
1522
1529
1745
1806
1789
1810
1883
2015
1962
1912
1944
1888
1579
1930
1913
1932
1914
1875
1799
1801
1914
1887
1862
1856
1903
1914
1820
1863
1793
1808
1818
1802
1808
1800
1784
1792
1739
1756
1737
1545
1630
1751
1868
1585
1645
1862
1801
1811
1869
1880
1957
1722
1647
1992
1963
1985
1916
1957
1985
1914
1957
1985
2022
1946
2022
2082
1994
1931
1752
2044
1846
2011
2208
1752
2.001140e+03
2.006115e+03
1942
1934
1956
1990
1982
1982
1982
1924
1894
1845
1834
1905
1905
1905
1854
1852
1805
1754
1736
1736
1736
1879
1863
1764
1881
1825
1825
1825
1735
1735
1735
1735
1863
1863
1863
1863
1959
1795
1817
1780
1780
1780
1881
1859
1927
1945
1941
2024
2035
2018
2027
2232
2105
2023
1135
2162
2135
2186
2130
2231
2098
2099
2000
2182
2182
2310
1943
1802
1802
1802
2105
2115
1730
1752
1933
1933
1933
2170
2168
2153
2153
2467
2467
2467
2292
2578
2578
2578
1673
1673
1673
543
537
2086
2161
1640
1640
1640
660
660
1626
1611
1705
1705
1705
1705
1942
1942
805
908
908
908
1795
1743
1743
1680
1680
1680
1680
1688
1716
1393
1362
1285
1285
1285
1285
1356
906
1650
386
386
386
1724
1577
1610
1722
1826
1826
1826
1826
1249
1471
1607
1635
1635
1635
1470
1416
1516
1430
1418
1418
1418
1613
1613
1954
2025
2083
2083
2083
543
537
537
537
537
537
537
510
496
167
167
159
159
159
159
240
180
183
620
620
620
196
237
224
224
200
200
200
425
655
664
664
644
644
644
600
600
600
600
600
600
600
600
301
301
444
460
460
460
425
420
420
420
420
420
420
410
410
410
412
425
425
425
425
397
325
325
312
312
312
296
312
312
312
312
312
312
312
312
312
312
312
312
312
298
797
146
146
146
146
146
819
819
1208
776
679
679
679
679
679
679
679
679
679
679
679
679
679
679
679
679
679
679
679
679
679
679
679
679
679
679
679
679
679
679
679
679
679
679
679
679
679
679
679
679
679
679
679
679
679
679
679
679
679
679
679
679
679
679
679
679
679
679
679
679
679
679
679
679
679
679
679
679
906
906
679
679
679
679
679
679
679
679
679
679
679
679
679
679
679
679
679
679
679
679
679
776
776
776
776
715
420
420
362
362
362
836
836
760
760
710
710
710
721
639
583
583
583
583
583
906
906
906
852
492
492
492
492
572
572
572
560
560
560
836
836
836
836
620
620
620
620
620
620
620
563
563
563
482
482
482
482
482
482
482
482
475
475
475
500
500
500
485
485
485
481
481
481
481
481
481
481
485
485
485
485
380
380
372
372
410
410
410
410
410
410
410
389
389
389
389
389
418
418
379
379
379
379
379
379
386
386
386
386
386
386
464
464
464
464
464
464
400
400
406
406
406
406
406
406
406
406
406
406
406
406
406
406
406
406
406
406
406
406
406
406
406
406
406
406
406
406
406
406
406
406
406
406
406
406
850
850
850
850
850
850
850
453
453
453
453
453
453
453
453
453
453
453
453
453
453
453
453
453
453
453
453
453
453
453
453
453
453
453
453
453
453
453
453
453
453
453
453
453
453
453
453
543
543
543
543
543
543
543
543
543
530
530
530
530
530
530
530
530
530
530
530
530
530
530
530
530
530
530
530
530
530
530
530
530
421
421
421
421
421
421
421
421
421
421
421
403
403
403
403
403
403
403
403
403
403
403
403
403
403
403
403
403
403
403
403
403
403
403
403
403
403
403
403
403
403
403
403
403
403
403
403
403
403
403
403
403
403
403
403
403
403
403
403
403
403
403
403
403
403
403
403
403
403
403
403
403
403
403
403
403
403
403
403
403
403
403
403
403
403
403
403
403
403
403
403
403
403
403
403
403
403
403
403
403
403
403
403
403
403
403
403
403
403
403
403
403
403
403
400
400
400
400
400
400
400
400
400
400
400
400
88
88
76
76
76
76
76
76
76
76
76
76
76
76
76
76
76
76
76
76
76
76
76
76
76
76
76
76
76
76
76
76
76
76
76
76
76
76
76
76
76
76
76
76
76
76
76
76
76
76
76
76
76
76
76
76
76
76
76
76
76
76
76
76
76
76
76
76
76
76
76
76
76
76
76
76
76
76
76
76
76
76
76
76
76
76
76
76
76
76
76
76
76
76
76
76
76
76
76
76
76
76
76
76
76
76
76
76
76
76
76
76
76
76
76
76
76
76
76
76
76
76
76
76
76
76
76
76
76
76
76
76
76
76
76
76
76
76
76
76
76
76
76
76
76
76
76
76
76
76
76
76
76
76
76
76
76
76
76
76
76
76
76
76
76
76
76
76
76
76
76
76
76
76
76
76
76
76
76
76
76
76
76
76
76
76
76
76
76
76
76
76
76
76
76
76
76
76
76
76
76
76
76
76
76
76
76
76
76
76
76
76
76
76
76
76
76
76
76
76
76
76
76
76
76
76
76
76
76
76
76
76
76
76
76
76
76
76
76
76
76
76
76
76
76
76
76
76
76
76
76
76
76
76
76
76
76
76
76
76
76
76
76
76
76
76
76
76
76
76
76
76
76
76
76
76
76
76
76
76
76
76
76
76
76
76
76
76
76
76
76
76
76
76
76
76
76
76
76
76
76
76
76
76
76
76
76
76
76
76
76
76
76
76
76
76
76
76
76
76
76
76
76
76
76
76
76
76
76
76
76
76
76
76
76
76
76
76
76
76
76
76
76
76
76
76
76
76
76
76
76
76
76
76
76
76
76
76
76
76
76
76
76
76
76
76
76
76
76
76
76
76
76
76
76
76
76
76
76
76
76
76
76
76
76
76
76
76
76
76
76
76
76
76
76
76
76
76
76
76
76
76
76
76
76
76
76
76
76
76
76
76
76
76
76
76
76
76
76
76
76
76
76
76
76
76
76
76
76
76
76
76
76
76
76
76
76
76
76
76
76
76
76
76
76
76
76
76
76
76
76
76
76
76
76
76
76
76
76
76
76
76
76
76
76
76
76
76
76
76
76
76
76
76
76
76
76
76
76
76
76
76
76
76
76
76
76
76
76
76
76
76
76
76
76
76
76
76
76
76
76
76
76
76
76
76
76
76
76
76
76
76
76
76
76
76
76
76
76
76
76
76
76
76
76
76
76
76
76
76
76
76
76
76
76
76
76
76
76
76
76
76
76
76
76
76
76
76
76
76
76
76
76
76
76
76
76
76
76
76
76
76
76
76
76
76
76
76
76
76
76
76
76
76
76
76
76
76
76
76
76
76
76
76
76
76
76
76
76
76
76
76
76
76
76
76
76
76
76
76
76
76
76
76
76
76
76
76
76
76
76
76
76
76
76
76
76
76
76
76
76
76
76
76
76
76
76
76
76
76
76
76
76
76
76
76
76
76
76
76
76
76
76
76
76
76
76
76
76
76
76
76
76
76
76
76
76
76
76
76
76
76
76
76
76
76
76
76
76
76
76
76
76
76
76
76
76
76
76
76
76
76
76
76
76
76
76
76
76
76
76
76
76
76
76
76
76
76
76
76
76
76
76
76
76
76
76
76
76
76
76
76
76
76
76
76
76
76
76
76
76
76
76
76
76
76
76
76
76
76
76
76
76
76
76
76
76
76
76
76
76
76
76
76
76
76
76
76
76
76
76
76
76
76
76
76
76
76
76
76
76
76
76
76
76
76
76
76
76
76
76
76
76
76
76
76
76
76
76
76
76
76
76
76
76
76
76
76
76
76
76
76
76
76
76
76
76
76
76
76
76
76
76
76
76
76
76
76
76
76
76
76
76
76
76
76
76
76
76
76
76
76
76
76
76
76
76
76
76
76
76
76
76
76
76
76
76
76
76
76
76
76
76
76
76
76
76
76
76
76
76
76
76
76
76
76
76
76
76
76
76
76
76
76
76
76
76
76
76
76
76
76
76
76
76
76
76
76
76
76
76
76
76
76
76
76
76
76
76
76
76
76
76
76
76
76
76
76
76
76
76
76
76
76
76
76
76
76
76
76
76
76
76
76
76
76
76
76
76
76
76
76
76
76
76
76
76
76
76
76
76
76
76
76
76
76
76
76
76
76
76
76
76
76
76
76
76
76
76
76
76
76
76
76
76
76
76
76
76
76
76
76
76
76
76
76
76
76
76
76
76
76
76
76
76
76
76
76
76
76
76
76
76
76
76
76
76
76
76
76
76
76
76
76
76
76
76
76
76
76
76
76
76
76
76
76
76
76
76
76
76
76
76
76
76
76
76
76
76
76
76
76
76
76
76
76
76
76
76
76
76
76
76
76
76
76
76
76
76
76
76
76
76
76
76
76
76
76
76
76
76
76
76
76
76
