0
0
0
0
0
0
0
0
0
0
0
0
0
0
0
0
0
0
0
0
0
0
0
0
0
0
0
0
0
0
0
0
0
0
0
0
0
0
0
0
0
0
0
0
0
0
0
0
0
0
0
0
0
0
0
0
0
0
0
0
0
0
0
0
0
0
0
0
0
0
0
0
0
0
0
0
0
0
0
0
0
0
0
0
0
0
0
0
0
0
0
0
0
0
0
0
0
0
0
0
0
0
0
0
0
0
0
0
0
0
0
0
0
0
0
0
0
0
0
0
0
0
0
0
0
0
0
0
0
0
0
0
0
0
0
0
0
0
0
0
0
0
0
0
0
0
0
0
0
0
0
0
0
0
0
0
0
0
0
0
0
0
0
0
0
0
0
0
0
0
0
0
0
0
0
0
0
0
0
0
0
0
0
0
0
0
0
0
0
0
0
0
0
0
0
0
0
0
0
0
0
0
0
0
0
0
0
0
0
0
0
0
0
0
0
0
0
0
0
0
0
0
0
0
0
0
0
0
0
0
0
0
0
0
0
0
0
0
0
0
0
0
0
0
0
0
0
0
0
0
0
0
0
0
0
0
0
0
0
0
0
0
0
0
0
0
0
0
0
0
0
0
0
0
0
0
0
0
0
0
0
0
0
0
0
0
0
0
0
0
0
0
0
0
0
0
0
0
0
0
0
0
0
0
0
0
0
0
0
0
0
0
0
0
0
0
0
0
0
0
0
0
0
0
0
0
0
0
0
0
0
0
0
0
0
0
0
0
0
0
0
0
0
0
0
0
0
0
0
0
0
0
0
0
0
0
0
0
0
0
0
0
0
0
0
0
0
0
0
0
0
0
0
0
0
0
0
0
0
0
0
0
0
0
0
0
0
0
0
0
0
0
0
0
0
0
0
0
0
0
0
0
0
0
0
0
0
0
0
0
0
0
0
0
0
0
0
0
0
0
0
0
0
0
0
0
0
0
0
0
0
0
0
0
0
0
0
0
0
0
0
0
0
0
0
0
0
0
0
0
0
0
0
0
0
0
0
0
0
0
0
0
0
0
0
0
0
0
0
0
0
0
0
0
0
0
0
0
0
0
0
0
0
0
0
0
0
0
0
0
0
0
0
0
0
0
0
0
0
0
0
0
0
0
0
0
0
0
0
0
0
0
0
0
0
0
0
0
0
0
0
0
0
0
0
0
0
0
0
0
0
0
0
0
0
0
0
0
0
0
0
0
0
0
0
0
0
0
0
0
0
0
0
0
0
0
0
0
0
0
0
0
0
0
0
0
0
0
0
0
0
0
0
0
0
0
0
0
0
0
0
0
0
0
0
0
0
0
0
0
0
0
0
0
0
0
0
0
0
0
0
0
0
0
0
0
0
0
0
0
0
0
0
0
0
0
0
0
0
0
0
0
0
0
0
0
0
0
0
0
0
0
0
0
0
0
0
0
0
0
0
0
0
0
0
0
0
0
0
0
0
0
0
0
0
0
0
0
0
0
0
0
0
0
0
0
0
0
0
0
0
0
0
0
0
0
0
0
0
0
0
0
0
0
0
0
0
0
0
0
0
0
0
0
0
0
0
0
0
0
0
0
0
0
0
0
0
0
0
0
0
0
0
0
0
0
0
0
0
0
0
0
0
0
0
0
0
0
0
0
0
0
0
0
0
0
0
0
0
0
0
0
0
0
0
0
0
0
0
0
0
0
0
0
0
0
0
0
0
0
0
0
0
0
0
0
0
0
0
0
0
0
0
0
0
0
0
0
0
0
0
0
0
0
0
0
0
0
0
0
0
0
0
0
0
0
0
0
0
0
0
0
0
0
0
0
0
0
0
0
0
0
0
0
0
0
0
0
0
0
0
0
0
0
0
0
0
0
0
0
0
0
0
0
0
0
0
0
0
0
0
0
0
0
0
0
0
0
0
0
0
0
0
0
0
0
0
0
0
0
0
0
0
0
0
0
0
0
0
0
0
0
0
0
0
0
0
0
0
0
0
0
0
0
0
0
0
0
0
0
0
0
0
0
0
0
0
0
0
0
0
0
0
0
0
0
0
0
0
0
0
0
1.990000e+00
2.300000e-01
0
0
0
0
0
0
0
0
0
0
0
0
0
0
0
0
0
0
0
0
0
0
0
0
0
0
0
0
0
0
1.800000e-01
4.300000e-01
4.500000e-01
3.500000e-01
1.000000e-01
7.000000e-02
7.000000e-02
5.000000e-02
3.000000e-02
4.000000e-02
4.000000e-02
9.000000e-02
1.100000e-01
1.000000e-01
5.000000e-02
4.400000e-01
7.700000e-01
8.900000e-01
6.100000e-01
5.300000e-01
5.100000e-01
7.200000e-01
6.900000e-01
7.300000e-01
8.900000e-01
1.110000e+00
1.730000e+00
3.460000e+00
4.200000e+00
6.380000e+00
7.740000e+00
7.740000e+00
7.740000e+00
2.874000e+01
3.181000e+01
3.392000e+01
3.565000e+01
3.843000e+01
4.048000e+01
4.241000e+01
4.290000e+01
4.382000e+01
4.530000e+01
4.765000e+01
5.029000e+01
3.816000e+01
4.715000e+01
5.710000e+01
6.944000e+01
7.828000e+01
8.155000e+01
9.704000e+01
1.775000e+02
225
2.290100e+02
2.353900e+02
2.609700e+02
2.572200e+02
2.583700e+02
2.502100e+02
2.639700e+02
2.439900e+02
2.332500e+02
2.533500e+02
2.673000e+02
2.589000e+02
2.687300e+02
2.732900e+02
2.930700e+02
3.042900e+02
3.079100e+02
3.145900e+02
3.282200e+02
3.273600e+02
3.202700e+02
3.323100e+02
3.349700e+02
3.422500e+02
3.419500e+02
3.540900e+02
3.622600e+02
3.726600e+02
3.874200e+02
3.961200e+02
4.032900e+02
4.139000e+02
4.334800e+02
4.718700e+02
4.951500e+02
4.990100e+02
4.539700e+02
4.603000e+02
4.452300e+02
4.569900e+02
4.541600e+02
4.707900e+02
5.146400e+02
5.176300e+02
5.297500e+02
5.263600e+02
5.309600e+02
5.496200e+02
5.489200e+02
5.309600e+02
5.586500e+02
5.489200e+02
5.309600e+02
5.505100e+02
5.483800e+02
5.380800e+02
5.607500e+02
4.812100e+02
4.292700e+02
4.380400e+02
4.232700e+02
4.142500e+02
4.426100e+02
4.026900e+02
4.002600e+02
4.017143e+02
3.967718e+02
4.279500e+02
4.201900e+02
4.207400e+02
4.122400e+02
4.035300e+02
4.035300e+02
4.035300e+02
4.037400e+02
3.946800e+02
3.797400e+02
3.718400e+02
3.758000e+02
3.758000e+02
3.758000e+02
3.568400e+02
3.574500e+02
3.597400e+02
3.627900e+02
3.630800e+02
3.630800e+02
3.630800e+02
3.427000e+02
3.401400e+02
3.412000e+02
3.401600e+02
3.282300e+02
3.282300e+02
3.282300e+02
2.927800e+02
2.927800e+02
2.927800e+02
2.585200e+02
2.488700e+02
2.488700e+02
2.488700e+02
2.488700e+02
2.214200e+02
2.128200e+02
2.052200e+02
1.991900e+02
1.991900e+02
1.991900e+02
1.886700e+02
1.868700e+02
1.903900e+02
8.681000e+01
1.816000e+02
1.790400e+02
1.974600e+02
1.980400e+02
1.966200e+02
1.961800e+02
2.043700e+02
1.930100e+02
1.881300e+02
2.002200e+02
1.798800e+02
1.600300e+02
1.457100e+02
1.396500e+02
1.355800e+02
1.354900e+02
1.296900e+02
1.240100e+02
1.240100e+02
1.288900e+02
1.168600e+02
9.990000e+01
9.990000e+01
9.990000e+01
9.944000e+01
9.297000e+01
9.056000e+01
9.325000e+01
8.963000e+01
8.963000e+01
8.963000e+01
7.591000e+01
7.315000e+01
7.112000e+01
7.112000e+01
6.510000e+01
6.510000e+01
6.510000e+01
5.717000e+01
5.540000e+01
5.641000e+01
7.510000e+01
8.251000e+01
8.251000e+01
8.251000e+01
8.325000e+01
7.111000e+01
1.359500e+02
9.519000e+01
1.104000e+02
1.104000e+02
1.104000e+02
1.285300e+02
1.087500e+02
1.361800e+02
1.291300e+02
1.144700e+02
1.144700e+02
1.144700e+02
3.600000e-01
1.457600e+02
8.691000e+01
1.392900e+02
1.369500e+02
1.369500e+02
1.369500e+02
2.039000e+01
6.372000e+01
6.372000e+01
2.964000e+01
2.620000e+00
2.620000e+00
2.620000e+00
8.179000e+01
7.629000e+01
5.979000e+01
5.033000e+01
6.678000e+01
6.678000e+01
6.678000e+01
1.431200e+02
2.210500e+02
2.003300e+02
2.051200e+02
2.189400e+02
2.189400e+02
2.189400e+02
2.264700e+02
2.349700e+02
2.331700e+02
2.268100e+02
233
233
233
233
2.379200e+02
2.339600e+02
2.192600e+02
1.391400e+02
1.391400e+02
1.391400e+02
2.332000e+01
1.486000e+01
1.317000e+01
2.520000e+01
6.852000e+01
6.852000e+01
6.852000e+01
8.640000e+00
8.640000e+00
3.020000e+00
8.300000e-01
8.300000e-01
8.300000e-01
8.300000e-01
0
0
0
0
0
0
0
1.350000e+01
1.432000e+01
1.482000e+01
1.390000e+01
1.344000e+01
1.344000e+01
1.344000e+01
1.344000e+01
1.207000e+01
4.930000e+00
5.024000e+01
4.887000e+01
4.887000e+01
4.887000e+01
0
5.974000e+01
5.139000e+01
5.139000e+01
8.978000e+01
8.978000e+01
8.978000e+01
9.049000e+01
1.115200e+02
1.214600e+02
1.214600e+02
1.296700e+02
1.296700e+02
1.296700e+02
1.529300e+02
1.529300e+02
1.529300e+02
1.529300e+02
1.437400e+02
1.437400e+02
1.437400e+02
1.505100e+02
1.486300e+02
7.313000e+01
1.223800e+02
1.653400e+02
1.653400e+02
1.653400e+02
1.442000e+02
1.459000e+02
1.473400e+02
1.473400e+02
1.473400e+02
1.473400e+02
1.473400e+02
1.559700e+02
1.559700e+02
1.559700e+02
1.692400e+02
171
171
171
171
1.815800e+02
1.825000e+02
1.825000e+02
1.842800e+02
1.842800e+02
1.842800e+02
1.884400e+02
1.875100e+02
1.885700e+02
1.885700e+02
1.885700e+02
1.885700e+02
1.885700e+02
1.885700e+02
1.885700e+02
1.885700e+02
1.885700e+02
1.885700e+02
1.885700e+02
1.885700e+02
1.733100e+02
1.718500e+02
1.717700e+02
1.717700e+02
1.717700e+02
1.717700e+02
1.717700e+02
1.644600e+02
1.621500e+02
160
160
159
159
159
154
154
1.527700e+02
1.527700e+02
1.496600e+02
1.496600e+02
1.496600e+02
1.425800e+02
1.395400e+02
1.849000e+02
1.974100e+02
1.752700e+02
1.752700e+02
1.752700e+02
1.533700e+02
1.496100e+02
149
149
1.475600e+02
1.475600e+02
1.475600e+02
1.475600e+02
144
142
1.455000e+02
1.459400e+02
1.459400e+02
1.459400e+02
1.504800e+02
1.468300e+02
1.468300e+02
1.439600e+02
1.439600e+02
1.439600e+02
1.439600e+02
1.399400e+02
1.399400e+02
1.382600e+02
1.356800e+02
1.356800e+02
1.356800e+02
1.356800e+02
2.680000e+01
3.352000e+01
1.356800e+02
1.356800e+02
1.356800e+02
1.356800e+02
1.356800e+02
1.356800e+02
1.356800e+02
2.784000e+01
44
44
44
44
47
47
4.645000e+01
4.476000e+01
4.476000e+01
4.476000e+01
4.476000e+01
1.719800e+02
1.719200e+02
1.672800e+02
185
1.963100e+02
1.963100e+02
1.963100e+02
2.068200e+02
2.230800e+02
2.198300e+02
2.159800e+02
2.109700e+02
2.109700e+02
2.109700e+02
2.002100e+02
1.981900e+02
1.973800e+02
1.973800e+02
1.902300e+02
1.902300e+02
1.902300e+02
1.732900e+02
1.694000e+02
1.652600e+02
1.618800e+02
1.619600e+02
1.619600e+02
1.619600e+02
1.567200e+02
1.564200e+02
1.571100e+02
1.564500e+02
1.541300e+02
1.541300e+02
1.541300e+02
1.506400e+02
1.509000e+02
1.518200e+02
1.515000e+02
1.502000e+02
1.502000e+02
1.502000e+02
1.513200e+02
1.528800e+02
1.535400e+02
1.532000e+02
1.730700e+02
1.730700e+02
1.730700e+02
2.171400e+02
2.156000e+02
2.127100e+02
2.034600e+02
2.108600e+02
2.108600e+02
2.108600e+02
2.108600e+02
2.054600e+02
2.054600e+02
2.028500e+02
2.060900e+02
2.060900e+02
2.060900e+02
2.072800e+02
2.112500e+02
2.108300e+02
2.105900e+02
2.120200e+02
2.120200e+02
2.120200e+02
2.172700e+02
2.210300e+02
2.210300e+02
2.192600e+02
2.196900e+02
2.196900e+02
2.196900e+02
2.267900e+02
2.289000e+02
2.304100e+02
2.277700e+02
2.265500e+02
2.265500e+02
2.265500e+02
2.798600e+02
2.716000e+02
2.647200e+02
2.633000e+02
2.543300e+02
2.543300e+02
2.543300e+02
2.558400e+02
2.478500e+02
2.455600e+02
2.447700e+02
2.437300e+02
2.437300e+02
2.437300e+02
2.395400e+02
2.395400e+02
2.353200e+02
2.336800e+02
2.296800e+02
2.296800e+02
2.296800e+02
2.203100e+02
2.189500e+02
2.152200e+02
2.147700e+02
2.135000e+02
2.135000e+02
2.135000e+02
1.710700e+02
1.680200e+02
1.616800e+02
1.629900e+02
1.599600e+02
1.599600e+02
1.599600e+02
1.556000e+02
1.531000e+02
1.592500e+02
1.585800e+02
1.564800e+02
1.564800e+02
1.564800e+02
1.534600e+02
1.527000e+02
1.521000e+02
1.485600e+02
1.486000e+02
1.486000e+02
1.486000e+02
1.418300e+02
1.327700e+02
1.285300e+02
1.255800e+02
1.255800e+02
1.255800e+02
1.255800e+02
1.914900e+02
1.795100e+02
1.713100e+02
1.671600e+02
1.618200e+02
1.618200e+02
1.618200e+02
1.510100e+02
1.504900e+02
1.526500e+02
1.814900e+02
1.058500e+02
1.058500e+02
1.058500e+02
1.574400e+02
1.524400e+02
121
1.113700e+02
1.104100e+02
1.104100e+02
1.104100e+02
1.084900e+02
1.084900e+02
1.084900e+02
1.084900e+02
1.092100e+02
1.092100e+02
1.092100e+02
1.040600e+02
1.040600e+02
1.045500e+02
1.045500e+02
9.958000e+01
9.958000e+01
9.958000e+01
9.235000e+01
9.235000e+01
8.751000e+01
8.751000e+01
8.539000e+01
8.539000e+01
8.539000e+01
8.075000e+01
8.075000e+01
8.075000e+01
8.075000e+01
7.158000e+01
7.158000e+01
7.158000e+01
6.512000e+01
6.512000e+01
5.791000e+01
5.791000e+01
3.963000e+01
3.963000e+01
3.963000e+01
6.803000e+01
6.803000e+01
6.803000e+01
6.803000e+01
6.583000e+01
2.840000e+00
2.840000e+00
2.840000e+00
2.840000e+00
2.590000e+00
2.590000e+00
2.590000e+00
2.590000e+00
2.590000e+00
2.291000e+02
2.291000e+02
2.323100e+02
2.323100e+02
2.278000e+02
2.278000e+02
2.278000e+02
2.278000e+02
2.278000e+02
2.242200e+02
2.242200e+02
2.241800e+02
2.241800e+02
2.241800e+02
2.235800e+02
2.235800e+02
2.244200e+02
2.244200e+02
2.206000e+02
2.206000e+02
2.206000e+02
2.182300e+02
2.182300e+02
2.255000e+02
2.255000e+02
2.220800e+02
2.220800e+02
2.220800e+02
2.186100e+02
2.186100e+02
2.101700e+02
2.101700e+02
2.101600e+02
2.101600e+02
2.101600e+02
1.957300e+02
1.957300e+02
3.644000e+01
3.644000e+01
1.476400e+02
1.476400e+02
1.476400e+02
1.096400e+02
1.096400e+02
1.631000e+02
1.631000e+02
1.631000e+02
1.631000e+02
1.631000e+02
1.556600e+02
1.556600e+02
1.526500e+02
1.526500e+02
1.526500e+02
1.526500e+02
1.526500e+02
1.501400e+02
1.501400e+02
1.501400e+02
1.501400e+02
1.459200e+02
1.459200e+02
1.459200e+02
1.459200e+02
1.459200e+02
90
90
90
90
90
90
90
90
90
90
90
90
0
0
0
0
0
0
0
0
0
0
0
0
0
0
0
0
0
0
0
0
0
0
0
1.700000e-01
1.700000e-01
4.600000e-01
4.600000e-01
4.600000e-01
4.600000e-01
4.600000e-01
4.600000e-01
4.600000e-01
0
0
0
0
0
0
0
0
0
0
0
0
0
0
0
0
0
0
0
0
0
0
0
0
0
0
0
0
0
0
0
0
0
0
0
0
0
0
1.000000e-02
1.000000e-02
0
0
0
0
0
0
0
0
0
1.540000e+00
1.540000e+00
1.540000e+00
1.540000e+00
1.540000e+00
1.648900e+02
1.648900e+02
1.667700e+02
1.667700e+02
1.667700e+02
1.667700e+02
1.667700e+02
1.429000e+02
1.429000e+02
1.449400e+02
1.449400e+02
1.449400e+02
1.449300e+02
1.449300e+02
1.410800e+02
1.410800e+02
1.205600e+02
1.205600e+02
1.205600e+02
0
0
0
0
0
0
0
0
0
0
0
0
0
0
0
0
0
0
0
0
0
0
0
0
0
0
0
0
0
0
0
0
0
0
0
0
0
0
0
0
0
0
0
0
0
0
0
0
0
0
0
0
0
0
0
0
0
0
0
0
0
0
0
0
0
0
1.193000e+01
1.144000e+01
1.144000e+01
1.144000e+01
1.130000e+01
1.130000e+01
0
0
0
0
0
0
0
0
0
0
0
0
0
0
0
0
0
0
0
0
0
0
0
0
0
0
0
0
0
0
0
0
0
0
0
0
0
0
0
0
0
0
0
0
0
0
0
0
0
0
0
0
0
0
0
0
0
0
0
0
0
0
0
0
0
0
0
0
0
0
0
0
0
0
0
0
0
0
0
0
0
0
0
0
0
0
0
0
0
0
0
0
0
0
0
0
0
0
0
0
0
0
0
0
0
0
0
0
0
0
0
0
0
0
1.930000e+00
1.930000e+00
1.930000e+00
1.930000e+00
1.930000e+00
1.950000e+00
1.950000e+00
1.660000e+00
1.660000e+00
1.660000e+00
2.120000e+00
2.120000e+00
2.980000e+00
2.980000e+00
3.220000e+00
3.220000e+00
3.220000e+00
3.220000e+00
3.220000e+00
2.760000e+00
2.760000e+00
2.610000e+00
2.610000e+00
2.610000e+00
2.560000e+00
2.560000e+00
3.060000e+00
3.060000e+00
3.180000e+00
3.180000e+00
3.180000e+00
3.180000e+00
3.180000e+00
1.590000e+00
1.590000e+00
2.220000e+00
2.220000e+00
2.220000e+00
2.220000e+00
2.220000e+00
2.500000e+00
2.500000e+00
2.500000e+00
2.500000e+00
2.500000e+00
2.500000e+00
2.500000e+00
5.900000e-01
5.900000e-01
0
0
0
0
0
0
0
0
0
0
0
0
0
0
0
0
0
0
0
0
0
0
0
0
0
0
0
0
0
0
0
0
0
0
0
0
0
0
0
4.010000e+00
4.010000e+00
4.010000e+00
4.010000e+00
4.010000e+00
4.010000e+00
4.010000e+00
4.010000e+00
4.550000e+00
4.550000e+00
4.550000e+00
4.550000e+00
4.550000e+00
4.550000e+00
4.550000e+00
0
0
0
0
0
0
0
0
0
0
0
0
0
0
0
0
0
0
0
0
0
0
0
0
0
0
0
0
0
0
0
0
0
0
0
0
0
0
0
0
0
0
0
0
0
0
0
0
0
0
0
0
0
0
0
0
0
0
0
0
0
0
0
0
0
0
0
0
4.570000e+00
4.570000e+00
3.030000e+00
3.030000e+00
3.030000e+00
3.030000e+00
3.030000e+00
3.610000e+00
3.610000e+00
3.350000e+00
3.350000e+00
4.530000e+00
4.530000e+00
4.530000e+00
6.180000e+00
6.180000e+00
6.180000e+00
6.180000e+00
2.860000e+00
2.860000e+00
2.860000e+00
4.210000e+00
4.210000e+00
3.300000e+00
3.300000e+00
5.430000e+00
5.430000e+00
5.430000e+00
5.430000e+00
5.430000e+00
9.290000e+00
9.290000e+00
1.196000e+01
1.196000e+01
1.196000e+01
6.120000e+00
6.120000e+00
0
0
0
0
0
0
0
3.920000e+00
3.920000e+00
4.610000e+00
4.610000e+00
4.610000e+00
5.280000e+00
5.280000e+00
5.280000e+00
5.280000e+00
5.280000e+00
5.280000e+00
5.280000e+00
5.280000e+00
5.280000e+00
5.280000e+00
5.280000e+00
2.380000e+00
2.380000e+00
2.380000e+00
2.307000e+01
2.307000e+01
3.265000e+01
3.265000e+01
1.575000e+01
1.575000e+01
1.575000e+01
1.575000e+01
1.575000e+01
0
0
0
0
0
0
7.380000e+00
7.380000e+00
7.380000e+00
8.100000e+00
8.100000e+00
8.100000e+00
8.100000e+00
8.100000e+00
8.260000e+00
8.260000e+00
9.570000e+00
9.570000e+00
9.570000e+00
9.570000e+00
9.570000e+00
9.390000e+00
9.390000e+00
9.690000e+00
9.690000e+00
9.690000e+00
9.690000e+00
9.690000e+00
9.010000e+00
9.010000e+00
9.010000e+00
9.010000e+00
9.010000e+00
1.025000e+01
1.025000e+01
1.110000e+01
1.061000e+01
1.061000e+01
1.061000e+01
1.061000e+01
1.061000e+01
1.061000e+01
9.370000e+00
9.370000e+00
9.370000e+00
9.370000e+00
9.370000e+00
1.137000e+01
1.137000e+01
1.137000e+01
1.118000e+01
1.109000e+01
1.109000e+01
1.109000e+01
1.026000e+01
1.026000e+01
1.110000e+01
1.110000e+01
9.900000e+00
9.900000e+00
9.900000e+00
1.043000e+01
1.043000e+01
1.042000e+01
1.042000e+01
1.071000e+01
1.071000e+01
1.071000e+01
1.071000e+01
1.071000e+01
1.153000e+01
1.153000e+01
1.153000e+01
1.153000e+01
1.153000e+01
1.129000e+01
1.129000e+01
1.178000e+01
1.178000e+01
1.178000e+01
1.178000e+01
1.178000e+01
1.178000e+01
1.178000e+01
1.055000e+01
1.055000e+01
1.071000e+01
1.071000e+01
1.071000e+01
1.257000e+01
1.257000e+01
1.257000e+01
1.257000e+01
1.376000e+01
1.376000e+01
1.376000e+01
1.395000e+01
1.395000e+01
1.394000e+01
1.394000e+01
8.080000e+00
8.080000e+00
8.080000e+00
1.153000e+01
1.153000e+01
6.860000e+00
6.860000e+00
6.860000e+00
6.860000e+00
6.860000e+00
6.860000e+00
6.860000e+00
7.080000e+00
7.080000e+00
7.080000e+00
7.080000e+00
7.080000e+00
7.080000e+00
7.080000e+00
1.185000e+01
1.185000e+01
1.185000e+01
1.185000e+01
1.185000e+01
1.185000e+01
1.185000e+01
1.477000e+01
1.477000e+01
1.740000e+01
1.740000e+01
1.740000e+01
1.830000e+01
1.830000e+01
1.847000e+01
1.847000e+01
1.865000e+01
1.865000e+01
1.865000e+01
1.865000e+01
1.865000e+01
1.872000e+01
1.872000e+01
1.880000e+01
1.880000e+01
1.880000e+01
1.729000e+01
1.729000e+01
1.707000e+01
1.707000e+01
1.693000e+01
1.693000e+01
1.693000e+01
1.693000e+01
1.693000e+01
1.693000e+01
1.693000e+01
1.693000e+01
1.693000e+01
1.693000e+01
1.534000e+01
1.534000e+01
1.619000e+01
1.619000e+01
1.778000e+01
1.778000e+01
1.778000e+01
1.778000e+01
1.778000e+01
1.778000e+01
1.778000e+01
1.758000e+01
1.758000e+01
1.758000e+01
1.758000e+01
1.758000e+01
1.758000e+01
1.758000e+01
1.758000e+01
1.758000e+01
1.758000e+01
1.758000e+01
1.758000e+01
1.510000e+01
1.510000e+01
1.510000e+01
1.782000e+01
1.782000e+01
1.782000e+01
1.782000e+01
1.822000e+01
1.822000e+01
1.798000e+01
1.798000e+01
1.798000e+01
1.802000e+01
1.802000e+01
1.816000e+01
1.816000e+01
1.847000e+01
1.847000e+01
1.847000e+01
2.008000e+01
2.008000e+01
2.008000e+01
2.008000e+01
2.008000e+01
2.008000e+01
2.008000e+01
2.008000e+01
2.008000e+01
2.008000e+01
2.008000e+01
2.008000e+01
2.008000e+01
2.008000e+01
1.805000e+01
1.805000e+01
1.806000e+01
1.806000e+01
1.806000e+01
1.806000e+01
1.806000e+01
1.806000e+01
1.806000e+01
1.739000e+01
1.739000e+01
1.937000e+01
1.937000e+01
1.937000e+01
1.692000e+01
1.692000e+01
1.730000e+01
1.730000e+01
1.730000e+01
1.730000e+01
1.730000e+01
1.730000e+01
1.730000e+01
1.714000e+01
1.714000e+01
1.714000e+01
1.714000e+01
1.714000e+01
1.744000e+01
1.744000e+01
1.789000e+01
1.789000e+01
1.761000e+01
1.761000e+01
1.761000e+01
1.759000e+01
1.759000e+01
1.777000e+01
1.777000e+01
1.822000e+01
1.822000e+01
1.822000e+01
1.822000e+01
1.822000e+01
1.822000e+01
1.822000e+01
1.822000e+01
1.822000e+01
1.822000e+01
1.822000e+01
1.822000e+01
2.682000e+01
2.682000e+01
2.519000e+01
2.519000e+01
2.519000e+01
2.519000e+01
2.519000e+01
1.988000e+01
1.988000e+01
1.988000e+01
1.988000e+01
1.988000e+01
1.988000e+01
1.988000e+01
1.988000e+01
1.988000e+01
1.988000e+01
1.988000e+01
1.988000e+01
2.238000e+01
2.238000e+01
3.317000e+01
3.317000e+01
3.317000e+01
3.317000e+01
3.317000e+01
3.317000e+01
3.317000e+01
3.317000e+01
3.317000e+01
1.845000e+01
1.845000e+01
1.845000e+01
1.858000e+01
1.858000e+01
1.858000e+01
1.858000e+01
1.858000e+01
1.858000e+01
1.858000e+01
1.858000e+01
1.858000e+01
1.964000e+01
1.964000e+01
1.897000e+01
1.897000e+01
1.897000e+01
1.893000e+01
1.893000e+01
1.883000e+01
1.883000e+01
1.883000e+01
1.883000e+01
1.883000e+01
1.883000e+01
1.883000e+01
1.883000e+01
1.883000e+01
1.883000e+01
1.883000e+01
1.883000e+01
3.247000e+01
3.247000e+01
1.899000e+01
1.899000e+01
1.853000e+01
1.853000e+01
1.853000e+01
1.853000e+01
1.853000e+01
1.965000e+01
1.965000e+01
1.965000e+01
1.965000e+01
1.965000e+01
1.866000e+01
1.866000e+01
1.866000e+01
1.866000e+01
1.993000e+01
1.993000e+01
1.993000e+01
1.993000e+01
1.993000e+01
1.958000e+01
1.958000e+01
2.003000e+01
2.003000e+01
2.003000e+01
1.960000e+01
1.960000e+01
1.960000e+01
1.960000e+01
1.960000e+01
1.960000e+01
1.960000e+01
1.960000e+01
1.960000e+01
1.960000e+01
1.960000e+01
1.960000e+01
1.960000e+01
1.960000e+01
1.960000e+01
1.960000e+01
1.960000e+01
1.960000e+01
1.928000e+01
1.928000e+01
1.928000e+01
1.928000e+01
1.928000e+01
1.969000e+01
1.969000e+01
1.932000e+01
1.932000e+01
1.932000e+01
1.946000e+01
1.946000e+01
1.946000e+01
1.946000e+01
2.032000e+01
2.032000e+01
2.032000e+01
2.032000e+01
2.032000e+01
2.032000e+01
2.032000e+01
1.926000e+01
1.926000e+01
1.926000e+01
1.980000e+01
1.980000e+01
1.980000e+01
1.980000e+01
1.980000e+01
1.980000e+01
1.980000e+01
1.980000e+01
1.980000e+01
1.980000e+01
1.980000e+01
1.980000e+01
1.980000e+01
1.980000e+01
1.980000e+01
1.980000e+01
2.110000e+01
2.110000e+01
2.117000e+01
2.117000e+01
2.117000e+01
2.117000e+01
2.117000e+01
2.117000e+01
2.117000e+01
2.137000e+01
2.137000e+01
2.137000e+01
2.137000e+01
2.137000e+01
2.137000e+01
2.137000e+01
2.137000e+01
2.137000e+01
2.137000e+01
2.137000e+01
2.137000e+01
4.032000e+01
4.032000e+01
4.036000e+01
4.036000e+01
4.036000e+01
4.036000e+01
4.036000e+01
4.036000e+01
4.036000e+01
4.036000e+01
4.036000e+01
4.036000e+01
4.036000e+01
4.036000e+01
2.063000e+01
2.063000e+01
2.158000e+01
2.158000e+01
2.158000e+01
2.158000e+01
2.158000e+01
2.158000e+01
2.158000e+01
2.142000e+01
2.142000e+01
2.142000e+01
2.142000e+01
2.142000e+01
2.086000e+01
2.086000e+01
1.999000e+01
1.999000e+01
1.999000e+01
1.999000e+01
1.999000e+01
1.950000e+01
1.950000e+01
1.967000e+01
1.967000e+01
1.967000e+01
1.967000e+01
1.967000e+01
1.967000e+01
1.967000e+01
1.967000e+01
1.967000e+01
1.967000e+01
1.906000e+01
1.906000e+01
1.906000e+01
1.906000e+01
1.906000e+01
1.906000e+01
1.906000e+01
1.906000e+01
1.906000e+01
4.263000e+01
4.263000e+01
4.263000e+01
4.263000e+01
4.263000e+01
4.263000e+01
4.263000e+01
4.263000e+01
4.263000e+01
4.263000e+01
4.263000e+01
4.263000e+01
4.263000e+01
4.263000e+01
4.263000e+01
4.263000e+01
4.263000e+01
4.263000e+01
4.263000e+01
4.263000e+01
4.263000e+01
4.263000e+01
4.263000e+01
4.263000e+01
4.263000e+01
4.263000e+01
4.263000e+01
4.263000e+01
4.263000e+01
4.263000e+01
4.263000e+01
4.263000e+01
4.263000e+01
4.263000e+01
4.263000e+01
4.263000e+01
4.263000e+01
4.263000e+01
4.263000e+01
4.263000e+01
4.263000e+01
4.263000e+01
4.263000e+01
4.263000e+01
4.263000e+01
4.263000e+01
4.263000e+01
2.169000e+01
2.169000e+01
2.169000e+01
2.169000e+01
2.169000e+01
2.169000e+01
2.169000e+01
2.169000e+01
2.169000e+01
2.169000e+01
2.169000e+01
3.228000e+01
3.228000e+01
3.228000e+01
2.135000e+01
2.135000e+01
2.148000e+01
2.148000e+01
2.148000e+01
2.148000e+01
2.148000e+01
2.148000e+01
2.148000e+01
2.148000e+01
2.148000e+01
2.182000e+01
2.182000e+01
2.182000e+01
2.182000e+01
2.182000e+01
2.164000e+01
2.164000e+01
2.188000e+01
2.188000e+01
2.188000e+01
2.188000e+01
2.188000e+01
2.182000e+01
2.182000e+01
2.182000e+01
2.182000e+01
2.182000e+01
2.182000e+01
2.182000e+01
2.152000e+01
2.152000e+01
2.142000e+01
2.142000e+01
2.142000e+01
2.142000e+01
2.142000e+01
2.142000e+01
2.142000e+01
2.142000e+01
2.142000e+01
2.142000e+01
2.142000e+01
2.142000e+01
2.008000e+01
2.008000e+01
2.008000e+01
2.008000e+01
2.008000e+01
2.085000e+01
2.085000e+01
2.085000e+01
2.085000e+01
2.107000e+01
2.107000e+01
2.107000e+01
2.126000e+01
2.126000e+01
2.094000e+01
2.094000e+01
2.048000e+01
2.048000e+01
2.048000e+01
2.048000e+01
2.048000e+01
20
20
20
