0
0
0
0
0
0
0
0
0
0
0
0
0
0
0
0
0
0
0
0
0
0
0
0
0
0
0
0
0
0
0
0
0
0
0
0
0
0
0
0
0
0
0
0
0
0
0
0
0
0
0
0
0
0
0
0
0
0
0
0
0
0
0
0
0
0
0
0
0
0
0
0
0
0
0
0
1552
1531
1514
1656
1605
1622
1685
1608
1552
1552
1565
1685
1727
1535
1600
1650
1580
1600
1530
1550
1632
1632
2666
2845
2492
2492
2492
2312
2273
2481
2383
2200
2090
2571
2029
1881
1901
1767
1665
1745
1612
1598
1589
1579
1518
1531
1501
1468
1481
1470
1424
1509
1976
1725
1437
1390
1510
1525
1480
1355
1338
1351
1351
1351
1373
1353
1336
1293
1386
909
493
115
115
115
115
115
115
115
115
115
115
115
115
115
115
115
115
115
115
115
115
115
115
115
115
115
115
115
115
115
115
115
115
115
115
115
115
115
115
115
115
115
115
115
115
115
115
115
115
115
115
115
115
115
115
115
115
115
115
115
115
115
115
115
115
115
115
115
115
115
515
553
572
580
592
521
565
600
604
623
600
940
1192
1168
1138
1320
1330
1235
1263
1235
1298
1610
1530
1548
1698
1620
1672
1672
1530
1520
1520
1575
1472
1698
1739
1664
1539
1664
1622
1585
1575
1530
1575
1429
1393
1298
1346
1350
1358
1338
1325
1358
1278
1330
1309
1249
1358
1358
1207
1293
1207
1274
1274
1229
1283
1249
1324
1690
1772
1801
1.627000e+01
1690
1628
1254
1254
1254
1254
1540
1199
1303
1826
1797
1356
1278
1501
1498
1498
1278
1087
1162
1178
1263
1162
1206
890
890
1144
1045
1055
1107
1144
1174
1120
1127
178
1207
1041
1020
1020
913
931
1045
1109
1221
1552
1168
1147
1368
1183
1109
1162
1154
1076
1058
988
1007
987
1309
1168
1152
1215
1181
1095
1263
1228
1309
1281
1214
890
890
890
894
1358
1199
1023
1008
1006
960
955
961
983
776
751
1207
1172
1080
1045
1278
1181
1221
988
1055
1045
1055
1132
1168
1207
1235
1109
1235
1263
1174
1249
1168
1156
1168
1189
1144
1098
1018
1181
1109
1109
1194
1156
1207
1181
1097
1065
1065
1120
1087
1087
1156
1132
1144
1087
988
836
1120
1006
1035
961
1005
1132
1035
996
805
1109
997
1035
1035
1087
1025
1087
1008
1025
1015
1015
1045
1045
1035
1393
1168
1168
1168
1006
1091
1096
1096
1022
1035
1008
1045
976
987
878
950
909
988
947
915
1006
1087
1021
1052
1089
1023
1103
1008
1189
1121
1050
1025
1025
1022
1005
998
1012
987
994
1000
970
959
977
9.820000e+00
978
962
968
956
959
1046
980
936
930
879
872
916
907
824
810
800
800
773
775
778
727
747
740
740
691
688
682
682
694
685
720
699
698
698
675
668
434
668
681
681
681
681
681
681
572
541
615
663
693
707
708
704
697
693
697
682
678
683
646
665
675
660
661
651
642
650
652
641
640
642
638
628
631
624
623
633
619
613
601
616
608
609
590
588
579
589
588
582
589
586
596
592
574
584
588
573
576
572
569
555
570
552
551
544
568
609
497
602
599
512
616
559
368
350
375
373
377
332
365
334
364
310
329
349
363
349
347
330
325
284
339
330
338
317
400
473
418
454
469
473
472
474
416
464
448
318
325
252
299
256
274
230
306
292
329
289
453
431
308
307
308
320
290
482
301
229
295
308
280
285
307
294
297
297
290
278
284
294
293
397
299
275
180
250
284
294
283
276
275
283
274
273
300
264
273
259
257
260
155
381
279
494
258
267
271
441
350
255
224
243
253
253
345
196
236
360
351
359
331
339
347
232
207
222
202
223
210
232
208
223
197
197
197
197
197
197
197
197
197
197
197
197
197
260
165
243
223
166
119
126
126
123
137
132
135
147
148
141
138
146
152
142
137
137
147
144
143
151
138
138
138
148
150
152
1.695100e+02
132
143
155
172
142
172
167
161
145
143
144
162
166
151
153
201
163
152
159
163
113
160
164
165
173
201
212
47
47
47
47
47
47
66
66
66
66
66
54
54
54
56
56
56
56
72
72
81
81
70
70
70
70
70
75
75
81
81
81
81
75
74
74
74
74
74
74
74
74
74
33
33
33
33
32
33
33
33
33
33
33
30
35
35
30
30
30
32
35
33
33
33
33
33
37
37
37
37
37
37
37
37
37
37
37
37
37
37
37
37
37
37
37
37
208
215
218
243
229
217
188
201
231
212
226
238
239
283
216
218
207
177
172
178
202
202
202
202
177
168
149
183
201
142
279
177
185
163
163
163
172
175
175
175
134
165
168
177
145
174
158
148
166
164
166
164
241
178
197
142
141
106
201
142
253
256
253
259
131
230
104
172
118
126
152
247
184
259
306
286
453
435
435
453
247
122
202
162
165
218
104
99
179
239
361
131
131
132
132
46
80
124
148
123
123
161
141
183
153
65
96
74
67
37
89
126
92
92
1.477600e+02
274
185
215
215
215
107
191
92
151
237
229
232
126
192
97
111
156
156
102
102
95
120
120
120
120
265
231
198
265
311
253
265
362
41
41
41
102
110
126
124
145
145
145
127
99
101
97
122
70
114
135
150
148
156
109
109
142
153
193
185
185
130
131
136
136
130
136
141
135
127
122
122
168
62
117
120
120
120
120
104
104
150
173
160
45
45
152
117
418
304
308
307
609
346
320
331
164
217
546
58
99
126
53
42
35
56
50
71
68
73
85
80
85
87
12
78
46
63
29
28
96
103
97
101
94
66
93
105
97
103
90
102
93
92
86
51
62
58
178
29
50
95
198
176
181
181
167
167
168
168
161
162
83
54
78
80
92
36
34
117
128
138
63
72
5.253247e+01
4.641276e+01
4.029305e+01
141
111
81
73
73
73
90
76
247
217
224
224
224
113
131
76
100
107
107
107
85
85
194
109
109
109
109
121
121
121
121
108
108
108
108
100
100
100
100
100
100
187
109
184
176
167
86
84
263
250
97
231
217
229
327
82
212
90
141
269
85
88
88
88
78
93
70
70
70
288
117
84
109
78
78
78
99
92
50
50
61
61
61
61
61
222
70
118
118
118
70
68
111
79
108
108
108
68
111
136
121
115
115
115
115
128
128
64
64
38
38
38
57
57
38
53
53
53
88
67
94
70
74
74
74
77
78
84
157
81
81
81
59
52
60
56
52
52
52
52
35
32
74
47
47
47
48
26
32
30
33
33
33
37
37
40
43
35
35
35
60
61
61
61
61
61
61
66
74
52
47
43
43
43
43
147
142
149
142
142
142
136
140
136
136
136
136
136
130
20
24
24
26
26
26
32
32
32
32
32
32
32
32
32
30
34
30
30
30
36
30
30
30
30
30
30
36
36
36
34
36
36
36
36
36
32
32
26
26
26
34
32
32
32
32
32
32
32
32
32
32
32
32
32
34
125
102
102
102
102
102
130
130
48
48
48
48
48
48
48
48
48
48
48
48
48
48
48
48
48
48
48
48
48
48
48
48
48
48
48
48
48
48
23
23
23
23
104
104
104
104
104
104
160
160
160
31
31
31
31
47
47
47
47
47
47
47
47
47
47
47
47
47
47
47
47
47
47
47
47
47
47
47
47
47
47
47
47
47
47
47
47
47
47
47
47
47
47
47
47
47
47
47
47
47
47
47
47
47
47
55
55
55
40
40
30
30
39
39
39
39
39
39
30
30
30
30
30
30
42
42
42
42
42
42
42
42
21
21
21
21
21
21
21
21
21
21
21
21
21
7.466000e+01
7.168000e+01
7.101000e+01
7.101000e+01
7.101000e+01
6.414000e+01
6.414000e+01
6.414000e+01
6.414000e+01
24
24
24
24
24
24
24
24
24
24
24
24
24
24
24
24
24
24
24
24
24
24
24
24
24
24
24
24
24
24
24
24
24
24
24
24
24
24
24
24
24
24
24
24
24
24
24
24
24
24
24
24
24
24
24
24
24
24
24
24
24
24
24
24
24
24
24
24
24
24
24
24
24
24
24
24
24
24
24
24
24
24
24
24
24
24
24
24
24
24
24
24
24
24
24
24
24
24
24
24
24
24
24
24
24
24
24
24
24
24
24
24
24
24
24
24
24
24
24
24
24
24
24
24
24
24
24
24
24
24
24
24
24
24
24
24
24
24
24
24
24
24
24
24
24
24
24
24
24
24
24
24
24
24
24
24
24
24
24
24
24
24
24
24
24
24
24
24
24
24
24
24
24
24
24
24
24
24
24
24
24
24
24
24
24
24
24
24
24
24
24
24
24
24
24
24
24
24
24
24
24
24
24
24
24
24
24
24
20
20
20
20
20
20
20
20
20
20
20
20
20
20
20
20
20
20
20
20
20
20
20
20
20
20
20
20
20
20
20
20
20
20
20
20
20
20
20
20
20
20
20
20
20
20
20
20
20
20
20
20
20
20
20
20
20
20
20
20
20
20
20
20
20
20
20
20
20
20
20
20
20
20
20
20
20
20
20
20
20
20
20
20
20
20
20
20
20
20
20
20
20
20
20
20
20
20
20
20
20
20
20
20
20
20
20
20
20
20
20
20
20
20
20
20
20
20
20
20
20
20
20
20
20
20
20
20
20
20
20
20
20
20
20
20
20
20
20
20
20
20
20
20
20
20
20
20
20
20
20
20
20
20
20
20
20
20
20
20
20
20
20
20
20
20
20
20
20
20
20
20
20
20
20
20
20
20
20
20
20
20
20
20
20
20
20
20
20
20
20
20
20
20
20
20
20
20
20
20
20
20
20
20
20
20
20
20
20
20
20
20
20
20
20
20
20
20
20
20
20
20
20
20
20
20
20
20
20
20
20
20
20
20
20
20
20
20
20
20
20
20
20
20
20
20
20
20
20
20
20
20
20
20
20
20
20
20
20
20
20
20
20
20
20
20
20
20
20
20
20
20
20
20
20
20
20
20
20
20
20
20
20
20
20
20
20
20
20
20
20
20
20
20
20
20
20
20
20
20
20
20
20
20
20
20
20
20
20
20
20
20
20
20
20
20
20
20
20
20
20
20
20
20
20
20
20
20
20
20
20
20
20
20
20
20
20
20
20
20
20
20
20
20
20
20
20
20
20
20
20
20
20
20
20
20
20
20
20
20
20
20
20
20
20
20
20
20
20
20
20
20
20
20
20
20
20
20
20
20
20
20
20
20
20
20
20
20
20
20
20
20
20
20
20
20
20
20
20
20
20
20
20
20
20
20
20
20
20
20
20
20
20
20
20
20
20
20
20
20
20
20
20
20
20
20
20
20
20
20
20
20
20
20
20
20
20
20
20
20
20
20
20
20
20
20
20
20
20
20
20
20
20
20
20
20
20
20
20
20
20
20
20
20
20
20
20
20
20
20
20
20
20
20
20
20
20
20
20
20
20
20
20
20
20
20
20
20
20
20
20
20
20
20
20
20
20
20
20
20
20
20
20
20
20
20
20
20
20
20
20
20
20
20
20
20
20
20
20
20
20
20
20
20
20
20
20
20
20
20
20
20
20
20
20
20
20
20
20
20
20
20
20
47
47
30
30
30
30
30
30
30
30
30
30
30
30
30
30
30
30
30
30
30
30
30
30
30
30
30
30
30
30
30
30
30
30
30
30
30
30
30
30
30
30
30
30
30
30
30
30
30
30
30
30
30
30
30
30
30
30
30
30
30
30
30
30
30
30
30
30
30
30
30
30
30
30
30
30
30
30
30
30
30
30
30
30
30
30
30
30
30
30
30
30
30
30
30
30
30
30
30
30
30
30
30
30
30
30
30
30
30
30
30
30
30
30
30
30
30
30
30
30
30
30
30
30
30
30
30
30
30
30
30
30
30
30
30
30
30
30
30
30
30
30
30
30
30
30
30
30
30
30
30
30
30
30
30
30
30
30
30
30
30
30
30
30
30
30
30
30
30
30
30
30
30
30
30
30
30
30
30
30
30
30
30
30
30
30
30
30
30
30
30
30
30
30
30
30
30
30
30
30
30
30
30
30
30
30
30
30
30
30
30
30
30
30
30
30
30
30
30
30
30
30
30
30
30
30
30
30
30
30
30
30
30
30
30
30
30
30
30
30
30
30
30
30
30
30
30
30
30
30
30
30
30
30
30
30
30
30
30
30
30
30
30
30
30
30
30
30
30
30
30
30
30
30
30
30
30
30
30
30
30
30
30
30
30
30
30
30
30
30
30
30
30
30
30
30
30
30
30
30
30
30
30
30
30
30
30
30
30
30
30
30
30
30
30
30
30
30
30
30
30
30
30
30
30
30
30
30
30
30
30
30
30
30
30
30
30
30
30
30
30
30
30
30
30
30
30
30
30
30
30
30
30
30
30
30
30
30
30
30
30
30
30
30
30
30
30
30
30
30
30
30
30
30
30
30
30
30
30
30
30
30
30
30
30
30
30
30
30
30
30
30
30
30
30
30
30
30
30
30
30
30
30
30
30
30
30
30
30
30
30
30
30
30
30
30
30
30
30
30
30
30
30
30
30
30
30
30
30
30
30
30
30
30
30
30
30
30
30
30
30
30
30
30
30
30
30
30
30
30
30
30
30
30
30
30
30
30
30
30
30
30
30
30
30
30
30
30
30
30
30
30
30
30
30
30
30
30
30
30
30
30
30
30
30
30
30
30
30
30
30
30
30
30
30
30
30
30
30
30
30
30
30
30
30
30
30
30
30
30
30
30
30
30
30
30
30
30
30
30
30
30
30
30
