0
0
0
0
0
0
0
0
0
0
0
0
0
0
0
0
0
0
0
0
0
0
0
0
0
0
0
0
0
0
0
0
0
0
0
0
0
0
0
0
0
0
0
0
0
0
0
0
0
0
0
0
0
0
0
0
0
0
0
0
0
0
0
0
0
0
0
0
0
0
0
0
0
0
0
0
0
0
0
0
0
0
0
0
0
0
0
0
0
0
0
0
0
0
0
0
0
0
0
0
0
0
0
0
0
0
5.920000e+01
60
5.340000e+01
5.340000e+01
0
0
62
62
62
70
70
93
93
95
91
87
87
90
90
90
107
99
93
95
105
93
93
95
95
0
93
93
0
0
84
80
79
79
97
8.280000e+01
0
0
0
0
0
0
0
0
0
0
0
0
0
0
0
0
0
0
0
0
0
0
0
0
0
0
0
0
0
0
0
0
0
0
0
0
0
0
0
0
0
0
0
0
0
0
0
0
0
0
0
0
0
0
0
0
0
0
0
0
0
0
0
0
0
0
0
0
0
0
0
0
0
0
0
0
0
0
0
0
0
0
0
0
0
0
0
0
0
0
0
0
0
0
0
0
0
0
0
0
0
0
0
0
0
0
0
0
0
0
0
0
0
0
0
0
5.760000e+01
5.561000e+01
5.417000e+01
5.168000e+01
5.409000e+01
5.963000e+01
5.773000e+01
5.647000e+01
5.633000e+01
0
6.708000e+01
6.166000e+01
6.087000e+01
0
5.724000e+01
5.588000e+01
5.523000e+01
5.632000e+01
5.651000e+01
5.713000e+01
5.938000e+01
5.442000e+01
5.271000e+01
5.247000e+01
5.217000e+01
6.510000e+01
7.470000e+01
6.912000e+01
6.390000e+01
0
0
5.424000e+01
4.895000e+01
3.898000e+01
3.833000e+01
4.122000e+01
3.920000e+01
3.822000e+01
3.890000e+01
3.930000e+01
3.820000e+01
3.845000e+01
3.842000e+01
3.807000e+01
3.582000e+01
3.391000e+01
2.796000e+01
1.996000e+01
19
1.977000e+01
2.060000e+01
2.403000e+01
2.183000e+01
2.492000e+01
2.465000e+01
2.401000e+01
2.407000e+01
2.437000e+01
2.122000e+01
1.622000e+01
2.887000e+01
4.040000e+01
4.225000e+01
4.330000e+01
4.286000e+01
4.531000e+01
2.945000e+01
3.990000e+01
2.523000e+01
3.764000e+01
4.156000e+01
4.037000e+01
4.089000e+01
4.040000e+01
3.982000e+01
4.086000e+01
4.186000e+01
4.216000e+01
4.232000e+01
4.067000e+01
4.067000e+01
3.970000e+01
3.801000e+01
3.855000e+01
3.879000e+01
3.979000e+01
3.867000e+01
3.766000e+01
3.681000e+01
3.939000e+01
3.962000e+01
4.126000e+01
4.216000e+01
4.052000e+01
4.035000e+01
4.035000e+01
4.062000e+01
4.032000e+01
4.252000e+01
2.511000e+01
3.830000e+01
4.040000e+01
3.890000e+01
3.860000e+01
4.183000e+01
4.034000e+01
3.957000e+01
4.032000e+01
3.944000e+01
3.805000e+01
3.961000e+01
3.957000e+01
4.070000e+01
4.223000e+01
5.306000e+01
6.345000e+01
5.855000e+01
5.819000e+01
5.711000e+01
4.448000e+01
4.006000e+01
4.029000e+01
4.614000e+01
4.046000e+01
3.051000e+01
3.691000e+01
4.376000e+01
4.586000e+01
4.264000e+01
4.331000e+01
5.265000e+01
4.673000e+01
4.132000e+01
3.615000e+01
5.081000e+01
48
5.006000e+01
4.990000e+01
5.018000e+01
5.054000e+01
5.197000e+01
5.405000e+01
5.395000e+01
5.511000e+01
5.636000e+01
5.268000e+01
5.461000e+01
5.682000e+01
5.786000e+01
5.650000e+01
5.475000e+01
6.244000e+01
4.738000e+01
5.542000e+01
5.141000e+01
4.723000e+01
5.157000e+01
5.183000e+01
4.810000e+01
5.212000e+01
0
0
0
0
0
0
0
0
0
0
0
0
0
0
0
0
0
0
0
0
0
0
0
0
8.540000e+01
6.088000e+01
8.575000e+01
9.160000e+01
9.180000e+01
1.062000e+02
7.480000e+01
9.780000e+01
6.690000e+01
9.844000e+01
110
7.886000e+01
9.785000e+01
8.971000e+01
8.937000e+01
8.582000e+01
8.231000e+01
8.254000e+01
7.723000e+01
6.839000e+01
8.574000e+01
8.415000e+01
8.920000e+01
7.883000e+01
7.670000e+01
8.160000e+01
7.620000e+01
74
6.520000e+01
6.024000e+01
7.090000e+01
7.370000e+01
7.290000e+01
7.176000e+01
7.530000e+01
8.113000e+01
8.626000e+01
8.878000e+01
8.391000e+01
8.249000e+01
8.280000e+01
8.290000e+01
8.736000e+01
8.481000e+01
8.723000e+01
8.909000e+01
8.878000e+01
9.279000e+01
8.958000e+01
9.190000e+01
8.553000e+01
8.931000e+01
9.561000e+01
9.718000e+01
9.750000e+01
1.041000e+02
9.221000e+01
8.980000e+01
9.483000e+01
9.802000e+01
103
1.024000e+02
1.010200e+02
1.053800e+02
1.075900e+02
1.100500e+02
1.186400e+02
1.238400e+02
1.261900e+02
1.245400e+02
1.247200e+02
1.179300e+02
1.139500e+02
1.150700e+02
1.178500e+02
5.147000e+01
1.978000e+01
0
0
0
0
5.618000e+01
7.040000e+01
7.323000e+01
7.616000e+01
8.210000e+01
8.711000e+01
9.505000e+01
9.646000e+01
9.954000e+01
1.022000e+02
1.076800e+02
1.157000e+02
1.226600e+02
1.264500e+02
1.304800e+02
1.337200e+02
1.377200e+02
1.394500e+02
1.444900e+02
1.477500e+02
1.494000e+02
1.458800e+02
1.568500e+02
1.609900e+02
1.643600e+02
1.683200e+02
1.727800e+02
1.781600e+02
1.831400e+02
1.862600e+02
1.893000e+02
1.924100e+02
1.913300e+02
1.871510e+02
1.903800e+02
1.943800e+02
1.945500e+02
1.913900e+02
1.919800e+02
1.961500e+02
1.948100e+02
1.950500e+02
1.946900e+02
1.876100e+02
1.787600e+02
1.799800e+02
1.799600e+02
1.817300e+02
1.790600e+02
179
1.834900e+02
1.850800e+02
1.852800e+02
1.860900e+02
1.868400e+02
1.898400e+02
1.927800e+02
1.908700e+02
1.914900e+02
1.913800e+02
1.935700e+02
1.972600e+02
1.959200e+02
1.960200e+02
1.948100e+02
1.951300e+02
1.915400e+02
2.019500e+02
2.078500e+02
2.063700e+02
2.084000e+02
2.167900e+02
2.166900e+02
2.160500e+02
2.185900e+02
2.232300e+02
2.123400e+02
2.064100e+02
2.137100e+02
2.168000e+02
2.206800e+02
2.214100e+02
2.237700e+02
2.231400e+02
2.245800e+02
2.270300e+02
2.268000e+02
2.262300e+02
2.264100e+02
2.264800e+02
2.214800e+02
2.100500e+02
2.110700e+02
2.114300e+02
2.128200e+02
2.165000e+02
2.138300e+02
2.133300e+02
2.184300e+02
2.212400e+02
2.339600e+02
2.401900e+02
2.439100e+02
2.454200e+02
2.470800e+02
2.458000e+02
2.470500e+02
2.497200e+02
2.538900e+02
2.546600e+02
2.575800e+02
2.431200e+02
2.393800e+02
2.505000e+02
2.521000e+02
2.551000e+02
2.582000e+02
2.591000e+02
262
260
260
2.639000e+02
267
2.644300e+02
2.693000e+02
270
2.718800e+02
2.728200e+02
2.870800e+02
2.879000e+02
2.861800e+02
2.891700e+02
2.873800e+02
296
2.901700e+02
2.842800e+02
2.969200e+02
2.940600e+02
2.925200e+02
2.871200e+02
3.071400e+02
3.063300e+02
305
304
3.046800e+02
3.070500e+02
3.031700e+02
3.001300e+02
2.997500e+02
3.003200e+02
3.002300e+02
297
2.957800e+02
2.959000e+02
2.975600e+02
2.981800e+02
2.986600e+02
290
2.986000e+02
2.991000e+02
3.259800e+02
3.036300e+02
3.041800e+02
3.027200e+02
3.024500e+02
3.007500e+02
2.974900e+02
2.964900e+02
2.977300e+02
2.991600e+02
3.038100e+02
2.987600e+02
2.940300e+02
2.952200e+02
2.944500e+02
2.971000e+02
3.047400e+02
3.032600e+02
302
2.993100e+02
2.996900e+02
3.071400e+02
3.091300e+02
3.087800e+02
3.008800e+02
2.995800e+02
2.142900e+02
1.749400e+02
1.640400e+02
0
0
0
0
0
0
0
0
0
1.497800e+02
2.520100e+02
1.948000e+02
1.802700e+02
1.739900e+02
1.943700e+02
1.965300e+02
1.983600e+02
2.000900e+02
2.009300e+02
2.024600e+02
2.047800e+02
2.066700e+02
2.089500e+02
2.100200e+02
2.090800e+02
2.103300e+02
2.111500e+02
2.122600e+02
2.104400e+02
2.110400e+02
2.126400e+02
2.120200e+02
2.088700e+02
2.062200e+02
2.069700e+02
0
0
2.124200e+02
2.138200e+02
2.150100e+02
2.151700e+02
217
2.166000e+02
2.169300e+02
2.144300e+02
2.148900e+02
2.162300e+02
2.190100e+02
2.197500e+02
2.191400e+02
2.187500e+02
2.168700e+02
2.133600e+02
2.172200e+02
2.203800e+02
2.207600e+02
2.212500e+02
2.226500e+02
2.209900e+02
2.216700e+02
2.236600e+02
2.235300e+02
2.229300e+02
2.217800e+02
2.223100e+02
2.280700e+02
2.377400e+02
2.403400e+02
3.492700e+02
3.492700e+02
3.492700e+02
3.492700e+02
3.492700e+02
3.492700e+02
3.284600e+02
3.228800e+02
3.228800e+02
3.228800e+02
3.228800e+02
3.336900e+02
3.312700e+02
3.228900e+02
3.203600e+02
3.203600e+02
3.203600e+02
3.203600e+02
3.276900e+02
3.269100e+02
3.255600e+02
3.237900e+02
3.207200e+02
3.207200e+02
3.207200e+02
3.193700e+02
3.191800e+02
3.163000e+02
3.164700e+02
2.940900e+02
2.940900e+02
2.940900e+02
2.445400e+02
2.577200e+02
2.827200e+02
2.827200e+02
2.860300e+02
2.860300e+02
2.860300e+02
2.678800e+02
2.044200e+02
1.806600e+02
1.722600e+02
1.678400e+02
1.678400e+02
1.678400e+02
1.641200e+02
1.632400e+02
1.646200e+02
1.651400e+02
1.662800e+02
1.662800e+02
1.662800e+02
1.656300e+02
1.667300e+02
1.697200e+02
1.658600e+02
1.664800e+02
1.664800e+02
1.664800e+02
1.714200e+02
1.690600e+02
1.720900e+02
1.692400e+02
1.576700e+02
1.576700e+02
1.576700e+02
2.191300e+02
1.521600e+02
1.229500e+02
1.164000e+02
1.168800e+02
1.168800e+02
1.168800e+02
1.168800e+02
1.123100e+02
1.123100e+02
1.108100e+02
1.108100e+02
1.108100e+02
1.108100e+02
1.075700e+02
1.115000e+02
1.132400e+02
1.096000e+02
1.070400e+02
1.070400e+02
2.448900e+02
2.464400e+02
2.505200e+02
2.573100e+02
2.631800e+02
2.669300e+02
2.709400e+02
2.684100e+02
2.717000e+02
2.734700e+02
2.761000e+02
2.788700e+02
2.876500e+02
2.898500e+02
2.942700e+02
2.925300e+02
2.924200e+02
2.919500e+02
2.915000e+02
2.932500e+02
2.915100e+02
2.891600e+02
2.891600e+02
292
2.889700e+02
2.891000e+02
2.915100e+02
2.923300e+02
2.927400e+02
2.910800e+02
2.914000e+02
2.924400e+02
2.881400e+02
2.858800e+02
2.841600e+02
2.789700e+02
2.774200e+02
2.776500e+02
2.776500e+02
2.776500e+02
2.723100e+02
2.717900e+02
2.768900e+02
2.772900e+02
2.819500e+02
2.842900e+02
2.855800e+02
2.876100e+02
2.897000e+02
2.905700e+02
2.905700e+02
2.934000e+02
2.950500e+02
2.880100e+02
2.869700e+02
2.904100e+02
2.893700e+02
2.863400e+02
2.881000e+02
2.811600e+02
2.885800e+02
2.838400e+02
2.816000e+02
2.812700e+02
2.802300e+02
2.808700e+02
2.819000e+02
2.816100e+02
2.780400e+02
2.832900e+02
283
2.830400e+02
2.827300e+02
2.818100e+02
2.809600e+02
2.815200e+02
2.753200e+02
2.713000e+02
2.705600e+02
2.702600e+02
2.718500e+02
2.402800e+02
2.796400e+02
2.808000e+02
2.819700e+02
2.829200e+02
2.864900e+02
2.841000e+02
2.833200e+02
2.771200e+02
2.837600e+02
2.881200e+02
2.798000e+02
2.730300e+02
2.849500e+02
287
2.867500e+02
2.876100e+02
2.921100e+02
1.941600e+02
2.862400e+02
2.809000e+02
2.809000e+02
2.856400e+02
2.878500e+02
2.882600e+02
2.818000e+02
2.835300e+02
2.839700e+02
2.861600e+02
2.863000e+02
2.855000e+02
2.839400e+02
2.857100e+02
2.826300e+02
2.807500e+02
2.786700e+02
2.775700e+02
2.775700e+02
2.775700e+02
2.807600e+02
2.804900e+02
2.802700e+02
2.760700e+02
2.726000e+02
2.729100e+02
2.733500e+02
2.702300e+02
2.337200e+02
2.728000e+02
2.714100e+02
2.785200e+02
2.785200e+02
2.685600e+02
2.682900e+02
2.689200e+02
2.695300e+02
2.695300e+02
1.768900e+02
1.729500e+02
1.639800e+02
2.333500e+02
2.447600e+02
2.521900e+02
2.580500e+02
2.626100e+02
2.658200e+02
2.723500e+02
2.713500e+02
2.713500e+02
2.713500e+02
2.524300e+02
3.524300e+02
2.531400e+02
2.499100e+02
2.494200e+02
2.494200e+02
2.435800e+02
2.204900e+02
2.516000e+02
2.518000e+02
2.565000e+02
2.590800e+02
2.576900e+02
2.569500e+02
2.559500e+02
254
2.534400e+02
2.567700e+02
2.574400e+02
0
2.189300e+02
2.535500e+02
2.580900e+02
2.591000e+02
2.604300e+02
2.576300e+02
2.596800e+02
2.566800e+02
2.577500e+02
2.577600e+02
2.600500e+02
2.617900e+02
2.627700e+02
2.618800e+02
2.582500e+02
2.575900e+02
2.575700e+02
2.596600e+02
2.621100e+02
2.595500e+02
2.595500e+02
2.595500e+02
1.612100e+02
1.621200e+02
0
2.121700e+02
2.390700e+02
2.400600e+02
2.406200e+02
2.488200e+02
1.761300e+02
2.241500e+02
2.473100e+02
2.425400e+02
2.406300e+02
2.389100e+02
2.386500e+02
2.456200e+02
2.418700e+02
2.408000e+02
2.394400e+02
2.387300e+02
2.479300e+02
2.587700e+02
2.540900e+02
2.664100e+02
2.568000e+02
2.520600e+02
2.534200e+02
2.463000e+02
2.396700e+02
2.314500e+02
2.236500e+02
2.142600e+02
2.054300e+02
2.027800e+02
2.029500e+02
2.037200e+02
2.082300e+02
2.091800e+02
2.059800e+02
2.036300e+02
2.018500e+02
2.019900e+02
2.016800e+02
2.003200e+02
1.980300e+02
1.959500e+02
1.943200e+02
1.931800e+02
1.929500e+02
1.906800e+02
1.871900e+02
1.791100e+02
1.761400e+02
1.725900e+02
1.708300e+02
1.705400e+02
1.744800e+02
1.805700e+02
1.879000e+02
1.933500e+02
1.968200e+02
1.971300e+02
2.051600e+02
2.112400e+02
2.166700e+02
2.273600e+02
2.314000e+02
2.345200e+02
2.349700e+02
2.924300e+02
2.914700e+02
1.902700e+02
2.201300e+02
2.223000e+02
2.393000e+02
2.411600e+02
2.416700e+02
2.414700e+02
2.420100e+02
2.427600e+02
2.435500e+02
2.441700e+02
2.494900e+02
2.417100e+02
2.379400e+02
2.393800e+02
2.442405e+02
2.446641e+02
2.651100e+02
2.706800e+02
2.772000e+02
2.639100e+02
2.489600e+02
2.489600e+02
2.489600e+02
2.717400e+02
2.782900e+02
2.705200e+02
2.585400e+02
2.561900e+02
2.561900e+02
2.561900e+02
2.738800e+02
2.774800e+02
2.797400e+02
2.862400e+02
2.919100e+02
2.919100e+02
2.919100e+02
2.969300e+02
2.852100e+02
2.618000e+02
2.798800e+02
2.844600e+02
2.844600e+02
2.844600e+02
2.966600e+02
2.966600e+02
2.966600e+02
3.028900e+02
3.067000e+02
3.067000e+02
3.067000e+02
3.067000e+02
3.098000e+02
3.098000e+02
3.098000e+02
3.025300e+02
3.025300e+02
3.025300e+02
3.023000e+02
3.104800e+02
3.076400e+02
3.067600e+02
3.069100e+02
3.084800e+02
3.085600e+02
3.077100e+02
3.077100e+02
3.049200e+02
3.051700e+02
3.108600e+02
3.088300e+02
3.082400e+02
3.064600e+02
3.104300e+02
3.090300e+02
3.152900e+02
3.075500e+02
3.059400e+02
2.962400e+02
2.962400e+02
2.962400e+02
2.844500e+02
2.814500e+02
2.812900e+02
2.812900e+02
2.812900e+02
3.052800e+02
3.022500e+02
3.101000e+02
2.972500e+02
2.978600e+02
2.978600e+02
2.978600e+02
2.990700e+02
2.915600e+02
2.801000e+02
2.801000e+02
2.925200e+02
2.925200e+02
2.925200e+02
2.840300e+02
2.840300e+02
2.488400e+02
3.002500e+02
3.076200e+02
3.076200e+02
3.076200e+02
3.149300e+02
3.020300e+02
3.022000e+02
2.977300e+02
3.041900e+02
3.041900e+02
3.041900e+02
3.081100e+02
2.896500e+02
2.856800e+02
2.664400e+02
2.893300e+02
2.893300e+02
2.893300e+02
3.095800e+02
2.903300e+02
2.953400e+02
2.873900e+02
2.839000e+02
2.839000e+02
2.839000e+02
2.910500e+02
2.575700e+02
2.575700e+02
2.989300e+02
3.009100e+02
3.009100e+02
3.009100e+02
3.038500e+02
2.884900e+02
2.837000e+02
2.777800e+02
2.921700e+02
2.921700e+02
2.921700e+02
2.936800e+02
2.863200e+02
2.845700e+02
2.945300e+02
2.957600e+02
2.957600e+02
2.957600e+02
2.864000e+02
2.810400e+02
2.758500e+02
2.892200e+02
2.750500e+02
2.750500e+02
2.750500e+02
2.750500e+02
2.521000e+02
2.552500e+02
2.754200e+02
2.808500e+02
2.808500e+02
2.808500e+02
2.653800e+02
2.646300e+02
2.578700e+02
2.581100e+02
2.609500e+02
2.609500e+02
2.609500e+02
2.673700e+02
2.673700e+02
2.624800e+02
2.757500e+02
2.741900e+02
2.741900e+02
2.741900e+02
2.686500e+02
2.639900e+02
2.639900e+02
2.639900e+02
2.639900e+02
2.639900e+02
2.639900e+02
2.941000e+02
2.894400e+02
2.775200e+02
2.701400e+02
2.703200e+02
2.703200e+02
2.703200e+02
2.605100e+02
2.718700e+02
2.667800e+02
2.665100e+02
2.516400e+02
2.516400e+02
2.516400e+02
2.571200e+02
2.525000e+02
2.533700e+02
2.533700e+02
1.877100e+02
1.877100e+02
1.877100e+02
1.482400e+02
2.105500e+02
2.409300e+02
2.409300e+02
2.566900e+02
2.566900e+02
2.566900e+02
2.431200e+02
2.431200e+02
2.431200e+02
2.431200e+02
1.738200e+02
1.738200e+02
1.738200e+02
1.733100e+02
1.950900e+02
2.321500e+02
2.759600e+02
2.907800e+02
2.907800e+02
2.907800e+02
3.193900e+02
3.262000e+02
2.980400e+02
2.980400e+02
2.980400e+02
2.980400e+02
2.980400e+02
2.522500e+02
2.522500e+02
2.522500e+02
2.345500e+02
2.311300e+02
2.311300e+02
2.311300e+02
2.311300e+02
2.464200e+02
2.495400e+02
2.495400e+02
2.344000e+02
2.344000e+02
2.344000e+02
2.338700e+02
2.329600e+02
2.248600e+02
2.248600e+02
2.248600e+02
2.248600e+02
2.248600e+02
2.248600e+02
2.248600e+02
2.248600e+02
2.248600e+02
2.248600e+02
2.248600e+02
2.248600e+02
2.016300e+02
1.455000e+02
1.965900e+02
1.965900e+02
1.965900e+02
1.965900e+02
1.965900e+02
1.897800e+02
1.922000e+02
204
204
164
164
164
164
164
1.718000e+02
1.739500e+02
1.739500e+02
1.739500e+02
1.739500e+02
1.656000e+02
1.665600e+02
1.611000e+02
1.651400e+02
1.636400e+02
1.636400e+02
1.636400e+02
160
155
156
156
156
0
0
0
7.936000e+01
8.029000e+01
1.128000e+02
1.420100e+02
1.420100e+02
1.420100e+02
1.707100e+02
2.114300e+02
2.114300e+02
3.243600e+02
3.243600e+02
3.243600e+02
3.243600e+02
3.793100e+02
3.793100e+02
312
3.716700e+02
3.716700e+02
3.716700e+02
3.716700e+02
3.518900e+02
3.492700e+02
3.492700e+02
1.070400e+02
1.029000e+02
1.016000e+02
1.016000e+02
9.936000e+01
9.978000e+01
9.978000e+01
9.978000e+01
99
1.109400e+02
1.152000e+02
1.120800e+02
1.130100e+02
1.130100e+02
1.130100e+02
1.102100e+02
1.105700e+02
1.095900e+02
1.076300e+02
1.098500e+02
1.098500e+02
1.098500e+02
1.073400e+02
1.087600e+02
1.092300e+02
1.077400e+02
1.079100e+02
1.079100e+02
1.079100e+02
1.041900e+02
1.041900e+02
1.060100e+02
9.653000e+01
8.915000e+01
8.915000e+01
8.915000e+01
8.792000e+01
8.787000e+01
8.668000e+01
4.738000e+01
8.764000e+01
8.764000e+01
8.764000e+01
8.070000e+01
8.233000e+01
7.698000e+01
9.004000e+01
9.988000e+01
9.988000e+01
9.988000e+01
1.084300e+02
1.138800e+02
1.159500e+02
1.278400e+02
1.804400e+02
1.804400e+02
1.804400e+02
1.084700e+02
1.120100e+02
1.092500e+02
1.104100e+02
9.641000e+01
9.641000e+01
9.641000e+01
1.149500e+02
1.121700e+02
1.731000e+02
1.601400e+02
1.601400e+02
1.601400e+02
1.601400e+02
1.807500e+02
1.997100e+02
2.156500e+02
2.274800e+02
1.119700e+02
1.119700e+02
1.119700e+02
8.273000e+01
8.056000e+01
7.814000e+01
7.524000e+01
7.158000e+01
7.158000e+01
7.158000e+01
7.202000e+01
6.957000e+01
0
0
0
0
0
0
0
0
0
1.759800e+02
1.759800e+02
1.759800e+02
1.623700e+02
1.623700e+02
7.322000e+01
7.322000e+01
7.190000e+01
7.190000e+01
7.190000e+01
6.779000e+01
6.779000e+01
6.170000e+01
6.170000e+01
6.322000e+01
6.322000e+01
6.322000e+01
6.264000e+01
6.264000e+01
6.264000e+01
6.264000e+01
6.264000e+01
6.264000e+01
6.437000e+01
6.437000e+01
6.385000e+01
6.385000e+01
6.385000e+01
6.195000e+01
6.195000e+01
6.195000e+01
6.455000e+01
6.455000e+01
6.455000e+01
6.455000e+01
6.375000e+01
6.375000e+01
6.375000e+01
6.375000e+01
6.375000e+01
6.375000e+01
6.252000e+01
6.252000e+01
6.252000e+01
6.252000e+01
6.093000e+01
6.093000e+01
6.092000e+01
6.092000e+01
6.208000e+01
6.208000e+01
6.208000e+01
6.208000e+01
6.208000e+01
6.138500e+01
6.138500e+01
6.090000e+01
6.090000e+01
6.090000e+01
6.116000e+01
6.116000e+01
6.210000e+01
6.210000e+01
1.104300e+02
1.104300e+02
1.104300e+02
6.278000e+01
6.278000e+01
5.759000e+01
5.759000e+01
6.361000e+01
6.361000e+01
6.361000e+01
6.171000e+01
6.171000e+01
6.095000e+01
6.095000e+01
6.101000e+01
6.101000e+01
6.101000e+01
6.349000e+01
6.349000e+01
6.131000e+01
6.131000e+01
5.808000e+01
5.808000e+01
5.808000e+01
7.170000e+01
7.170000e+01
7.159000e+01
7.159000e+01
7.159000e+01
7.159000e+01
7.159000e+01
7.916000e+01
7.916000e+01
7.767000e+01
7.767000e+01
7.767000e+01
7.767000e+01
7.767000e+01
6.611000e+01
6.611000e+01
6.611000e+01
6.611000e+01
6.594000e+01
6.594000e+01
6.594000e+01
6.594000e+01
6.594000e+01
6.594000e+01
6.594000e+01
6.594000e+01
6.594000e+01
6.594000e+01
6.594000e+01
6.594000e+01
6.594000e+01
6.594000e+01
6.594000e+01
6.594000e+01
6.594000e+01
5.730000e+01
5.730000e+01
5.730000e+01
5.730000e+01
5.730000e+01
5.730000e+01
5.730000e+01
5.730000e+01
5.730000e+01
5.730000e+01
5.730000e+01
5.730000e+01
5.730000e+01
5.730000e+01
5.730000e+01
5.730000e+01
5.730000e+01
5.730000e+01
5.730000e+01
5.730000e+01
5.730000e+01
5.563000e+01
5.563000e+01
5.981000e+01
5.981000e+01
6.017000e+01
6.017000e+01
6.017000e+01
6.017000e+01
6.017000e+01
6.017000e+01
6.017000e+01
5.517000e+01
5.517000e+01
5.517000e+01
5.506000e+01
5.506000e+01
5.633000e+01
5.633000e+01
5.621000e+01
5.621000e+01
5.621000e+01
5.773000e+01
5.773000e+01
5.773000e+01
5.773000e+01
5.375000e+01
5.375000e+01
5.375000e+01
5.191000e+01
5.191000e+01
5.346000e+01
5.346000e+01
5.483000e+01
5.483000e+01
5.483000e+01
5.076000e+01
5.076000e+01
5.076000e+01
5.076000e+01
5.076000e+01
5.076000e+01
5.076000e+01
5.076000e+01
5.076000e+01
5.076000e+01
5.076000e+01
5.061000e+01
5.061000e+01
5.061000e+01
5.075000e+01
5.075000e+01
4.622000e+01
4.622000e+01
4.622000e+01
5.050000e+01
5.050000e+01
5.050000e+01
5.050000e+01
5.050000e+01
5.050000e+01
5.050000e+01
5.050000e+01
5.050000e+01
5.050000e+01
5.050000e+01
6.758000e+01
6.758000e+01
6.833000e+01
6.833000e+01
6.833000e+01
6.833000e+01
6.833000e+01
5.003000e+01
5.003000e+01
4.987000e+01
4.987000e+01
4.987000e+01
4.910000e+01
4.910000e+01
4.913000e+01
4.913000e+01
4.837000e+01
4.837000e+01
4.837000e+01
4.716000e+01
4.716000e+01
4.705000e+01
4.705000e+01
4.492000e+01
4.492000e+01
4.492000e+01
4.492000e+01
4.492000e+01
4.474000e+01
4.474000e+01
4.401000e+01
4.401000e+01
4.401000e+01
4.264000e+01
4.264000e+01
4.148000e+01
4.148000e+01
4.558000e+01
4.558000e+01
4.558000e+01
4.558000e+01
4.558000e+01
3.273000e+01
3.273000e+01
3.296000e+01
3.296000e+01
3.296000e+01
3.513000e+01
3.513000e+01
3.337000e+01
3.337000e+01
2.865000e+01
2.865000e+01
2.865000e+01
2.865000e+01
2.865000e+01
2.865000e+01
2.865000e+01
2.865000e+01
2.865000e+01
2.865000e+01
2.484000e+01
2.484000e+01
2.952000e+01
2.952000e+01
2.636000e+01
2.636000e+01
2.636000e+01
2.636000e+01
2.636000e+01
2.636000e+01
2.636000e+01
2.255000e+01
2.255000e+01
2.255000e+01
2.368000e+01
2.368000e+01
2.368000e+01
2.368000e+01
2.368000e+01
2.368000e+01
2.368000e+01
2.368000e+01
2.368000e+01
2.368000e+01
3.177000e+01
3.108000e+01
3.108000e+01
3.108000e+01
2.894000e+01
2.894000e+01
3.890000e+01
3.890000e+01
2.852000e+01
2.852000e+01
2.852000e+01
2.852000e+01
2.852000e+01
3.094000e+01
3.094000e+01
3.041000e+01
3.041000e+01
3.041000e+01
3.014000e+01
3.014000e+01
3.014000e+01
3.014000e+01
3.678000e+01
3.678000e+01
3.678000e+01
3.678000e+01
3.678000e+01
32
32
2.317000e+01
2.317000e+01
2.317000e+01
2.899000e+01
2.899000e+01
2.733000e+01
2.733000e+01
3.072000e+01
3.072000e+01
3.072000e+01
3.072000e+01
3.072000e+01
3.683000e+01
3.683000e+01
3.683000e+01
3.683000e+01
3.683000e+01
3.270000e+01
3.270000e+01
3.270000e+01
3.270000e+01
30
30
30
30
30
3.332000e+01
3.332000e+01
3.332000e+01
3.332000e+01
3.332000e+01
3.332000e+01
3.332000e+01
2.650000e+01
2.650000e+01
3.528000e+01
3.528000e+01
3.528000e+01
3.528000e+01
3.528000e+01
3.315000e+01
3.315000e+01
2.926000e+01
2.926000e+01
2.926000e+01
2.926000e+01
2.926000e+01
3.535000e+01
3.535000e+01
3.535000e+01
3.535000e+01
3.535000e+01
3.432000e+01
3.432000e+01
3.414000e+01
3.414000e+01
3.526000e+01
3.526000e+01
3.526000e+01
3.526000e+01
3.526000e+01
3.526000e+01
3.526000e+01
3.382000e+01
3.382000e+01
3.382000e+01
3.382000e+01
3.382000e+01
3.068000e+01
3.068000e+01
36
36
36
3.559000e+01
3.559000e+01
3.559000e+01
3.559000e+01
36
36
36
36
36
3.454000e+01
3.454000e+01
3.355000e+01
3.355000e+01
3.355000e+01
3.355000e+01
3.355000e+01
3.489000e+01
3.489000e+01
3.626000e+01
3.626000e+01
3.626000e+01
3.626000e+01
3.626000e+01
2.555000e+01
2.555000e+01
3.473000e+01
3.473000e+01
3.473000e+01
2.780000e+01
2.780000e+01
2.918000e+01
2.918000e+01
2.851000e+01
2.851000e+01
2.851000e+01
2.851000e+01
2.851000e+01
3.015000e+01
3.015000e+01
3.568000e+01
3.568000e+01
3.568000e+01
2.956000e+01
2.956000e+01
2.956000e+01
2.956000e+01
2.956000e+01
2.956000e+01
2.956000e+01
2.956000e+01
2.956000e+01
2.938000e+01
2.938000e+01
1.938000e+01
1.938000e+01
1.938000e+01
1.938000e+01
1.938000e+01
1.938000e+01
1.938000e+01
1.938000e+01
1.938000e+01
1.938000e+01
1.938000e+01
1.938000e+01
2.374000e+01
2.374000e+01
2.387400e+01
2.387400e+01
2.387400e+01
2.387400e+01
2.387400e+01
2.387400e+01
2.387400e+01
3.505000e+01
3.505000e+01
3.704000e+01
3.704000e+01
3.289000e+01
3.289000e+01
3.289000e+01
3.289000e+01
3.289000e+01
2.155000e+01
2.155000e+01
2.451000e+01
2.451000e+01
2.451000e+01
2.451000e+01
2.451000e+01
3.328000e+01
3.328000e+01
3.328000e+01
3.328000e+01
3.328000e+01
3.328000e+01
3.328000e+01
2.995000e+01
2.995000e+01
2.953000e+01
2.953000e+01
2.953000e+01
3.442000e+01
3.442000e+01
3.442000e+01
3.442000e+01
3.442000e+01
3.442000e+01
3.442000e+01
3.442000e+01
3.442000e+01
3.442000e+01
3.442000e+01
3.442000e+01
3.442000e+01
3.442000e+01
3.442000e+01
3.442000e+01
3.442000e+01
3.442000e+01
3.442000e+01
3.442000e+01
3.442000e+01
3.442000e+01
3.442000e+01
3.442000e+01
4.008000e+01
4.008000e+01
4.008000e+01
4.008000e+01
4.008000e+01
4.008000e+01
4.008000e+01
4.008000e+01
4.008000e+01
4.008000e+01
4.008000e+01
4.008000e+01
3.709000e+01
3.709000e+01
3.709000e+01
3.709000e+01
3.709000e+01
3.709000e+01
3.709000e+01
3.709000e+01
3.727000e+01
3.727000e+01
3.727000e+01
3.727000e+01
3.727000e+01
3.727000e+01
3.727000e+01
3.901000e+01
3.901000e+01
3.987000e+01
3.987000e+01
3.987000e+01
4.005000e+01
4.005000e+01
3.815000e+01
3.815000e+01
3.469000e+01
3.469000e+01
3.469000e+01
3.469000e+01
3.469000e+01
3.468000e+01
3.468000e+01
3.718000e+01
3.718000e+01
3.718000e+01
3.702000e+01
3.702000e+01
3.702000e+01
3.702000e+01
1.150000e+01
1.150000e+01
1.150000e+01
1.150000e+01
1.150000e+01
1.866000e+01
1.866000e+01
1.866000e+01
1.866000e+01
1.866000e+01
1.353000e+01
1.353000e+01
2.322000e+01
2.322000e+01
2.322000e+01
2.322000e+01
2.322000e+01
2.322000e+01
2.322000e+01
3.441000e+01
3.441000e+01
3.946000e+01
3.946000e+01
3.946000e+01
3.566000e+01
3.566000e+01
4.371000e+01
4.371000e+01
4.371000e+01
4.371000e+01
4.371000e+01
4.371000e+01
4.371000e+01
3.778000e+01
3.778000e+01
3.817000e+01
3.817000e+01
3.817000e+01
3.822000e+01
3.822000e+01
3.794000e+01
3.794000e+01
3.794000e+01
3.794000e+01
3.794000e+01
3.737000e+01
3.737000e+01
3.509000e+01
3.509000e+01
3.358000e+01
3.358000e+01
3.358000e+01
3.336000e+01
3.336000e+01
3.223000e+01
3.223000e+01
3.403000e+01
3.403000e+01
3.403000e+01
3.344000e+01
3.344000e+01
3.344000e+01
3.344000e+01
3.181000e+01
3.181000e+01
3.181000e+01
3.276000e+01
3.276000e+01
3.216000e+01
3.216000e+01
3.205000e+01
3.205000e+01
3.205000e+01
3.205000e+01
3.205000e+01
3.177000e+01
3.177000e+01
3.002000e+01
3.002000e+01
3.002000e+01
2.896000e+01
2.896000e+01
2.895000e+01
2.895000e+01
2.916000e+01
2.916000e+01
2.916000e+01
2.916000e+01
2.916000e+01
2.992000e+01
2.992000e+01
3.097000e+01
3.097000e+01
3.097000e+01
2.913000e+01
2.913000e+01
2.950000e+01
2.950000e+01
3.010000e+01
3.010000e+01
3.010000e+01
3.010000e+01
3.010000e+01
3.010000e+01
3.010000e+01
3.012000e+01
3.012000e+01
3.012000e+01
2.917000e+01
2.917000e+01
2.989000e+01
2.989000e+01
2.995000e+01
2.995000e+01
2.995000e+01
2.995000e+01
2.995000e+01
2.781000e+01
2.781000e+01
2.781000e+01
2.781000e+01
2.781000e+01
2.781000e+01
2.781000e+01
2.854000e+01
2.854000e+01
3.234000e+01
3.234000e+01
3.234000e+01
3.234000e+01
3.234000e+01
2.856000e+01
2.856000e+01
2.656000e+01
2.656000e+01
2.656000e+01
2.669000e+01
2.669000e+01
2.573000e+01
2.573000e+01
2.491000e+01
2.491000e+01
2.491000e+01
2.491000e+01
2.491000e+01
2.631000e+01
2.631000e+01
2.631000e+01
2.631000e+01
2.631000e+01
2.577000e+01
2.577000e+01
2.340000e+01
2.402000e+01
2.402000e+01
2.402000e+01
2.402000e+01
2.402000e+01
2.402000e+01
2.548000e+01
2.548000e+01
2.462000e+01
2.462000e+01
2.462000e+01
2.464000e+01
2.464000e+01
2.464000e+01
2.444000e+01
2.166000e+01
2.166000e+01
2.166000e+01
2.322000e+01
2.322000e+01
2.342000e+01
2.342000e+01
2.344000e+01
2.344000e+01
2.344000e+01
2.313000e+01
2.313000e+01
3.169000e+01
3.169000e+01
3.222000e+01
3.222000e+01
3.222000e+01
2.389000e+01
2.389000e+01
2.586000e+01
2.586000e+01
2.586000e+01
2.586000e+01
2.586000e+01
2.488000e+01
2.488000e+01
2.422000e+01
2.422000e+01
2.422000e+01
2.422000e+01
2.422000e+01
2.422000e+01
2.422000e+01
1.291000e+01
1.291000e+01
6.290000e+00
6.290000e+00
6.290000e+00
0
0
0
0
1.092000e+01
1.092000e+01
1.092000e+01
1.224000e+01
1.224000e+01
1.373000e+01
1.373000e+01
1.434000e+01
1.434000e+01
1.434000e+01
1.387000e+01
1.387000e+01
1.693000e+01
1.693000e+01
1.693000e+01
1.693000e+01
1.693000e+01
1.693000e+01
1.693000e+01
2.899000e+01
2.899000e+01
2.899000e+01
2.899000e+01
2.899000e+01
2.899000e+01
2.899000e+01
2.623000e+01
2.623000e+01
2.623000e+01
2.623000e+01
2.623000e+01
2.623000e+01
2.623000e+01
2.544000e+01
2.544000e+01
2.267000e+01
2.267000e+01
2.267000e+01
2.449000e+01
2.449000e+01
2.360000e+01
2.360000e+01
2.527000e+01
2.527000e+01
2.527000e+01
1.175000e+01
1.175000e+01
2.419000e+01
2.419000e+01
2.737000e+01
0
0
2.887000e+01
2.887000e+01
2.857000e+01
2.857000e+01
2.719000e+01
2.719000e+01
2.719000e+01
2.719000e+01
2.719000e+01
2.719000e+01
2.719000e+01
2.719000e+01
2.719000e+01
2.719000e+01
2.438000e+01
2.438000e+01
2.708000e+01
2.708000e+01
2.641000e+01
2.641000e+01
2.641000e+01
2.641000e+01
2.641000e+01
2.641000e+01
2.641000e+01
2.419000e+01
2.419000e+01
2.419000e+01
2.419000e+01
2.419000e+01
2.419000e+01
2.419000e+01
2.419000e+01
2.419000e+01
2.419000e+01
2.419000e+01
2.419000e+01
2.419000e+01
2.419000e+01
2.419000e+01
2.419000e+01
2.419000e+01
2.419000e+01
2.419000e+01
2.603000e+01
2.603000e+01
2.752000e+01
2.752000e+01
2.752000e+01
2.581000e+01
2.581000e+01
2.220000e+01
2.220000e+01
2.698000e+01
2.698000e+01
2.698000e+01
3.051000e+01
3.051000e+01
3.051000e+01
3.051000e+01
3.051000e+01
3.051000e+01
3.051000e+01
3.051000e+01
3.051000e+01
1.982000e+01
1.982000e+01
1.982000e+01
1.982000e+01
1.982000e+01
2.966000e+01
2.966000e+01
2.966000e+01
2.966000e+01
2.966000e+01
2.966000e+01
2.966000e+01
2.966000e+01
2.966000e+01
2.953000e+01
2.953000e+01
2.956000e+01
2.956000e+01
2.956000e+01
2.956000e+01
2.956000e+01
2.956000e+01
2.956000e+01
2.956000e+01
2.956000e+01
2.956000e+01
2.956000e+01
2.956000e+01
2.956000e+01
2.956000e+01
2.956000e+01
2.956000e+01
2.956000e+01
2.956000e+01
2.956000e+01
2.956000e+01
2.956000e+01
2.956000e+01
2.956000e+01
2.956000e+01
2.956000e+01
2.956000e+01
2.956000e+01
2.956000e+01
2.956000e+01
2.956000e+01
2.956000e+01
2.956000e+01
2.956000e+01
2.956000e+01
2.956000e+01
2.956000e+01
2.956000e+01
2.956000e+01
2.956000e+01
2.956000e+01
2.956000e+01
2.956000e+01
2.956000e+01
2.956000e+01
2.956000e+01
2.956000e+01
2.956000e+01
2.956000e+01
2.956000e+01
2.956000e+01
2.477000e+01
2.477000e+01
2.477000e+01
2.477000e+01
2.477000e+01
2.477000e+01
2.477000e+01
2.477000e+01
2.477000e+01
2.477000e+01
2.477000e+01
2.477000e+01
2.477000e+01
2.477000e+01
2.477000e+01
2.477000e+01
2.477000e+01
2.477000e+01
2.477000e+01
2.477000e+01
2.477000e+01
2.158000e+01
2.158000e+01
2.057000e+01
2.057000e+01
2.057000e+01
2.057000e+01
2.057000e+01
2.057000e+01
2.057000e+01
2.057000e+01
2.057000e+01
2.057000e+01
2.057000e+01
2.057000e+01
2.057000e+01
2.057000e+01
2.057000e+01
2.057000e+01
2.057000e+01
2.057000e+01
2.057000e+01
2.057000e+01
2.057000e+01
2.057000e+01
2.057000e+01
2.057000e+01
2.057000e+01
2.057000e+01
2.057000e+01
2.057000e+01
2.057000e+01
2.057000e+01
2.057000e+01
2.057000e+01
2.057000e+01
2.057000e+01
2.057000e+01
2.057000e+01
2.057000e+01
2.057000e+01
2.101000e+01
2.101000e+01
2.101000e+01
2.101000e+01
2.101000e+01
2.101000e+01
2.101000e+01
2.101000e+01
2.101000e+01
2.186000e+01
2.186000e+01
2.152000e+01
2.152000e+01
2.152000e+01
2.152000e+01
2.152000e+01
2.208000e+01
2.208000e+01
2.184000e+01
2.184000e+01
2.184000e+01
2.184000e+01
2.184000e+01
2.184000e+01
2.184000e+01
2.184000e+01
2.184000e+01
2.184000e+01
2.096000e+01
2.096000e+01
2.096000e+01
2.096000e+01
2.121000e+01
2.121000e+01
2.121000e+01
2.121000e+01
2.121000e+01
2.121000e+01
2.121000e+01
2.121000e+01
2.121000e+01
2.121000e+01
2.121000e+01
2.121000e+01
2.046000e+01
2.046000e+01
2.142000e+01
2.142000e+01
2.142000e+01
2.142000e+01
2.142000e+01
2.114000e+01
2.114000e+01
2.146000e+01
2.146000e+01
2.146000e+01
2.146000e+01
2.146000e+01
2.146000e+01
2.146000e+01
2.146000e+01
2.146000e+01
2.146000e+01
2.146000e+01
2.146000e+01
2.146000e+01
2.146000e+01
2.015000e+01
2.015000e+01
2.015000e+01
2.015000e+01
2.015000e+01
2.015000e+01
2.015000e+01
2.015000e+01
2.015000e+01
2.015000e+01
2.015000e+01
2.015000e+01
2.239000e+01
2.239000e+01
2.239000e+01
2.239000e+01
2.239000e+01
2.239000e+01
2.239000e+01
2.239000e+01
2.239000e+01
2.196000e+01
2.196000e+01
2.196000e+01
2.168000e+01
2.168000e+01
2.285000e+01
2.285000e+01
2.007000e+01
2.007000e+01
2.007000e+01
2.007000e+01
2.007000e+01
2.010000e+01
2.010000e+01
2.010000e+01
2.010000e+01
2.010000e+01
2.010000e+01
2.010000e+01
2.077000e+01
2.077000e+01
2.077000e+01
2.077000e+01
2.077000e+01
1.091000e+01
1.091000e+01
1.091000e+01
1.091000e+01
1.091000e+01
1.091000e+01
1.091000e+01
1.091000e+01
1.091000e+01
1.887000e+01
1.887000e+01
1.887000e+01
1.887000e+01
1.887000e+01
1.887000e+01
1.887000e+01
1.887000e+01
1.887000e+01
1.887000e+01
1.887000e+01
1.887000e+01
1.887000e+01
1.887000e+01
1.887000e+01
1.887000e+01
1.887000e+01
1.887000e+01
1.887000e+01
1.887000e+01
1.887000e+01
1.887000e+01
1.887000e+01
1.887000e+01
1.887000e+01
1.887000e+01
1.887000e+01
1.887000e+01
1.887000e+01
1.887000e+01
1.887000e+01
1.887000e+01
1.887000e+01
1.887000e+01
1.887000e+01
1.887000e+01
1.887000e+01
1.887000e+01
1.887000e+01
1.887000e+01
1.887000e+01
1.887000e+01
1.887000e+01
1.887000e+01
1.887000e+01
1.887000e+01
1.887000e+01
1.887000e+01
1.887000e+01
1.887000e+01
1.887000e+01
1.887000e+01
1.887000e+01
1.887000e+01
2.517000e+01
2.517000e+01
2.517000e+01
2.517000e+01
1.557000e+01
1.557000e+01
1.557000e+01
1.557000e+01
1.557000e+01
2.272000e+01
2.272000e+01
2.272000e+01
2.272000e+01
2.272000e+01
2.036000e+01
2.036000e+01
3.071000e+01
3.071000e+01
1.791000e+01
1.791000e+01
1.791000e+01
1.449000e+01
1.449000e+01
1.427000e+01
1.427000e+01
2.910000e+00
2.910000e+00
2.910000e+00
2.723000e+01
2.723000e+01
1.936000e+01
1.936000e+01
2.111000e+01
2.111000e+01
2.111000e+01
2.662000e+01
2.662000e+01
2.207000e+01
2.207000e+01
1.947000e+01
1.947000e+01
1.947000e+01
1.947000e+01
1.947000e+01
1.947000e+01
1.947000e+01
1.947000e+01
1.947000e+01
1.947000e+01
2.218000e+01
2.218000e+01
2.157000e+01
2.157000e+01
2.157000e+01
2.157000e+01
2.157000e+01
2.094000e+01
2.094000e+01
1.919000e+01
1.919000e+01
2.169000e+01
2.169000e+01
2.169000e+01
1.095000e+01
1.095000e+01
1.971000e+01
1.971000e+01
2.210000e+01
2.210000e+01
2.210000e+01
2.454000e+01
2.454000e+01
2.454000e+01
2.454000e+01
2.454000e+01
