0
0
0
0
0
0
0
0
0
0
0
0
0
0
0
0
0
0
0
0
0
0
0
0
0
0
0
0
0
0
0
0
0
0
0
0
0
0
0
0
0
0
0
0
0
0
0
0
0
0
0
0
0
0
0
0
0
0
0
0
0
0
0
0
0
0
0
0
0
0
0
0
0
0
0
0
0
0
0
0
0
0
0
0
0
0
0
0
0
0
0
0
0
0
0
0
0
0
0
0
0
0
0
0
0
0
0
0
0
0
0
0
0
0
0
0
0
0
0
0
0
0
0
0
0
0
0
0
0
0
0
0
0
0
0
0
0
0
0
0
0
0
0
0
0
0
0
0
0
0
0
0
0
0
0
0
0
0
0
0
0
0
0
0
0
0
0
0
0
0
0
0
0
0
0
0
0
0
0
0
0
0
0
0
0
0
0
0
0
0
0
0
0
0
0
0
0
0
0
0
0
0
0
0
0
0
0
0
0
0
0
0
0
0
0
0
0
0
0
0
0
0
0
0
0
0
0
0
0
0
0
0
0
0
0
0
0
0
0
0
0
0
0
0
0
0
0
0
0
0
0
0
0
0
0
0
0
0
0
0
0
0
0
0
0
0
0
0
0
0
0
0
0
0
0
0
0
0
0
0
0
0
0
0
0
0
0
0
0
0
0
0
0
0
0
0
0
0
0
0
0
0
0
0
0
0
0
0
0
0
0
0
0
0
0
0
0
0
0
0
0
0
0
0
0
0
0
0
0
0
0
0
0
0
0
0
0
0
0
0
0
0
0
0
0
0
0
0
0
0
0
0
0
0
0
0
0
0
0
0
0
0
0
0
0
0
0
0
0
0
0
0
0
0
0
0
0
0
0
0
0
0
0
0
0
0
0
0
0
0
0
0
0
0
0
0
0
0
0
0
0
0
0
0
0
0
0
0
0
0
0
0
0
0
0
0
0
0
0
0
0
0
0
0
0
0
0
0
0
0
0
0
0
0
0
0
0
0
0
0
0
0
0
0
0
0
0
0
0
0
0
0
0
0
0
0
0
0
0
0
0
0
0
0
0
0
0
0
0
0
0
0
0
0
0
0
0
0
0
0
0
0
0
0
0
0
0
0
0
0
0
0
0
0
0
0
0
0
0
0
0
0
0
0
0
0
0
0
0
0
0
0
0
0
0
0
0
0
0
0
0
0
0
0
0
0
0
0
0
0
0
0
0
0
0
0
0
0
0
0
0
0
0
0
0
0
0
0
0
0
0
0
0
0
0
0
0
0
0
0
0
0
0
0
0
0
0
0
0
0
0
0
0
0
0
0
0
0
0
0
0
0
0
0
0
0
0
0
0
0
0
0
0
0
0
0
0
0
0
0
0
0
0
0
0
0
0
0
0
0
0
0
0
0
0
0
0
0
0
0
0
0
0
0
0
0
0
0
0
0
0
0
0
0
0
0
0
0
0
0
0
0
0
0
0
0
0
0
0
0
0
0
0
0
0
0
0
0
0
0
0
0
0
0
0
0
0
0
0
0
0
0
0
0
0
0
0
0
0
0
0
0
0
0
0
0
0
0
0
0
0
0
0
0
0
0
0
0
0
0
0
0
0
0
0
0
0
0
0
0
0
0
0
0
0
0
0
0
0
0
0
0
0
0
0
0
0
0
0
0
0
0
0
0
0
0
0
0
0
0
0
0
0
0
0
0
0
0
0
0
0
0
0
0
0
0
0
0
0
0
0
0
0
0
0
0
0
0
0
0
0
0
0
0
0
0
0
0
0
0
0
0
0
0
0
0
0
0
0
0
0
0
0
0
0
0
0
0
0
0
0
0
0
0
0
0
0
0
0
0
0
0
0
0
0
0
0
0
0
0
0
0
0
0
0
0
0
0
0
0
0
0
0
0
0
0
0
0
0
0
0
0
0
0
0
0
0
0
0
0
0
0
0
0
0
0
0
0
0
0
0
0
0
0
0
0
0
0
0
0
0
0
0
0
0
0
0
0
0
0
0
0
0
0
0
0
0
0
0
0
0
0
0
0
0
0
0
0
0
0
0
0
0
0
0
0
0
0
0
0
0
0
0
0
0
0
0
0
0
0
0
0
0
0
0
0
0
0
0
0
0
0
0
0
0
0
0
0
0
0
0
0
0
0
0
0
0
0
0
0
0
0
0
0
0
0
0
0
0
0
0
0
0
0
0
0
0
0
0
0
0
0
0
0
0
0
0
0
0
0
0
0
0
0
0
0
0
0
0
0
0
0
0
0
0
0
0
0
0
0
0
0
0
0
0
0
0
0
0
0
0
0
0
0
0
0
0
0
0
0
0
0
0
0
0
0
0
0
0
0
0
0
0
0
0
0
0
0
0
0
0
0
0
0
0
0
0
0
0
0
0
0
0
0
0
0
0
0
0
0
0
0
0
0
0
0
0
0
0
0
0
0
0
0
0
0
0
0
0
0
0
0
0
0
0
0
0
0
0
0
0
0
0
0
0
0
0
0
0
0
0
0
0
0
0
0
0
0
0
0
0
0
0
0
0
0
0
0
0
0
0
0
0
0
0
0
0
0
0
0
0
0
0
0
0
0
0
0
0
0
0
0
0
0
0
0
0
0
0
0
0
0
0
0
0
0
0
0
0
0
0
0
0
0
0
0
0
0
0
0
0
0
0
0
0
0
0
0
0
0
0
0
0
0
0
0
0
0
0
0
0
0
0
0
0
0
0
0
0
0
0
0
0
0
0
0
0
0
0
0
0
0
0
0
0
0
0
0
0
0
0
0
0
0
0
0
0
0
0
0
0
0
0
0
0
0
0
0
0
0
0
0
0
0
0
0
0
0
0
0
0
0
0
0
0
0
0
0
0
0
0
0
0
0
0
0
0
0
0
0
0
0
0
0
0
0
0
0
0
0
0
0
0
0
0
0
0
0
0
0
0
0
0
0
0
0
0
0
0
0
0
0
0
0
0
0
0
0
0
0
0
0
0
0
0
0
0
0
0
0
0
0
0
0
0
0
0
0
0
0
0
0
0
0
0
0
0
0
0
0
0
0
0
0
0
0
0
0
0
0
0
0
0
0
0
0
0
0
0
0
0
0
0
0
0
0
0
0
0
0
0
0
0
0
0
0
0
0
0
0
0
0
0
0
0
0
0
0
0
0
0
0
0
0
0
0
0
0
0
0
0
0
0
0
0
0
0
0
0
0
0
0
0
0
0
0
0
0
0
0
0
0
0
0
0
0
0
0
0
0
0
0
0
0
0
0
0
0
0
0
0
0
0
0
0
0
0
0
0
0
0
0
0
0
0
0
0
0
0
0
0
0
0
0
0
0
0
0
0
0
0
0
0
0
0
0
0
0
0
0
0
0
0
0
0
1.802000e+01
3.483000e+01
4.442000e+01
3.358000e+01
1.608000e+01
1.608000e+01
1.608000e+01
6.452000e+01
3.972000e+01
2.824000e+01
2.995000e+01
4.018000e+01
4.018000e+01
4.018000e+01
3.392000e+01
2.652000e+01
4.834000e+01
1.661000e+01
2.883000e+01
2.883000e+01
2.883000e+01
1.800000e-01
7.550000e+00
8.350000e+00
1.521000e+01
2.341000e+01
2.341000e+01
2.341000e+01
4.316000e+01
4.929000e+01
4.929000e+01
4.929000e+01
6.063000e+01
6.063000e+01
6.063000e+01
7.775000e+01
8.820000e+01
8.820000e+01
1.043900e+02
1.141600e+02
1.141600e+02
1.141600e+02
9.610000e+00
9.610000e+00
9.610000e+00
9.610000e+00
9.610000e+00
9.610000e+00
9.610000e+00
2.478200e+02
2.798200e+02
1.709100e+02
8.805000e+01
4.034000e+02
4.034000e+02
4.034000e+02
4.436800e+02
4.436800e+02
4.436800e+02
4.436800e+02
4.436800e+02
4.436800e+02
4.436800e+02
8.868900e+02
8.868900e+02
8.868900e+02
1.494500e+02
1.494500e+02
1.494500e+02
1.494500e+02
4.567900e+02
4.567900e+02
4.567900e+02
4.567900e+02
4.567900e+02
4.567900e+02
4.567900e+02
2.939000e+01
2.939000e+01
2.939000e+01
3.156000e+01
3.191000e+01
3.191000e+01
3.191000e+01
4.306100e+02
4.306100e+02
4.306100e+02
4.306100e+02
4.306100e+02
4.306100e+02
4.306100e+02
5.871900e+02
5.871900e+02
5.790600e+02
5.790600e+02
6.263900e+02
6.263900e+02
6.263900e+02
6.487200e+02
6.487200e+02
6.487200e+02
6.487200e+02
6.487200e+02
6.487200e+02
6.487200e+02
7.300800e+02
7.300800e+02
7.727300e+02
7.727300e+02
7.727300e+02
7.727300e+02
7.727300e+02
8.343900e+02
8.343900e+02
7.468300e+02
7.468300e+02
6.818100e+02
6.818100e+02
6.818100e+02
6.818100e+02
6.818100e+02
6.214200e+02
6.214200e+02
6.305300e+02
6.305300e+02
6.305300e+02
3.853200e+02
3.853200e+02
0
0
0
0
0
1.321400e+02
1.321400e+02
1.238400e+02
1.238400e+02
1.171200e+02
1.171200e+02
1.171200e+02
1.074700e+02
1.074700e+02
1.067300e+02
1.067300e+02
1.067300e+02
1.067300e+02
1.067300e+02
1.034700e+02
1.034700e+02
1.018900e+02
1.018900e+02
1.018900e+02
1.018900e+02
1.018900e+02
1.031900e+02
1.031900e+02
1.030800e+02
1.030800e+02
1.030800e+02
1.030800e+02
1.030800e+02
1.030800e+02
1.030800e+02
1.012200e+02
1.012200e+02
1.004400e+02
1.004400e+02
1.004400e+02
9.545000e+01
9.545000e+01
9.373000e+01
9.373000e+01
9.119000e+01
9.119000e+01
9.119000e+01
9.119000e+01
9.119000e+01
9.119000e+01
9.119000e+01
9.119000e+01
9.119000e+01
9.119000e+01
9.119000e+01
9.119000e+01
9.119000e+01
9.119000e+01
9.119000e+01
9.119000e+01
9.119000e+01
7.626000e+01
7.626000e+01
7.703000e+01
7.703000e+01
7.855000e+01
7.855000e+01
7.855000e+01
8.123000e+01
8.123000e+01
8.123000e+01
8.123000e+01
8.123000e+01
8.123000e+01
8.123000e+01
8.538000e+01
8.538000e+01
8.560000e+01
8.560000e+01
8.850000e+01
8.850000e+01
8.850000e+01
9.090000e+01
9.090000e+01
9.227000e+01
9.227000e+01
9.227000e+01
9.227000e+01
9.227000e+01
9.227000e+01
9.227000e+01
8.802000e+01
8.802000e+01
8.802000e+01
8.802000e+01
8.802000e+01
9.009000e+01
9.009000e+01
9.209000e+01
9.209000e+01
9.384000e+01
9.384000e+01
9.384000e+01
9.573000e+01
9.573000e+01
9.573000e+01
9.573000e+01
9.382000e+01
9.382000e+01
9.382000e+01
9.473000e+01
9.473000e+01
9.714000e+01
9.714000e+01
9.573000e+01
9.573000e+01
9.573000e+01
9.715000e+01
9.715000e+01
9.715000e+01
9.715000e+01
9.715000e+01
9.715000e+01
9.715000e+01
9.715000e+01
9.715000e+01
9.715000e+01
9.715000e+01
1.003100e+02
1.003100e+02
1.003100e+02
9.982000e+01
9.982000e+01
3.302800e+02
3.302800e+02
5.473300e+02
5.473300e+02
5.473300e+02
6.995900e+02
6.995900e+02
8.016200e+02
8.016200e+02
8.948100e+02
8.948100e+02
8.948100e+02
8.948100e+02
8.948100e+02
1.001170e+03
1.001170e+03
1.007080e+03
1.007080e+03
1.007080e+03
9.892500e+02
9.892500e+02
9.545300e+02
9.545300e+02
9.560800e+02
9.560800e+02
9.560800e+02
9.756500e+02
9.756500e+02
9.803100e+02
9.803100e+02
9.783300e+02
9.783300e+02
9.783300e+02
1.043090e+03
1.043090e+03
1.043090e+03
1.043090e+03
1.096590e+03
1.096590e+03
1.096590e+03
1.112680e+03
1.112680e+03
9.911400e+02
9.911400e+02
9.911400e+02
9.911400e+02
9.911400e+02
1.016510e+03
1.016510e+03
9.933600e+02
9.933600e+02
9.933600e+02
9.933600e+02
9.933600e+02
9.611100e+02
9.611100e+02
8.430600e+02
8.430600e+02
3.460800e+02
3.460800e+02
3.460800e+02
9.186400e+02
9.186400e+02
9.186400e+02
9.186400e+02
9.186400e+02
9.186400e+02
9.186400e+02
8.323600e+02
8.323600e+02
8.323600e+02
8.323600e+02
8.323600e+02
8.323600e+02
8.323600e+02
1.090980e+03
1.090980e+03
1.098500e+03
1.098500e+03
1.098500e+03
1.098500e+03
1.098500e+03
1.098500e+03
1.098500e+03
1.120290e+03
1.120290e+03
1.120290e+03
1.120290e+03
1.120290e+03
1.125140e+03
1.125140e+03
1.125140e+03
1.125140e+03
1.125140e+03
1.125140e+03
1.125140e+03
1.140670e+03
1.140670e+03
1.140670e+03
1.140670e+03
1.140670e+03
1.140670e+03
1.140670e+03
1.124220e+03
1.124220e+03
1.577300e+02
1.577300e+02
3.883700e+02
3.883700e+02
3.883700e+02
3.618400e+02
3.618400e+02
3.618400e+02
3.618400e+02
3.618400e+02
3.618400e+02
3.618400e+02
3.618400e+02
5.752500e+02
5.752500e+02
5.752500e+02
6.693400e+02
6.693400e+02
6.693400e+02
7.971500e+02
7.971500e+02
7.971500e+02
7.971500e+02
7.971500e+02
7.971500e+02
7.971500e+02
9.278800e+02
9.278800e+02
9.505800e+02
9.505800e+02
9.422200e+02
9.422200e+02
9.422200e+02
1.011710e+03
1.011710e+03
1.011710e+03
1.011710e+03
1.011710e+03
1.011710e+03
1.011710e+03
400
400
400
400
7.096800e+02
7.096800e+02
7.096800e+02
9.226100e+02
9.226100e+02
9.226100e+02
9.226100e+02
9.226100e+02
9.226100e+02
9.226100e+02
9.226100e+02
9.226100e+02
9.226100e+02
9.938500e+02
9.938500e+02
9.938500e+02
9.938500e+02
1.033870e+03
1.033870e+03
1.033870e+03
1.033870e+03
1.033870e+03
1.033870e+03
1.033870e+03
1.033870e+03
1.033870e+03
9.572800e+02
9.572800e+02
9.572800e+02
9.572800e+02
9.572800e+02
9.311300e+02
9.311300e+02
9.311300e+02
9.311300e+02
9.311300e+02
9.311300e+02
9.311300e+02
9.311300e+02
9.311300e+02
9.311300e+02
9.311300e+02
9.311300e+02
9.311300e+02
9.311300e+02
8.954300e+02
8.954300e+02
8.954300e+02
8.954300e+02
8.954300e+02
8.954300e+02
8.954300e+02
8.941500e+02
8.941500e+02
8.941500e+02
8.941500e+02
8.941500e+02
8.941500e+02
8.941500e+02
8.914300e+02
8.914300e+02
8.914300e+02
8.914300e+02
8.914300e+02
8.914300e+02
8.914300e+02
877
877
8.841900e+02
8.841900e+02
8.890200e+02
8.890200e+02
8.890200e+02
8.927200e+02
8.927200e+02
8.880100e+02
8.880100e+02
8.927500e+02
8.927500e+02
8.927500e+02
8.837400e+02
8.837400e+02
8.805600e+02
8.805600e+02
8.812100e+02
8.812100e+02
8.812100e+02
9.161100e+02
9.161100e+02
9.161100e+02
9.161100e+02
9.161100e+02
9.161100e+02
9.161100e+02
8.780500e+02
8.780500e+02
8.771100e+02
8.771100e+02
8.641000e+02
8.641000e+02
8.641000e+02
8.641000e+02
8.641000e+02
8.641000e+02
8.641000e+02
8.362900e+02
8.362900e+02
8.362900e+02
8.346400e+02
8.346400e+02
8.357400e+02
8.357400e+02
8.357400e+02
8.357400e+02
8.357400e+02
8.357400e+02
8.357400e+02
8.357400e+02
8.357400e+02
8.357400e+02
8.357400e+02
8.357400e+02
8.357400e+02
8.357400e+02
8.350100e+02
8.350100e+02
8.350100e+02
8.350100e+02
8.350100e+02
8.350100e+02
8.350100e+02
8.350100e+02
8.350100e+02
8.350100e+02
8.350100e+02
8.350100e+02
8.350100e+02
8.350100e+02
8.350100e+02
8.350100e+02
8.350100e+02
8.350100e+02
8.350100e+02
8.350100e+02
8.350100e+02
8.348600e+02
8.348600e+02
8.348600e+02
8.348600e+02
8.348600e+02
8.348600e+02
8.348600e+02
8.348600e+02
8.348600e+02
8.348600e+02
8.348600e+02
8.348600e+02
8.348600e+02
3.268600e+02
3.268600e+02
3.268600e+02
3.268600e+02
3.268600e+02
3.268600e+02
2.865800e+02
2.865800e+02
2.762200e+02
2.762200e+02
2.762200e+02
2.762200e+02
2.762200e+02
2.615800e+02
2.615800e+02
2.615800e+02
2.615800e+02
2.615800e+02
2.615800e+02
2.615800e+02
6.855900e+02
6.855900e+02
7.517300e+02
7.517300e+02
7.517500e+02
7.517500e+02
7.517500e+02
7.542500e+02
7.542500e+02
7.542500e+02
7.542500e+02
7.542500e+02
7.542500e+02
7.542500e+02
7.605000e+02
7.605000e+02
7.602700e+02
7.602700e+02
7.586000e+02
7.586000e+02
7.586000e+02
2.287000e+02
2.287000e+02
2.287000e+02
2.287000e+02
2.287000e+02
2.287000e+02
2.287000e+02
2.716000e+02
2.716000e+02
8.871600e+02
8.871600e+02
2.767900e+02
2.767900e+02
2.767900e+02
8.265800e+02
8.265800e+02
8.265800e+02
8.265800e+02
8.265800e+02
8.265800e+02
8.265800e+02
8.265800e+02
8.265800e+02
8.265800e+02
8.265800e+02
8.265800e+02
8.265800e+02
8.265800e+02
8.036400e+02
8.036400e+02
7.992200e+02
7.992200e+02
7.992200e+02
7.992200e+02
7.992200e+02
7.998400e+02
7.998400e+02
7.955900e+02
7.955900e+02
7.942000e+02
7.942000e+02
7.942000e+02
7.883700e+02
7.883700e+02
7.883700e+02
7.883700e+02
7.883700e+02
7.883700e+02
7.883700e+02
7.719300e+02
7.719300e+02
7.667600e+02
7.667600e+02
4.251800e+02
4.251800e+02
4.251800e+02
7.865100e+02
7.865100e+02
7.865100e+02
7.865100e+02
7.865100e+02
7.865100e+02
7.865100e+02
7.799700e+02
7.799700e+02
7.755700e+02
7.755700e+02
2.645600e+02
2.645600e+02
2.645600e+02
2.645600e+02
2.645600e+02
2.645600e+02
2.645600e+02
2.645600e+02
2.645600e+02
2.645600e+02
2.645600e+02
2.645600e+02
7.312700e+02
7.312700e+02
7.309300e+02
7.309300e+02
7.309300e+02
3.560100e+02
3.560100e+02
7.685900e+02
7.685900e+02
7.685900e+02
7.685900e+02
7.685900e+02
6.676900e+02
6.676900e+02
7.611100e+02
7.611100e+02
7.686800e+02
7.686800e+02
7.686800e+02
7.686800e+02
7.609100e+02
7.609100e+02
7.609100e+02
7.490800e+02
7.490800e+02
7.490800e+02
7.485500e+02
7.485500e+02
7.427900e+02
7.427900e+02
7.425100e+02
7.425100e+02
7.425100e+02
7.402200e+02
7.402200e+02
7.402200e+02
7.402200e+02
7.402200e+02
7.402200e+02
7.402200e+02
6.959300e+02
6.959300e+02
7.339200e+02
7.339200e+02
7.287200e+02
7.287200e+02
7.287200e+02
7.229700e+02
7.229700e+02
7.277700e+02
7.277700e+02
7.215300e+02
7.215300e+02
7.215300e+02
7.135900e+02
7.135900e+02
7.135900e+02
7.135900e+02
7.706000e+02
7.706000e+02
7.706000e+02
6.985800e+02
6.985800e+02
7.018000e+02
7.018000e+02
7.018000e+02
7.018000e+02
7.018000e+02
4.515700e+02
4.515700e+02
7.290500e+02
7.290500e+02
4.432700e+02
4.432700e+02
4.432700e+02
7.244700e+02
7.244700e+02
7.199500e+02
7.199500e+02
7.277500e+02
7.277500e+02
7.277500e+02
4.749000e+02
4.749000e+02
4.749000e+02
7.232400e+02
7.180300e+02
7.180300e+02
7.180300e+02
7.148100e+02
7.148100e+02
7.148100e+02
7.148100e+02
7.148100e+02
7.148100e+02
7.148100e+02
7.099100e+02
7.099100e+02
7.112400e+02
7.112400e+02
7.114600e+02
7.114600e+02
7.114600e+02
7.118500e+02
7.118500e+02
7.129200e+02
7.129200e+02
7.143400e+02
7.143400e+02
7.143400e+02
7.144200e+02
7.144200e+02
7.144700e+02
7.144700e+02
7.162800e+02
7.162800e+02
7.162800e+02
7.166700e+02
7.166700e+02
715
715
7.123300e+02
7.123300e+02
7.123300e+02
7.151500e+02
7.151500e+02
7.215900e+02
7.215900e+02
7.215900e+02
7.215900e+02
7.215900e+02
7.148200e+02
7.148200e+02
7.148200e+02
7.148200e+02
7.201700e+02
7.201700e+02
7.201700e+02
7.164900e+02
7.164900e+02
7.173600e+02
7.173600e+02
7.159300e+02
7.159300e+02
7.159300e+02
7.155500e+02
7.155500e+02
7.156100e+02
7.156100e+02
7.156100e+02
7.156100e+02
7.156100e+02
7.222100e+02
7.222100e+02
7.191200e+02
7.191200e+02
7.144100e+02
7.144100e+02
7.144100e+02
7.090800e+02
7.090800e+02
7.094200e+02
7.094200e+02
7.002700e+02
7.002700e+02
7.002700e+02
6.996500e+02
6.996500e+02
701
701
701
701
701
7.004000e+02
7.004000e+02
6.996100e+02
6.996100e+02
6.949000e+02
6.949000e+02
6.949000e+02
6.969800e+02
6.969800e+02
6.976500e+02
6.976500e+02
6.775800e+02
6.775800e+02
6.775800e+02
3.247500e+02
3.247500e+02
3.247500e+02
3.247500e+02
3.247500e+02
3.247500e+02
3.247500e+02
7.012700e+02
7.012700e+02
7.006500e+02
7.006500e+02
6.939600e+02
6.939600e+02
6.939600e+02
6.977900e+02
6.977900e+02
6.977900e+02
6.977900e+02
6.924700e+02
6.924700e+02
6.924700e+02
6.907700e+02
6.907700e+02
6.908500e+02
6.908500e+02
6.908500e+02
6.908500e+02
6.908500e+02
6.920200e+02
6.920200e+02
6.937800e+02
6.937800e+02
6.875800e+02
6.875800e+02
6.875800e+02
7.127000e+02
7.127000e+02
7.283200e+02
7.283200e+02
7.144100e+02
7.144100e+02
7.144100e+02
7.043200e+02
7.043200e+02
696
696
6.979700e+02
6.979700e+02
6.979700e+02
6.956800e+02
6.956800e+02
6.956800e+02
6.956800e+02
6.956400e+02
6.956400e+02
6.956400e+02
6.977400e+02
6.977400e+02
6.977400e+02
6.977400e+02
6.977400e+02
6.977400e+02
6.977400e+02
7.056400e+02
7.056400e+02
7.079700e+02
7.079700e+02
7.079700e+02
7.079700e+02
7.079700e+02
7.128900e+02
7.128900e+02
7.137900e+02
7.137900e+02
7.194200e+02
7.194200e+02
7.194200e+02
7.389600e+02
7.389600e+02
7.460200e+02
7.460200e+02
7.330900e+02
7.330900e+02
7.330900e+02
7.194000e+02
7.194000e+02
7.163500e+02
7.163500e+02
7.163500e+02
7.163500e+02
7.163500e+02
7.163500e+02
7.163500e+02
7.189800e+02
7.189800e+02
7.189800e+02
7.189800e+02
7.189800e+02
7.249300e+02
7.249300e+02
7.251600e+02
7.251600e+02
7.288200e+02
7.288200e+02
7.288200e+02
7.322000e+02
7.322000e+02
7.340600e+02
7.340600e+02
7.329100e+02
7.329100e+02
7.329100e+02
7.288000e+02
7.288000e+02
7.284700e+02
7.284700e+02
7.284700e+02
7.284700e+02
7.284700e+02
7.367600e+02
7.367600e+02
7.303900e+02
7.303900e+02
7.303900e+02
7.303900e+02
7.303900e+02
7.380600e+02
7.380600e+02
7.368600e+02
7.368600e+02
7.364700e+02
7.364700e+02
7.364700e+02
7.492900e+02
7.492900e+02
7.378600e+02
7.378600e+02
7.378600e+02
7.378600e+02
7.378600e+02
7.378600e+02
7.378600e+02
7.407000e+02
7.407000e+02
7.337400e+02
7.337400e+02
7.337400e+02
7.360800e+02
7.360800e+02
7.363100e+02
7.363100e+02
7.363100e+02
7.363100e+02
7.363100e+02
7.520800e+02
7.520800e+02
748
748
748
748
748
7.484000e+02
7.484000e+02
7.472500e+02
7.472500e+02
7.472500e+02
7.472500e+02
7.472500e+02
7.565800e+02
7.565800e+02
7.575300e+02
7.575300e+02
7.575300e+02
7.575300e+02
7.575300e+02
7.569600e+02
7.569600e+02
7.597300e+02
7.597300e+02
7.597300e+02
7.597300e+02
7.597300e+02
7.571500e+02
7.571500e+02
7.596200e+02
7.596200e+02
7.596200e+02
7.596200e+02
7.596200e+02
7.634500e+02
7.634500e+02
7.619100e+02
7.619100e+02
7.619100e+02
7.619100e+02
7.619100e+02
7.633400e+02
7.633400e+02
7.633400e+02
7.633400e+02
7.649600e+02
7.649600e+02
7.649600e+02
7.666900e+02
7.666900e+02
7.631400e+02
7.631400e+02
7.631400e+02
7.631400e+02
7.631400e+02
7.631400e+02
7.631400e+02
7.637400e+02
7.637400e+02
7.637400e+02
7.637400e+02
7.637400e+02
7.658700e+02
7.658700e+02
7.658700e+02
7.658700e+02
7.731400e+02
7.731400e+02
7.731400e+02
7.717900e+02
7.717900e+02
7.711500e+02
7.711500e+02
7.745400e+02
7.745400e+02
7.745400e+02
7.740200e+02
7.740200e+02
7.732600e+02
7.732600e+02
7.732600e+02
7.732600e+02
7.732600e+02
7.525300e+02
7.525300e+02
7.877400e+02
7.877400e+02
7.813200e+02
7.813200e+02
7.813200e+02
7.810500e+02
7.810500e+02
7.811000e+02
7.811000e+02
7.811000e+02
7.811000e+02
7.811000e+02
7.859800e+02
7.859800e+02
7.895700e+02
7.895700e+02
7.987300e+02
7.987300e+02
7.987300e+02
7.987300e+02
7.987300e+02
7.987300e+02
7.987300e+02
7.987300e+02
7.987300e+02
7.987300e+02
7.988800e+02
7.988800e+02
7.896400e+02
7.896400e+02
7.924600e+02
7.924600e+02
7.924600e+02
7.924600e+02
7.924600e+02
7.964000e+02
7.964000e+02
7.964000e+02
7.964000e+02
7.964000e+02
2.941800e+02
2.941800e+02
7.924800e+02
7.924800e+02
7.905700e+02
7.905700e+02
7.905700e+02
7.905700e+02
7.905700e+02
7.905700e+02
7.905700e+02
7.905700e+02
7.905700e+02
7.905700e+02
7.833400e+02
7.833400e+02
7.833400e+02
7.833400e+02
7.833400e+02
7.833400e+02
7.833400e+02
7.858500e+02
7.858500e+02
7.832600e+02
7.832600e+02
7.832200e+02
7.832200e+02
7.832200e+02
780
780
773
773
775
775
775
775
775
771
771
766
766
766
710
710
650
650
650
650
650
441
441
441
441
441
441
441
3.755200e+02
3.755200e+02
3.313100e+02
3.313100e+02
3.538800e+02
3.538800e+02
3.538800e+02
2.993200e+02
2.993200e+02
2.861900e+02
2.861900e+02
3.155000e+02
3.155000e+02
3.155000e+02
3.061400e+02
3.061400e+02
3.061400e+02
3.061400e+02
2.788600e+02
2.788600e+02
2.788600e+02
2.681100e+02
2.681100e+02
2.692300e+02
2.692300e+02
2.807800e+02
2.807800e+02
2.807800e+02
2.810200e+02
2.810200e+02
2.790800e+02
2.790800e+02
2.775600e+02
2.775600e+02
2.775600e+02
2.759200e+02
2.759200e+02
2.759200e+02
2.759200e+02
2.750600e+02
2.750600e+02
2.750600e+02
2.780800e+02
2.780800e+02
2.780800e+02
2.780800e+02
2.764400e+02
2.764400e+02
2.764400e+02
2.752100e+02
2.752100e+02
2.731500e+02
2.731500e+02
2.697800e+02
2.697800e+02
2.697800e+02
2.713100e+02
2.713100e+02
2.721700e+02
2.721700e+02
2.721700e+02
2.721700e+02
2.721700e+02
2.690800e+02
2.690800e+02
2.683900e+02
2.683900e+02
2.696800e+02
2.696800e+02
2.696800e+02
2.742000e+02
2.742000e+02
2.736500e+02
2.736500e+02
2.739800e+02
2.739800e+02
2.739800e+02
2.727400e+02
2.727400e+02
2.744800e+02
2.744800e+02
2.734500e+02
2.734500e+02
2.734500e+02
2.746700e+02
2.746700e+02
2.746700e+02
2.746700e+02
2.719300e+02
2.719300e+02
2.719300e+02
2.679400e+02
2.679400e+02
2.715400e+02
2.715400e+02
2.649000e+02
2.649000e+02
2.649000e+02
2.649000e+02
2.649000e+02
2.649000e+02
2.649000e+02
2.649000e+02
2.649000e+02
2.649000e+02
2.577600e+02
2.577600e+02
2.582000e+02
2.582000e+02
2.582000e+02
2.582000e+02
2.582000e+02
2.564900e+02
2.564900e+02
2.567700e+02
2.567700e+02
255
255
255
3.545300e+02
3.545300e+02
2.537300e+02
2.537300e+02
2.522000e+02
2.522000e+02
2.522000e+02
2.516000e+02
2.516000e+02
2.507600e+02
2.507600e+02
2.507600e+02
