0
0
0
0
0
0
0
0
0
0
0
0
0
0
0
0
0
0
0
0
0
0
0
0
0
0
0
0
0
0
0
0
0
0
0
0
0
0
0
0
0
0
0
0
0
0
0
0
0
0
0
0
0
0
0
0
0
0
0
0
0
0
0
0
0
0
0
0
0
0
0
0
0
0
0
0
0
0
0
0
0
0
0
0
0
0
0
0
0
0
0
0
0
0
0
0
0
0
0
0
0
0
0
0
0
0
0
0
0
0
0
0
0
0
0
0
0
0
0
0
0
0
0
0
0
0
0
0
0
0
0
0
0
0
0
0
0
0
0
0
0
0
0
0
0
0
0
0
0
0
0
0
0
0
0
0
0
0
0
0
0
0
0
0
0
0
0
0
0
0
0
0
0
0
0
0
0
0
0
0
0
0
0
0
0
0
0
0
0
0
0
0
0
0
0
0
0
0
0
0
0
0
0
0
0
0
0
0
0
0
0
0
0
0
0
0
0
0
0
0
0
0
0
0
0
0
0
0
0
0
0
0
0
0
0
0
0
0
0
0
0
0
0
0
0
0
0
0
0
0
0
0
0
0
0
0
0
0
0
0
0
0
0
0
0
0
0
0
0
0
0
0
0
0
0
0
0
0
0
0
0
0
0
0
0
0
0
0
0
0
0
0
0
0
0
0
0
0
0
0
0
0
0
0
0
0
0
0
0
0
0
0
0
0
0
0
0
0
0
0
0
0
0
0
0
0
0
0
0
0
0
0
0
0
0
0
0
0
0
0
0
0
0
0
0
0
0
0
0
0
0
0
0
0
0
0
0
0
0
0
0
0
0
0
0
0
0
0
0
0
0
0
0
0
0
0
0
0
0
0
0
0
0
0
0
0
0
0
0
0
0
0
0
0
0
0
0
0
0
0
0
0
0
0
0
0
0
0
0
0
0
0
0
0
0
0
0
0
0
0
0
0
0
0
0
0
0
0
0
0
0
0
0
0
0
0
0
0
0
0
0
0
0
0
0
0
0
0
0
0
0
0
0
0
0
0
0
0
0
0
0
0
0
0
0
0
0
0
0
0
0
0
0
0
0
0
0
0
0
0
0
0
0
0
0
0
0
0
0
0
0
0
0
0
0
0
0
0
0
0
0
0
0
0
0
0
0
0
0
0
0
0
0
0
0
0
0
0
0
0
0
0
0
0
0
0
0
0
0
0
0
0
0
0
0
0
0
0
0
0
0
0
0
0
0
0
0
0
0
0
0
0
0
0
0
0
0
0
0
0
0
0
0
0
0
0
0
0
0
0
0
0
0
0
0
0
0
0
0
0
0
0
0
0
0
0
0
0
0
0
0
0
0
0
0
0
0
0
0
0
0
0
0
0
0
0
0
0
0
0
0
0
0
0
0
0
0
0
0
0
0
0
0
0
0
0
0
0
0
0
0
0
0
0
0
0
8.100000e-01
0
0
0
0
0
0
0
0
0
0
0
0
0
0
0
0
0
0
0
0
0
0
0
0
0
0
0
0
0
0
0
0
0
0
0
0
0
0
0
0
0
0
0
0
0
0
0
2.700000e-01
6.400000e-01
6.500000e-01
6.000000e-01
5.700000e-01
6.900000e-01
1.870000e+00
5.800000e-01
5.500000e-01
5.600000e-01
2.800000e-01
2.000000e-02
9.200000e-01
3.800000e-01
3.500000e-01
4.400000e-01
5.800000e-01
7.500000e-01
7.400000e-01
8.500000e-01
1.120000e+00
8.400000e-01
1.100000e+00
1.050000e+00
1.070000e+00
1.340000e+00
2.000000e-02
3.000000e-02
2.130000e+00
4.760000e+00
4.190000e+00
4.270000e+00
4.230000e+00
9.370000e+00
8.810000e+00
8.790000e+00
1.032000e+01
1.130000e+01
1.670000e+01
1.090000e+01
1.832000e+01
1.987000e+01
2.646000e+01
3.990000e+00
21
2.654000e+01
2.311000e+01
2.508000e+01
2.608000e+01
2.642000e+01
2.721000e+01
2.724000e+01
3.963000e+01
2.435000e+01
2.645000e+01
2.813000e+01
2.960000e+01
4.096000e+01
3.189000e+01
3.001000e+01
3.940000e+01
4.538000e+01
4.294000e+01
4.339000e+01
4.581000e+01
4.836000e+01
5.297000e+01
0
0
6.207000e+01
6.422000e+01
6.682000e+01
6.642000e+01
67
6.311000e+01
7.013000e+01
7.655000e+01
7.654000e+01
7.598000e+01
69
6.726000e+01
6.863000e+01
6.726000e+01
6.743000e+01
5.797000e+01
6.621000e+01
6.856000e+01
6.932000e+01
7.031000e+01
7.335000e+01
7.331000e+01
7.567000e+01
7.852000e+01
7.872000e+01
8.211000e+01
85
8.448000e+01
8.702000e+01
8.754000e+01
8.833000e+01
9.039000e+01
9.182000e+01
9.122000e+01
9.797000e+01
1.012600e+02
1.031900e+02
1.082200e+02
1.136700e+02
1.136500e+02
1.164800e+02
1.201000e+02
1.253800e+02
1.254800e+02
1.344900e+02
1.356900e+02
1.354400e+02
1.414400e+02
1.456000e+02
1.474400e+02
1.473600e+02
1.500400e+02
1.557700e+02
1.557700e+02
1.533300e+02
1.331500e+02
1.310500e+02
1.352900e+02
1.380400e+02
1.404400e+02
1.420500e+02
1.405600e+02
1.451000e+02
1.512400e+02
1.558300e+02
1.595700e+02
1.329800e+02
1.550300e+02
1.683000e+02
1.683000e+02
1.683000e+02
1.724400e+02
1.780900e+02
1.789000e+02
1.806000e+02
1.804100e+02
1.981000e+02
1.913400e+02
1.929500e+02
2.031000e+02
2.155500e+02
2.198900e+02
2.179200e+02
2.159700e+02
2.146400e+02
2.150600e+02
2.168200e+02
2.151900e+02
2.144400e+02
2.134100e+02
2.126500e+02
2.151200e+02
2.148000e+02
2.131100e+02
2.107800e+02
2.094500e+02
2.114700e+02
2.160900e+02
2.212600e+02
2.218400e+02
222
2.215700e+02
2.207900e+02
2.198300e+02
2.216300e+02
2.250100e+02
2.216300e+02
2.181000e+02
2.201600e+02
2.224100e+02
2.214500e+02
222
2.239600e+02
2.239200e+02
2.274500e+02
2.328200e+02
235
2.332300e+02
2.325300e+02
2.316900e+02
2.296300e+02
2.306500e+02
2.307500e+02
2.299100e+02
2.263200e+02
2.287600e+02
228
2.291900e+02
2.256100e+02
2.260900e+02
2.250700e+02
2.495700e+02
2.246700e+02
2.234100e+02
2.304300e+02
2.338600e+02
2.343400e+02
2.325200e+02
2.348500e+02
2.356800e+02
2.376400e+02
2.396700e+02
2.423300e+02
2.455200e+02
2.466100e+02
2.098600e+02
2.099400e+02
6.221000e+02
4.321100e+02
4.321100e+02
4.321100e+02
4.950700e+02
4.953600e+02
4.957200e+02
5.036700e+02
5.128800e+02
5.088800e+02
5.086500e+02
5.159500e+02
5.209700e+02
5.177400e+02
5.181100e+02
5.181100e+02
5.054400e+02
5.064600e+02
5.057200e+02
5.108700e+02
5.108700e+02
5.249100e+02
5.232100e+02
5.264000e+02
5.226800e+02
5.146500e+02
5.191600e+02
5.279000e+02
5.270700e+02
5.255800e+02
5.225700e+02
5.225700e+02
5.345300e+02
5.345300e+02
5.345300e+02
532
5.296700e+02
5.343800e+02
5.312500e+02
5.320100e+02
5.320100e+02
5.306300e+02
5.434800e+02
5.461400e+02
5.510100e+02
5.582900e+02
5.581500e+02
5.588900e+02
5.568700e+02
5.559700e+02
5.491800e+02
5.451800e+02
5.501900e+02
5.525300e+02
5.553600e+02
5.591600e+02
5.608900e+02
5.618800e+02
5.657000e+02
5.683500e+02
5.641100e+02
5.702800e+02
5.653000e+02
5.695200e+02
5.674400e+02
5.689400e+02
5.695700e+02
5.689000e+02
5.694500e+02
5.748900e+02
5.660900e+02
5.622300e+02
5.587100e+02
5.594200e+02
5.634900e+02
5.634900e+02
5.634900e+02
5.325800e+02
5.232400e+02
5.209300e+02
5.174000e+02
5.174600e+02
5.083700e+02
5.076000e+02
5.091500e+02
5.109300e+02
5.168200e+02
5.143500e+02
5.147200e+02
5.136300e+02
5.155700e+02
5.234800e+02
5.236900e+02
5.259100e+02
5.306500e+02
5.247100e+02
5.182700e+02
5.221100e+02
5.282800e+02
5.318500e+02
5.344400e+02
5.321300e+02
5.327500e+02
5.350600e+02
5.373200e+02
5.427800e+02
5.508900e+02
5.513800e+02
5.488700e+02
5.455700e+02
5.417900e+02
5.425700e+02
5.489900e+02
5.548100e+02
5.628200e+02
5.572000e+02
5.553600e+02
5.550300e+02
5.580200e+02
5.663000e+02
5.679400e+02
5.728800e+02
5.735100e+02
5.717200e+02
5.747100e+02
5.774100e+02
5.824200e+02
5.770400e+02
5.734600e+02
5.773900e+02
5.764200e+02
5.740900e+02
5.728000e+02
5.707100e+02
5.770250e+02
5.807200e+02
5.829500e+02
5.815000e+02
5.712300e+02
5.749300e+02
5.838700e+02
5.976900e+02
6.224000e+02
6.357200e+02
6.416400e+02
6.317900e+02
6.370100e+02
6.321000e+02
6.321000e+02
6.370100e+02
6.357200e+02
6.256600e+02
6.238200e+02
6.198000e+02
6.199700e+02
6.188100e+02
6.176500e+02
6.153900e+02
6.163200e+02
6.120300e+02
6.106400e+02
6.013600e+02
6.010800e+02
6.014540e+02
5.992993e+02
5.971445e+02
6.014500e+02
6.057500e+02
6.078200e+02
6.113900e+02
6.113900e+02
6.113900e+02
6.235300e+02
6.196200e+02
6.187800e+02
6.202400e+02
6.226300e+02
6.226300e+02
6.226300e+02
6.144700e+02
6.151500e+02
6.152800e+02
6.237700e+02
6.256800e+02
6.256800e+02
6.256800e+02
4.559800e+02
5.796500e+02
5.584700e+02
2.134400e+02
2.096000e+02
3.212000e+02
7.246100e+02
7.246100e+02
7.246100e+02
7.246100e+02
6.233300e+02
6.299700e+02
6.299700e+02
6.299700e+02
6.299700e+02
6.217600e+02
6.319200e+02
6.239000e+02
6.260600e+02
6.260600e+02
6.260600e+02
6.228000e+02
6.316100e+02
6.302600e+02
6.292700e+02
6.268400e+02
6.275700e+02
6.352800e+02
6.344800e+02
6.401400e+02
6.418800e+02
6.429900e+02
4.751900e+02
5.639100e+02
6.778700e+02
6.651800e+02
6.584500e+02
6.549300e+02
6.482400e+02
6.509300e+02
6.558300e+02
6.528400e+02
6.534900e+02
6.534900e+02
6.548200e+02
6.565800e+02
6.558100e+02
6.558100e+02
6.558100e+02
6.782200e+02
6.796900e+02
6.759100e+02
6.759400e+02
6.884300e+02
6.884300e+02
6.884300e+02
6.944400e+02
6.880400e+02
6.827600e+02
6.827600e+02
6.884100e+02
6.884100e+02
6.884100e+02
7.179700e+02
7.134900e+02
7.127200e+02
7.140400e+02
7.227500e+02
7.227500e+02
7.227500e+02
7.390300e+02
7.351700e+02
7.379500e+02
7.244600e+02
5.456100e+02
5.456100e+02
5.456100e+02
3.111700e+02
3.039800e+02
2.991500e+02
2.926300e+02
2.847200e+02
2.847200e+02
2.847200e+02
2.412800e+02
2.316400e+02
2.276700e+02
2.225100e+02
2.184600e+02
2.184600e+02
2.184600e+02
2.031000e+02
1.989800e+02
1.989800e+02
1.950800e+02
1.965000e+02
1.965000e+02
1.965000e+02
1.965000e+02
1.922300e+02
1.957500e+02
1.935900e+02
1.885200e+02
1.885200e+02
1.885200e+02
1.829200e+02
1.886600e+02
1.890300e+02
1.393900e+02
1.187900e+02
1.187900e+02
1.187900e+02
1.887300e+02
1.857000e+02
1.870900e+02
1.857400e+02
1.857400e+02
1.857400e+02
1.857400e+02
1.857400e+02
1.881200e+02
7.801400e+02
8.881200e+02
7.529400e+02
7.529400e+02
7.529400e+02
5.908200e+02
5.928100e+02
5.963200e+02
5.956600e+02
6.068200e+02
6.068200e+02
6.068200e+02
6.188700e+02
6.188700e+02
625
6.317700e+02
3.638500e+02
3.638500e+02
3.638500e+02
6.446800e+02
6.444200e+02
6.444200e+02
6.444200e+02
6.444200e+02
6.444200e+02
6.444200e+02
6.734100e+02
6.690600e+02
6.643400e+02
6.514800e+02
6.656200e+02
6.656200e+02
6.656200e+02
6.656200e+02
6.680300e+02
6.753100e+02
6.850100e+02
6.855500e+02
6.855500e+02
6.855500e+02
6.872000e+02
7.017200e+02
7.140300e+02
7.140300e+02
7.244900e+02
7.244900e+02
7.244900e+02
7.257200e+02
7.244000e+02
1.920300e+02
1.920300e+02
7.220700e+02
7.220700e+02
7.220700e+02
7.223200e+02
7.223200e+02
7.223200e+02
7.223200e+02
7.414800e+02
7.414800e+02
7.414800e+02
7.318000e+02
7.322600e+02
7.320900e+02
7.264000e+02
7.347300e+02
7.347300e+02
7.347300e+02
7.055700e+02
7.127200e+02
7.143300e+02
7.143300e+02
7.143300e+02
7.143300e+02
7.143300e+02
7.192200e+02
7.192200e+02
7.192200e+02
7.405900e+02
7.470500e+02
7.470500e+02
7.470500e+02
7.470500e+02
7.365000e+02
7.418200e+02
7.418200e+02
7.532500e+02
7.532500e+02
7.532500e+02
7.333700e+02
7.373700e+02
7.318900e+02
7.318900e+02
7.318900e+02
7.318900e+02
7.318900e+02
7.318900e+02
7.318900e+02
7.318900e+02
7.318900e+02
7.318900e+02
7.318900e+02
7.318900e+02
8.298800e+02
7.633700e+02
7.834000e+02
7.834000e+02
7.834000e+02
7.834000e+02
7.834000e+02
7.644400e+02
7.732000e+02
771
7.572000e+02
743
743
743
765
742
769
7.936700e+02
7.666100e+02
7.666100e+02
7.666100e+02
7.766900e+02
7.841900e+02
8.344500e+02
8.519100e+02
8.816500e+02
8.816500e+02
8.816500e+02
8.259600e+02
8.182700e+02
8.212600e+02
8.212600e+02
8.217600e+02
8.217600e+02
8.217600e+02
8.217600e+02
0
0
0
450
450
450
4.424800e+02
1.113950e+03
1.113950e+03
1.078270e+03
1.078270e+03
1.078270e+03
1.078270e+03
9.779800e+02
9.779800e+02
9.858400e+02
9.866400e+02
9.866400e+02
9.866400e+02
9.866400e+02
9.856200e+02
9.842200e+02
9.842200e+02
9.842200e+02
9.842200e+02
9.842200e+02
9.842200e+02
9.842200e+02
9.842200e+02
1.015670e+03
1.015670e+03
1.015670e+03
1.015670e+03
1.015670e+03
1.086100e+03
1.092830e+03
1.098730e+03
1.105140e+03
1.105140e+03
1.105140e+03
1.105140e+03
1.100860e+03
1.096110e+03
1.095620e+03
1086
1.077890e+03
1.077890e+03
1.077890e+03
7.275100e+02
7.259100e+02
7.196800e+02
7.148200e+02
7.048700e+02
7.048700e+02
7.048700e+02
7.022500e+02
6.982800e+02
6.917400e+02
6.917400e+02
6.869800e+02
6.869800e+02
6.869800e+02
6.849300e+02
6.832400e+02
6.810100e+02
6.798800e+02
6.742500e+02
6.742500e+02
6.742500e+02
4.795000e+02
4.785800e+02
4.780500e+02
4.835700e+02
4.846100e+02
4.846100e+02
4.846100e+02
4.757200e+02
4.732100e+02
5.293400e+02
5.466800e+02
5.325000e+02
5.325000e+02
5.325000e+02
5.128000e+02
5.073600e+02
5.015500e+02
5.027500e+02
5.073000e+02
5.073000e+02
5.073000e+02
5.144600e+02
5.092300e+02
5.047700e+02
4.956800e+02
4.951600e+02
4.951600e+02
4.951600e+02
4.951600e+02
4.901400e+02
4.901400e+02
4.845500e+02
4.888800e+02
4.888800e+02
4.888800e+02
4.808800e+02
4.829000e+02
4.823400e+02
1.875500e+02
4.987100e+02
4.987100e+02
4.987100e+02
5.132800e+02
5.134100e+02
5.134100e+02
5.134100e+02
5.134100e+02
5.134100e+02
5.134100e+02
5.196500e+02
5.179600e+02
5.156100e+02
5.120400e+02
5.207900e+02
5.207900e+02
5.207900e+02
5.175000e+02
5.175000e+02
5.063700e+02
5.054400e+02
5.163400e+02
5.163400e+02
5.163400e+02
5.076800e+02
5.085600e+02
5.095700e+02
4.989400e+02
4.960500e+02
4.960500e+02
4.960500e+02
4.961900e+02
4.987100e+02
4.969900e+02
4.522400e+02
3.734600e+02
3.734600e+02
3.734600e+02
3.161900e+02
3.068100e+02
2.958300e+02
2.866300e+02
2.776400e+02
2.776400e+02
2.776400e+02
2.607500e+02
2.584200e+02
250
5.333100e+02
6.716400e+02
6.716400e+02
6.716400e+02
5.565700e+02
5.463000e+02
5.371300e+02
5.332000e+02
5.265300e+02
5.265300e+02
5.265300e+02
5.137000e+02
5.183400e+02
5.183400e+02
5.183400e+02
5.034400e+02
5.034400e+02
5.034400e+02
5.155500e+02
5.100600e+02
5.145600e+02
5.106000e+02
5.125700e+02
5.125700e+02
5.125700e+02
5.124000e+02
5.124000e+02
5.077900e+02
5.077900e+02
5.077900e+02
5.077900e+02
5.077900e+02
5.225800e+02
5.201500e+02
5.170300e+02
5.181600e+02
5.145500e+02
5.145500e+02
5.145500e+02
5.165100e+02
5.149800e+02
5.267300e+02
5.137000e+02
5.094000e+02
5.094000e+02
5.094000e+02
4.988900e+02
4.988900e+02
4.988900e+02
4.988900e+02
5.173800e+02
5.173800e+02
5.173800e+02
5.112700e+02
5.112700e+02
5.288000e+02
5.288000e+02
5.345400e+02
5.345400e+02
5.345400e+02
5.508300e+02
5.508300e+02
5.532400e+02
5.532400e+02
5.619400e+02
5.619400e+02
5.619400e+02
5.603000e+02
5.603000e+02
5.603000e+02
5.603000e+02
5.590800e+02
5.590800e+02
5.590800e+02
5.536400e+02
5.536400e+02
5.518800e+02
5.518800e+02
5.456000e+02
5.456000e+02
5.456000e+02
5.420900e+02
5.420900e+02
5.420900e+02
5.420900e+02
5.306400e+02
5.306400e+02
5.306400e+02
5.263200e+02
5.263200e+02
5.310100e+02
5.310100e+02
5.310100e+02
5.310100e+02
5.310100e+02
5.257900e+02
5.257900e+02
5.244200e+02
5.244200e+02
5.246800e+02
5.246800e+02
5.246800e+02
5.246800e+02
5.246800e+02
5.233500e+02
5.233500e+02
5.211200e+02
5.211200e+02
5.211200e+02
5.063900e+02
5.063900e+02
5.263000e+02
5.263000e+02
5.273600e+02
5.273600e+02
5.273600e+02
5.258300e+02
5.258300e+02
4.890300e+02
4.890300e+02
4.133300e+02
4.133300e+02
4.133300e+02
3.814900e+02
3.814900e+02
3.744300e+02
3.744300e+02
6.015000e+02
6.015000e+02
6.015000e+02
5.702900e+02
5.702900e+02
5.480600e+02
5.480600e+02
5.418200e+02
5.418200e+02
5.418200e+02
5.332100e+02
5.332100e+02
5.264000e+02
5.264000e+02
5.264000e+02
5.264000e+02
5.264000e+02
5.135600e+02
5.135600e+02
5.048600e+02
5.048600e+02
5.048600e+02
5.048600e+02
5.048600e+02
5.096100e+02
5.096100e+02
5.096100e+02
5.096100e+02
4.772200e+02
4.772200e+02
4.772200e+02
4.772200e+02
4.772200e+02
4.552400e+02
4.552400e+02
4.552400e+02
4.552400e+02
4.552400e+02
4.552400e+02
4.552400e+02
4.425500e+02
4.425500e+02
4.425500e+02
4.425500e+02
4.425500e+02
4.154500e+02
4.154500e+02
4.135500e+02
4.135500e+02
4.157600e+02
4.157600e+02
4.157600e+02
4.124600e+02
4.124600e+02
4.155500e+02
4.155500e+02
4.089100e+02
4.089100e+02
4.089100e+02
4.091600e+02
4.091600e+02
4.059900e+02
4.059900e+02
4.059900e+02
4.059900e+02
4.059900e+02
4.038700e+02
4.038700e+02
3.999800e+02
3.999800e+02
3.748300e+02
3.748300e+02
3.748300e+02
3.748300e+02
3.748300e+02
3.748300e+02
3.748300e+02
3.779700e+02
3.779700e+02
3.779700e+02
3.687000e+02
3.687000e+02
3.692400e+02
3.692400e+02
3.682300e+02
3.682300e+02
3.682300e+02
3.718000e+02
3.718000e+02
3.718000e+02
3.718000e+02
3.712300e+02
3.712300e+02
3.712300e+02
3.694100e+02
3.694100e+02
3.694100e+02
3.694100e+02
3.889700e+02
3.889700e+02
3.889700e+02
3.889700e+02
3.889700e+02
3.889700e+02
3.889700e+02
3.889700e+02
3.889700e+02
3.889700e+02
3.889700e+02
3.889700e+02
3.889700e+02
3.889700e+02
3.719500e+02
3.719500e+02
3.719500e+02
3.747600e+02
3.747600e+02
3.744700e+02
3.744700e+02
3.752100e+02
3.752100e+02
3.752100e+02
3.752100e+02
3.752100e+02
3.752100e+02
3.752100e+02
4.592700e+02
4.592700e+02
4.592700e+02
4.592700e+02
4.592700e+02
5.913400e+02
5.913400e+02
4.960900e+02
4.960900e+02
4.960900e+02
4.960900e+02
4.960900e+02
4.655700e+02
4.655700e+02
4.623500e+02
4.623500e+02
4.623500e+02
4.666100e+02
4.666100e+02
4.574500e+02
4.574500e+02
4.539300e+02
4.539300e+02
4.539300e+02
458
458
4.618200e+02
4.618200e+02
4.582900e+02
4.582900e+02
4.582900e+02
4.582900e+02
4.582900e+02
4.570400e+02
4.570400e+02
4.615100e+02
4.615100e+02
4.615100e+02
4.595100e+02
4.595100e+02
4.682200e+02
4.682200e+02
4.628100e+02
4.628100e+02
4.628100e+02
4.628100e+02
4.628100e+02
4.627300e+02
4.627300e+02
4.603300e+02
4.603300e+02
4.603300e+02
4.469400e+02
4.469400e+02
4.454600e+02
4.454600e+02
443
443
443
443
443
443
443
443
443
443
4.474100e+02
4.474100e+02
4.536200e+02
4.536200e+02
4.471700e+02
4.471700e+02
4.471700e+02
4.471700e+02
4.471700e+02
4.471700e+02
4.471700e+02
4.441500e+02
4.441500e+02
4.441500e+02
4.529800e+02
4.529800e+02
4.529800e+02
4.529800e+02
4.529800e+02
4.529800e+02
4.529800e+02
4.529800e+02
4.529800e+02
4.529800e+02
4.625100e+02
4.738300e+02
4.738300e+02
4.738300e+02
4.631200e+02
4.631200e+02
4.750100e+02
4.750100e+02
4.692700e+02
4.692700e+02
4.692700e+02
4.692700e+02
4.692700e+02
4.761000e+02
4.761000e+02
4.787800e+02
4.787800e+02
4.787800e+02
4.793000e+02
4.793000e+02
4.793000e+02
4.793000e+02
4.874200e+02
4.874200e+02
4.874200e+02
4.874200e+02
4.874200e+02
4.842500e+02
4.842500e+02
4.825300e+02
4.825300e+02
4.825300e+02
4.997200e+02
4.997200e+02
4.998900e+02
4.998900e+02
5.056300e+02
5.056300e+02
5.056300e+02
5.056300e+02
5.056300e+02
5.114500e+02
5.114500e+02
5.114500e+02
5.114500e+02
5.114500e+02
5.150500e+02
5.150500e+02
5.150500e+02
5.150500e+02
5.114200e+02
5.114200e+02
5.114200e+02
5.114200e+02
5.114200e+02
5.204800e+02
5.204800e+02
5.204800e+02
5.204800e+02
5.204800e+02
5.204800e+02
5.204800e+02
5.112000e+02
5.112000e+02
5.336500e+02
5.336500e+02
5.336500e+02
5.336500e+02
5.336500e+02
5.305300e+02
5.305300e+02
5.190800e+02
5.190800e+02
5.190800e+02
5.190800e+02
5.190800e+02
522
522
522
522
522
5.226100e+02
5.226100e+02
5.226800e+02
5.226800e+02
5.237200e+02
5.237200e+02
5.237200e+02
5.237200e+02
5.237200e+02
5.237200e+02
5.237200e+02
5.265200e+02
5.265200e+02
5.265200e+02
5.265200e+02
5.265200e+02
5.200800e+02
5.200800e+02
5.298000e+02
5.298000e+02
5.298000e+02
5.299800e+02
5.299800e+02
5.299800e+02
5.299800e+02
5.299800e+02
5.299800e+02
5.299800e+02
5.299800e+02
5.299800e+02
5.143300e+02
5.143300e+02
5.144200e+02
5.144200e+02
5.144200e+02
5.144200e+02
5.144200e+02
5.144200e+02
5.144200e+02
4.942900e+02
4.942900e+02
4.942900e+02
4.942900e+02
4.942900e+02
4.722400e+02
4.722400e+02
4.889700e+02
4.889700e+02
4.889700e+02
4.742200e+02
4.742200e+02
4.732400e+02
4.732400e+02
4.712400e+02
4.712400e+02
4.712400e+02
4.712400e+02
4.712400e+02
4.837600e+02
4.837600e+02
4.837600e+02
4.837600e+02
4.837600e+02
4.712400e+02
4.712400e+02
4.786400e+02
4.786400e+02
4.747000e+02
4.747000e+02
4.747000e+02
4.747000e+02
4.747000e+02
4.641400e+02
4.641400e+02
4.622700e+02
4.622700e+02
4.622700e+02
4.622700e+02
4.622700e+02
4.717300e+02
4.717300e+02
4.717300e+02
4.717300e+02
4.717300e+02
4.717300e+02
4.717300e+02
4.762600e+02
4.762600e+02
4.722500e+02
4.722500e+02
4.722500e+02
4.678600e+02
4.678600e+02
4.678600e+02
4.678600e+02
4.678600e+02
4.678600e+02
4.678600e+02
4.678600e+02
4.678600e+02
4.678600e+02
4.678600e+02
4.678600e+02
4.678600e+02
4.678600e+02
4.678600e+02
4.678600e+02
4.678600e+02
4.678600e+02
4.678600e+02
4.678600e+02
4.678600e+02
4.678600e+02
4.678600e+02
4.678600e+02
4.650400e+02
4.650400e+02
4.650400e+02
4.650400e+02
4.650400e+02
4.650400e+02
4.650400e+02
4.650400e+02
4.650400e+02
4.650400e+02
4.650400e+02
4.650400e+02
4.633800e+02
4.633800e+02
4.633800e+02
4.633800e+02
4.633800e+02
4.633800e+02
4.633800e+02
4.633800e+02
4.576600e+02
4.576600e+02
4.576600e+02
4.576600e+02
4.576600e+02
4.576600e+02
4.576600e+02
4.610800e+02
4.610800e+02
4.607700e+02
4.607700e+02
4.607700e+02
4.598600e+02
4.598600e+02
4.562300e+02
4.562300e+02
4.501500e+02
4.501500e+02
4.501500e+02
4.501500e+02
4.501500e+02
4.405400e+02
4.405400e+02
4.473100e+02
4.473100e+02
4.473100e+02
4.374800e+02
4.374800e+02
4.374800e+02
4.374800e+02
4.382100e+02
4.382100e+02
4.382100e+02
4.382100e+02
4.382100e+02
4.699800e+02
4.699800e+02
4.699800e+02
4.699800e+02
4.699800e+02
4.757000e+02
4.757000e+02
4.937300e+02
4.937300e+02
4.937300e+02
4.937300e+02
4.937300e+02
4.937300e+02
4.937300e+02
4.770500e+02
4.770500e+02
4.720300e+02
4.720300e+02
4.720300e+02
4.700200e+02
4.700200e+02
4.649700e+02
4.649700e+02
4.649700e+02
4.649700e+02
4.649700e+02
4.649700e+02
4.649700e+02
4.519000e+02
4.519000e+02
4.527200e+02
4.527200e+02
4.527200e+02
4.497000e+02
4.497000e+02
4.479600e+02
4.479600e+02
4.479600e+02
4.479600e+02
4.479600e+02
4.467200e+02
4.467200e+02
4.405000e+02
4.405000e+02
4.416200e+02
4.416200e+02
4.416200e+02
4.397900e+02
4.397900e+02
4.306500e+02
4.306500e+02
4.353900e+02
4.353900e+02
4.353900e+02
4.405100e+02
4.405100e+02
4.405100e+02
4.405100e+02
4.278800e+02
4.278800e+02
4.278800e+02
4.295400e+02
4.295400e+02
4.276000e+02
4.276000e+02
4.307900e+02
4.307900e+02
4.307900e+02
4.307900e+02
4.307900e+02
4.259300e+02
4.259300e+02
4.327200e+02
4.327200e+02
4.327200e+02
4.254600e+02
4.254600e+02
4.313600e+02
4.313600e+02
4.289000e+02
4.289000e+02
4.289000e+02
4.289000e+02
4.289000e+02
4.316100e+02
4.316100e+02
4.327900e+02
4.327900e+02
4.327900e+02
4.276700e+02
4.276700e+02
4.268300e+02
4.268300e+02
4.152800e+02
4.152800e+02
4.152800e+02
4.152800e+02
4.152800e+02
4.152800e+02
4.152800e+02
4.186300e+02
4.186300e+02
4.186300e+02
4.182900e+02
4.182900e+02
4.240400e+02
4.240400e+02
4.244400e+02
4.244400e+02
4.244400e+02
4.244400e+02
4.244400e+02
4.223400e+02
4.223400e+02
4.223400e+02
4.223400e+02
4.223400e+02
4.223400e+02
4.223400e+02
3.731800e+02
3.731800e+02
3.717100e+02
3.717100e+02
3.717100e+02
3.717100e+02
3.717100e+02
3.721900e+02
3.721900e+02
3.944800e+02
3.944800e+02
3.944800e+02
3.877500e+02
3.877500e+02
3.862100e+02
3.862100e+02
3.835600e+02
3.835600e+02
3.835600e+02
3.835600e+02
3.835600e+02
384
384
384
384
384
3.805100e+02
3.805100e+02
3.733300e+02
3.725600e+02
3.725600e+02
3.725600e+02
3.725600e+02
3.725600e+02
3.725600e+02
3.860300e+02
3.860300e+02
3.936200e+02
3.936200e+02
3.936200e+02
4.080500e+02
4.080500e+02
4.080500e+02
4.208700e+02
4.161800e+02
4.161800e+02
4.161800e+02
4.170500e+02
4.170500e+02
4.192100e+02
4.192100e+02
4.209600e+02
4.209600e+02
4.209600e+02
4.131600e+02
4.131600e+02
4.144700e+02
4.144700e+02
4.134700e+02
4.134700e+02
4.134700e+02
4.146200e+02
4.146200e+02
4.165500e+02
4.165500e+02
4.165500e+02
4.165500e+02
4.165500e+02
4.162900e+02
4.162900e+02
4.230200e+02
4.230200e+02
4.230200e+02
4.230200e+02
4.230200e+02
4.168100e+02
4.168100e+02
4.152500e+02
4.152500e+02
3.944400e+02
3.944400e+02
3.944400e+02
3.977200e+02
3.977200e+02
3.977200e+02
3.977200e+02
4.178800e+02
4.178800e+02
4.178800e+02
4.187500e+02
4.187500e+02
4.413800e+02
4.413800e+02
4.346900e+02
4.346900e+02
4.346900e+02
4.401000e+02
4.401000e+02
4.342900e+02
4.342900e+02
4.342900e+02
4.342900e+02
4.342900e+02
4.342900e+02
4.342900e+02
431
431
431
431
431
4.311200e+02
4.311200e+02
4.311200e+02
4.311200e+02
4.311200e+02
4.311200e+02
4.311200e+02
4.311200e+02
4.311200e+02
4.311200e+02
4.311200e+02
4.311200e+02
4.311200e+02
4.311200e+02
4.311200e+02
4.311200e+02
4.311200e+02
4.311200e+02
4.311200e+02
4.311200e+02
4.311200e+02
4.311200e+02
4.311200e+02
4.311200e+02
4.311200e+02
4.311200e+02
4.311200e+02
4.311200e+02
4.311200e+02
4.311200e+02
4.311200e+02
4.311200e+02
2.745400e+02
2.745400e+02
2.745400e+02
2.745400e+02
2.745400e+02
2.745400e+02
2.745400e+02
2.745400e+02
2.745400e+02
2.745400e+02
2.745400e+02
2.745400e+02
2.747600e+02
2.747600e+02
2.746000e+02
2.746000e+02
2.746000e+02
2.746000e+02
2.746000e+02
2.746000e+02
2.746000e+02
2.744600e+02
2.744600e+02
2.744600e+02
2.744600e+02
2.744600e+02
2.744600e+02
2.744600e+02
2.744600e+02
2.744600e+02
2.744600e+02
2.744600e+02
2.744600e+02
2.744600e+02
2.744600e+02
2.744600e+02
2.744600e+02
2.744600e+02
2.744600e+02
2.744600e+02
2.744600e+02
2.744600e+02
2.744600e+02
2.744600e+02
2.744600e+02
2.744600e+02
2.744600e+02
0
0
0
0
0
0
0
0
0
0
0
0
0
0
0
0
0
0
0
0
0
0
0
0
0
0
0
0
0
0
0
0
0
0
0
0
0
0
0
0
0
0
0
0
0
0
0
0
0
0
0
0
0
0
2.744600e+02
2.744600e+02
0
0
0
0
0
0
0
0
0
2.743100e+02
2.743100e+02
2.743100e+02
2.744600e+02
2.744600e+02
0
0
0
0
0
0
0
0
0
0
0
0
2.744600e+02
2.744600e+02
0
0
0
0
0
0
0
0
0
0
0
0
0
0
0
0
0
0
0
0
0
0
0
0
0
0
2.747400e+02
2.747400e+02
0
0
0
0
0
0
0
0
0
0
0
0
0
0
0
0
0
0
0
0
0
0
0
0
0
0
2.744600e+02
2.744600e+02
0
0
0
0
0
0
0
0
0
0
0
0
2.764600e+02
2.764600e+02
0
0
0
0
0
0
0
0
0
2.745500e+02
2.745500e+02
2.745500e+02
2.744600e+02
2.744600e+02
2.741600e+02
2.741600e+02
2.741600e+02
2.741600e+02
2.741600e+02
0
0
0
0
0
0
0
2.744600e+02
2.744600e+02
0
0
0
0
0
0
0
2.429800e+02
2.429800e+02
3.154400e+02
3.154400e+02
3.154400e+02
3.109200e+02
3.109200e+02
3.101700e+02
3.101700e+02
3.091700e+02
3.091700e+02
3.091700e+02
3.096800e+02
3.096800e+02
3.096800e+02
3.096800e+02
3.067000e+02
3.067000e+02
3.067000e+02
3.034600e+02
3.034600e+02
3.034600e+02
3.034600e+02
3.059000e+02
3.059000e+02
3.059000e+02
3.059000e+02
3.059000e+02
2.996000e+02
2.996000e+02
3.024600e+02
3.024600e+02
3.024600e+02
3.015700e+02
3.015700e+02
3.015100e+02
3.015100e+02
3.035900e+02
3.035900e+02
3.035900e+02
3.035900e+02
3.035900e+02
3.035900e+02
3.035900e+02
3.017600e+02
3.017600e+02
3.017600e+02
3.017600e+02
3.017600e+02
3.009600e+02
3.009600e+02
3.007800e+02
3.007800e+02
3.007800e+02
3.007800e+02
3.007800e+02
3.007800e+02
3.007800e+02
3.007800e+02
3.007800e+02
3.007800e+02
3.007800e+02
3.007800e+02
3.007800e+02
3.007800e+02
3.007800e+02
3.007800e+02
3.007800e+02
3.105400e+02
3.105400e+02
3.105400e+02
3.105400e+02
3.093400e+02
3.093400e+02
3.093400e+02
3.122100e+02
3.122100e+02
3.006600e+02
3.006600e+02
3.021400e+02
3.021400e+02
3.021400e+02
3.021400e+02
3.021400e+02
3.007700e+02
3.007700e+02
2.999400e+02
2.999400e+02
2.999400e+02
3.002300e+02
3.002300e+02
2.924100e+02
2.924100e+02
2.924100e+02
2.924100e+02
2.924100e+02
2.930100e+02
2.930100e+02
293
293
293
293
293
293
293
2.941000e+02
2.941000e+02
2.941000e+02
2.941000e+02
2.941000e+02
2.941000e+02
2.941000e+02
2.941000e+02
2.941000e+02
2.932000e+02
2.932000e+02
2.932000e+02
2.932000e+02
2.932000e+02
2.932000e+02
2.932000e+02
2.901600e+02
2.901600e+02
2.901600e+02
2.869700e+02
2.869700e+02
2.869700e+02
2.869700e+02
2.869700e+02
2.869700e+02
2.869700e+02
2.869700e+02
2.869700e+02
2.873500e+02
2.873500e+02
2.873500e+02
2.873500e+02
2.873500e+02
2.873500e+02
2.873500e+02
2.873500e+02
2.873500e+02
2.873500e+02
2.873500e+02
2.873500e+02
2.921200e+02
2.921200e+02
2.887900e+02
2.887900e+02
2.869700e+02
2.869700e+02
2.869700e+02
2.858500e+02
2.858500e+02
2.858500e+02
2.858500e+02
2.858500e+02
2.858500e+02
2.858500e+02
2.806900e+02
2.806900e+02
2.806900e+02
2.806900e+02
2.561100e+02
2.561100e+02
2.561100e+02
2.668200e+02
2.668200e+02
2.817200e+02
2.817200e+02
2.817200e+02
2.817200e+02
2.817200e+02
2.775200e+02
2.775200e+02
2.707300e+02
2.707300e+02
2.750700e+02
2.750700e+02
2.750700e+02
2.645400e+02
2.645400e+02
2.559400e+02
2.559400e+02
2.604500e+02
2.604500e+02
2.604500e+02
2.601200e+02
2.601200e+02
2.658500e+02
2.658500e+02
2.619300e+02
2.619300e+02
2.619300e+02
2.690400e+02
2.690400e+02
2.808800e+02
2.808800e+02
2.781700e+02
2.781700e+02
2.781700e+02
2.781700e+02
2.781700e+02
2.781700e+02
2.781700e+02
2.781700e+02
2.781700e+02
2.781700e+02
2.814100e+02
2.814100e+02
2.816200e+02
2.816200e+02
2.816200e+02
2.816200e+02
2.816200e+02
2.828200e+02
2.828200e+02
2.655700e+02
2.655700e+02
2.696100e+02
2.696100e+02
2.696100e+02
2.652800e+02
2.652800e+02
2.848900e+02
2.848900e+02
2.879600e+02
2.879600e+02
2.879600e+02
2.879600e+02
2.879600e+02
2.861100e+02
2.861100e+02
2.861100e+02
