0
0
0
0
0
0
0
0
0
0
0
0
0
0
0
0
0
0
0
0
0
0
0
0
0
0
0
0
0
0
0
0
0
0
0
0
0
0
0
0
0
0
0
0
0
0
0
0
0
0
0
0
0
0
0
0
0
0
0
0
0
0
0
0
0
0
0
0
0
0
0
0
0
0
0
0
0
0
0
0
0
0
0
0
0
0
0
0
0
0
0
0
0
0
0
0
0
0
0
0
0
0
0
0
0
0
0
0
0
0
0
0
0
0
0
0
0
0
0
0
0
0
0
0
0
0
0
0
0
0
0
0
0
0
0
0
0
0
0
0
0
0
0
0
0
0
0
0
0
0
0
0
0
0
0
0
0
0
0
0
0
0
0
0
0
0
0
0
0
0
0
0
0
0
0
0
0
0
0
0
0
0
0
0
0
0
0
0
0
0
0
0
0
0
0
0
0
0
0
0
0
0
0
0
0
0
0
0
0
0
0
0
0
0
0
0
0
0
0
0
0
0
0
0
0
0
0
0
0
0
0
0
0
0
0
0
0
0
0
0
0
0
0
0
0
0
0
0
0
0
0
0
0
0
0
0
0
0
0
0
0
0
0
0
0
0
0
0
0
0
0
0
0
0
0
0
0
0
0
0
0
0
0
0
0
0
0
0
0
0
0
0
0
0
0
0
0
0
0
0
0
0
0
0
0
0
0
0
0
0
0
0
0
0
0
0
0
0
0
0
0
0
0
0
0
0
0
0
0
0
0
0
0
0
0
0
0
0
0
0
0
0
0
0
0
0
0
0
0
0
0
0
0
0
0
0
0
0
0
0
0
0
0
0
0
0
0
0
0
0
0
0
0
0
0
0
0
0
0
0
0
0
0
0
0
0
0
0
0
0
0
0
0
0
0
0
0
0
0
0
0
0
0
0
0
0
0
0
0
0
0
0
0
0
0
0
0
0
0
0
0
0
0
0
0
0
0
0
0
0
0
0
0
0
0
0
0
0
0
0
0
0
0
0
0
0
0
0
0
0
0
0
0
0
0
0
0
0
0
0
0
0
0
0
0
0
0
0
0
0
0
0
0
0
0
0
0
0
0
0
0
0
0
0
0
0
0
0
0
0
0
0
0
0
0
0
0
0
0
0
0
0
0
0
0
0
0
0
0
0
0
0
0
0
0
0
0
0
0
0
0
0
0
0
0
0
0
0
0
0
0
0
0
0
0
0
0
0
0
0
0
0
0
0
0
0
0
0
0
0
0
0
0
0
0
0
0
0
0
0
0
0
0
0
0
0
0
0
0
0
0
0
0
0
0
0
0
0
0
0
0
0
0
0
0
0
0
0
0
0
0
0
0
0
0
0
0
0
0
0
0
0
0
0
0
0
0
0
0
0
0
0
0
0
0
0
0
0
0
0
0
0
0
0
0
0
0
0
0
0
0
0
0
0
0
0
722
721
684
763
742
738
769
744
741
731
738
725
746
741
749
735
809
866
864
827
801
815
816
809
808
806
804
806
806
787
845
816
863
847
873
872
833
839
829
810
817
856
856
856
923
924
922
924
927
925
934
957
961
1005
1.004700e+03
1019
898
898
1032
1036
995
958
1294
1310
1310
1316
1290
1281
1266
1291
1275
1276
1269
1642
1837
1805
1453
1378
1435
1413
1411
1449
1471
1474
1417
1434
1447
1340
1506
1568
1566
1543
1624
1509
1560
1580
1492
1504
1466
1352
1527
1.532000e+01
1510
1514
1528
1437
1484
1522
1369
1453
1481
1468
1444
1366
1407
1407
1407
1396
1393
1373
1.383630e+03
1193
1264
1453
1357
1428
1257
1191
1165
1166
1132
1088
1306
1407
1426
1407
1455
1553
1476
1440
1427
1438
1408
1407
1408
1397
1385
1401
1376
1385
1407
1457
1512
1508
1459
1475
1489
1487
1489
1487
1488
1482
1472
1451
1470
1458
1461
1441
1432
1432
1432
1432
1416
1420
1389
1400
1386
1387
1366
1385
1413
1403
1403
1413
1365
1340
1340
1340
1327
1302
1303
1313
1292
1277
1290
1241
1167
1101
1088
1092
1059
1032
1043
1040
997
1003
984
967
976
945
934
914
918
926
720
719
687
683
671
658
672
670
645
670
619
680
632
635
648
633
650
810
656
662
625
636
621
591
608
603
617
616
575
591
588
548
552
545
536
538
548
530
528
500
517
514
505
494
517
456
503
489
362
642
622
581
581
581
525
517
527
524
500
510
487
497
464
472
469
469
430
430
436
438
438
437
425
431
416
412
424
679
434
418
824
824
416
416
416
396
394
395
384
360
360
382
373
378
386
375
382
371
372
361
364
355
356
357
344
350
342
359
346
350
351
340
339
569
346
347
345
345
354
336
339
340
337
340
337
337
337
528
544
519
540
523
514
511
522
505
480
471
501
495
500
477
477
453
493
498
440
462
480
495
493
476
441
487
463
499
520
473
501
419
452
442
482
472
469
514
483
482
474
479
483
473
470
454
488
460
458
490
398
448
409
522
478
569
481
385
288
550
743
627
210
178
166
265
231
320
285
310
310
285
265
351
375
320
399
402
397
393
370
117
355
494
151
3.212308e+02
3.195473e+02
3.178637e+02
336
201
534
767
767
767
162
367
536
518
288
288
288
356
478
280
321
129
129
129
170
356
356
356
68
68
68
596
596
596
596
194
194
194
194
296
751
730
566
566
566
467
265
162
168
678
337
341
271
108
100
220
148
128
415
611
193
417
153
390
388
383
314
314
367
452
290
290
290
258
230
249
211
84
84
84
197
134
236
236
98
98
98
104
172
199
199
216
216
216
906
906
448
422
422
422
422
422
422
422
422
422
422
422
422
422
422
422
422
422
422
422
422
422
422
422
422
422
422
422
422
422
422
422
422
422
422
422
422
422
422
422
422
422
422
422
422
422
422
422
422
329
340
364
364
364
364
360
360
354
360
360
360
354
354
340
299
282
282
282
275
269
269
269
269
269
269
234
222
226
221
232
232
232
232
265
300
210
216
216
216
222
217
220
220
234
234
234
245
311
314
314
296
296
296
300
300
300
300
189
189
189
164
185
312
267
296
296
296
324
333
168
168
168
168
168
320
320
320
321
330
330
330
330
334
320
320
311
311
311
333
300
300
300
300
300
300
300
300
300
300
300
300
300
340
118
538
538
538
538
538
161
161
160
156
155
155
155
151
142
148
158
147
147
147
154
151
169
174
196
196
196
157
155
157
157
153
153
153
153
153
153
153
153
153
153
153
177
177
254
254
254
254
190
190
185
176
176
176
176
166
161
161
161
161
161
161
161
161
155
155
155
155
155
142
134
130
131
131
131
131
111
119
121
123
120
120
120
126
126
329
129
311
311
311
139
139
138
138
138
138
138
135
150
138
123
362
362
362
362
132
129
123
102
102
102
572
572
428
428
428
428
428
444
453
372
372
372
372
372
418
418
418
134
338
338
338
338
131
131
131
134
134
134
222
222
222
222
111
111
111
111
111
111
111
111
111
111
123
123
123
123
123
123
123
123
123
101
101
101
101
101
61
61
85
82
82
82
82
82
45
45
45
45
45
45
45
45
45
45
45
45
45
45
45
45
123
123
123
123
120
109
118
110
118
118
118
125
66
66
66
66
66
66
92
96
90
90
53
53
53
56
56
56
56
56
56
56
92
92
92
92
92
92
92
92
92
92
92
92
92
92
92
92
92
92
92
92
92
92
92
92
92
92
92
92
92
92
92
92
108
108
108
108
108
108
108
693
693
693
693
693
693
693
693
693
693
693
693
693
693
693
693
693
693
693
693
693
693
693
693
693
693
693
693
693
693
693
693
693
693
693
693
693
693
693
693
78
78
78
78
78
78
78
78
78
78
78
78
78
78
78
78
78
78
78
78
78
78
78
78
78
78
78
78
78
78
78
78
78
108
108
108
108
108
108
108
108
108
108
108
99
99
99
99
99
99
99
99
99
99
99
99
99
99
99
99
99
99
99
311
311
302
302
302
302
302
118
118
118
118
118
118
118
118
118
118
118
118
118
118
118
118
118
118
118
118
118
118
118
118
118
118
118
118
118
118
118
118
118
90
90
90
90
90
90
90
90
90
90
90
90
90
90
90
90
90
90
90
90
90
90
90
90
90
90
90
90
90
90
90
90
90
90
90
90
90
90
90
90
90
90
90
90
90
90
90
90
90
90
90
90
90
90
90
90
131
131
131
131
131
131
131
131
131
131
131
131
131
131
131
131
131
131
131
131
131
131
131
129
129
129
129
129
129
129
129
129
129
129
129
129
129
129
129
129
129
129
129
129
129
129
129
129
129
129
129
129
129
129
129
129
129
129
129
129
129
129
129
129
129
129
129
129
129
129
129
129
129
129
129
129
129
113
113
113
113
117
117
117
117
117
117
117
117
117
117
117
117
117
117
117
117
117
117
117
117
117
117
117
117
117
117
117
117
117
117
117
117
117
117
117
117
117
117
117
117
117
117
117
117
117
117
117
117
117
117
117
117
117
117
117
117
117
117
117
117
117
117
117
117
117
117
117
117
117
117
117
117
117
117
117
117
117
117
117
117
117
117
117
117
117
117
117
117
117
95
95
95
95
95
95
95
95
95
95
95
95
95
95
95
95
95
95
95
95
95
95
95
95
95
95
95
95
95
95
96
96
96
96
96
96
96
96
96
96
96
96
73
73
73
73
73
72
72
72
72
72
72
72
72
72
72
72
72
72
72
72
72
72
72
72
72
72
72
72
72
72
72
72
72
75
75
75
75
75
75
75
75
75
75
75
75
75
75
75
75
75
75
75
75
75
75
75
75
79
79
79
79
79
79
79
79
79
79
79
79
67
67
67
67
67
67
67
67
67
67
67
67
67
67
67
67
67
67
67
67
79
79
82
82
90
90
90
90
90
60
60
63
63
63
62
62
62
62
62
62
62
62
62
62
62
62
62
62
62
62
62
62
62
62
62
62
62
62
62
62
62
62
62
62
66
66
66
66
66
66
66
66
66
68
68
68
68
68
65
65
65
65
65
65
65
65
65
70
70
70
68
68
68
68
68
68
68
68
68
68
68
68
68
68
62
62
60
60
60
60
60
60
60
71
71
71
71
71
70
70
68
68
68
68
68
68
68
68
68
68
68
68
68
68
68
68
68
68
68
68
68
68
68
68
68
68
66
66
60
60
60
60
60
60
60
60
60
60
60
60
60
60
60
60
60
60
60
60
60
60
60
60
60
60
60
60
60
60
60
60
60
60
60
60
60
60
60
60
60
60
60
60
60
60
60
60
60
84
84
84
84
84
72
72
72
72
70
70
70
70
70
60
60
66
66
66
70
70
68
68
70
70
70
70
70
77
77
77
77
77
79
79
61
61
61
61
61
61
61
60
60
64
64
64
70
70
70
70
62
62
62
62
62
66
66
64
64
64
66
66
66
66
66
66
66
66
66
66
66
66
66
66
66
66
66
66
66
66
66
66
66
66
66
70
70
70
56
56
58
58
58
58
58
58
58
61
61
60
60
60
60
60
51
51
51
51
51
51
51
51
51
51
51
51
51
51
51
51
62
62
62
62
62
62
62
60
60
60
60
60
60
60
60
60
60
60
60
62
62
62
62
62
62
62
62
62
62
62
62
62
62
62
62
62
62
62
57
57
57
57
57
57
57
57
57
60
60
60
60
60
60
60
60
60
60
60
60
60
60
64
64
61
61
61
61
61
63
63
60
60
60
60
60
57
57
57
57
57
60
60
59
59
59
59
59
59
59
59
59
59
59
59
59
59
59
59
59
59
59
59
59
59
59
59
59
59
59
59
59
59
59
59
59
59
59
59
59
59
59
59
59
59
59
59
59
59
59
59
59
59
59
59
59
59
59
59
59
59
59
59
59
59
59
59
59
59
59
59
59
59
59
59
59
59
59
59
59
59
59
59
59
59
59
59
59
59
59
59
59
59
59
59
59
59
59
59
59
59
59
59
59
59
59
59
59
59
59
59
59
59
59
59
59
59
59
59
59
59
59
59
59
59
59
59
59
59
59
59
59
59
59
59
59
59
59
59
59
59
59
59
59
59
59
59
59
59
59
59
59
59
59
59
59
59
59
59
59
59
59
59
59
59
59
59
59
59
59
59
59
59
59
59
59
59
59
59
59
59
59
59
59
59
59
59
59
59
59
59
59
59
59
59
59
59
59
59
59
59
59
59
59
59
59
59
59
59
59
59
59
59
59
59
59
59
59
59
59
59
59
59
59
59
59
59
59
59
59
59
59
59
59
59
59
59
59
59
59
59
59
59
59
59
59
59
59
59
59
59
59
59
59
59
59
59
59
59
59
59
59
59
59
59
59
59
59
59
59
59
59
59
59
59
59
59
59
59
59
59
59
59
59
59
59
59
59
59
59
59
59
59
59
59
59
59
59
59
59
59
59
59
59
59
59
59
59
59
59
59
59
59
59
59
59
59
59
59
59
59
59
59
59
59
59
59
59
59
59
59
59
59
59
59
59
59
59
59
59
59
59
59
59
59
59
59
59
59
59
59
59
59
59
59
59
59
59
59
59
59
59
59
59
59
59
59
59
59
59
59
59
59
59
59
59
59
