0
0
0
0
0
0
0
0
0
0
0
0
0
0
0
0
0
0
0
0
0
0
0
0
0
0
0
0
0
0
0
0
0
0
0
0
0
0
0
0
0
0
0
0
0
0
0
0
0
0
0
0
0
0
0
0
0
0
0
0
0
0
0
0
0
0
0
0
0
0
0
0
0
0
0
0
0
0
0
0
0
0
0
0
0
0
0
0
0
0
0
0
0
0
0
0
0
0
0
0
0
0
0
0
0
0
0
0
0
0
0
0
0
0
0
0
0
0
0
0
0
0
0
0
0
0
0
0
0
0
0
0
0
0
0
0
0
0
0
0
0
0
0
0
0
0
0
0
0
0
0
0
0
0
0
0
0
0
0
0
0
0
0
0
0
0
0
0
0
0
0
0
0
0
0
0
0
0
0
0
0
0
0
0
0
0
0
0
0
0
0
0
0
0
0
0
0
0
0
0
0
0
0
0
0
0
0
0
0
0
0
0
0
0
0
0
0
0
0
0
0
0
0
0
0
0
0
0
0
0
0
0
0
0
0
0
0
0
0
0
0
0
0
0
0
0
0
0
0
0
0
0
0
0
0
0
0
0
0
0
0
0
0
0
0
0
0
0
0
0
0
0
0
0
0
0
0
0
0
0
0
0
0
0
0
0
0
0
0
0
0
0
0
0
0
0
0
0
0
0
0
0
0
0
0
0
0
0
0
0
0
0
0
0
0
0
0
0
0
0
0
0
0
0
0
0
0
0
0
0
0
0
0
0
0
0
0
0
0
0
0
0
0
0
0
0
0
0
0
0
0
0
0
0
0
0
0
0
0
0
0
0
0
0
0
0
0
0
0
0
0
0
0
0
0
0
0
0
0
0
0
0
0
0
0
0
0
0
0
0
0
0
0
0
0
0
0
0
0
0
0
0
0
0
0
0
0
0
0
0
0
0
0
0
0
0
0
0
0
0
0
0
0
0
0
0
0
0
0
0
0
0
0
0
0
0
0
0
0
0
0
0
0
0
0
0
0
0
0
0
0
0
0
0
0
0
0
0
0
0
0
0
0
0
0
0
0
0
0
0
0
0
0
0
0
0
0
0
0
0
0
0
0
0
0
0
0
0
0
0
0
0
0
0
0
0
0
0
0
0
0
0
0
0
0
0
0
0
0
0
0
0
0
0
0
0
0
0
0
0
0
0
0
0
0
0
0
0
0
0
0
0
0
0
0
0
0
0
0
0
0
0
0
0
0
0
0
0
0
0
0
0
0
0
0
0
0
0
0
0
0
0
0
0
0
0
0
0
0
0
0
0
0
0
0
0
0
0
0
0
0
0
0
0
0
0
0
0
0
0
0
0
0
0
0
0
0
0
0
0
0
0
0
0
0
0
0
0
0
0
0
0
0
0
0
0
0
0
0
0
0
0
0
0
0
0
0
0
0
0
0
0
0
0
0
0
0
0
0
0
0
0
0
0
0
0
0
0
0
0
0
0
0
0
0
0
0
0
0
0
0
0
0
0
0
0
0
0
0
0
0
0
0
0
0
0
0
0
0
0
0
0
0
0
0
0
0
0
0
0
0
0
0
0
0
0
0
0
0
0
0
0
0
0
0
0
0
0
0
0
0
0
0
0
0
0
0
0
0
0
0
0
0
0
0
0
0
0
0
0
0
0
0
0
0
0
0
0
0
0
0
0
0
0
0
0
0
0
0
0
0
0
0
0
0
0
0
0
0
0
0
0
0
0
0
0
0
0
0
0
0
0
0
0
0
0
0
0
0
0
0
0
0
0
0
0
0
0
0
0
0
0
0
0
0
0
0
0
0
0
0
0
0
0
0
0
0
0
0
0
0
0
0
0
0
0
0
0
0
0
0
0
0
0
0
0
0
0
0
0
0
0
0
0
0
0
0
0
0
0
0
0
0
0
0
0
0
0
0
0
0
0
0
0
0
0
0
0
0
0
0
0
0
0
0
0
0
0
0
0
0
0
0
0
0
0
0
0
0
0
0
0
0
0
0
0
0
0
0
0
0
0
0
0
0
0
0
0
0
0
0
0
0
0
0
0
0
0
0
0
0
0
0
0
0
0
0
0
0
0
0
0
0
0
0
0
0
0
0
0
0
0
0
0
0
0
0
0
0
0
0
0
0
0
0
0
0
0
0
0
0
0
0
0
0
0
0
0
0
0
0
0
0
0
0
0
0
0
0
0
0
0
0
0
0
0
0
0
0
0
0
0
0
0
0
0
0
0
0
0
0
0
0
0
0
0
0
0
0
0
0
0
0
0
0
0
0
0
0
0
0
0
0
0
0
0
0
0
0
0
0
0
0
0
0
0
0
0
0
0
0
0
0
0
0
0
0
0
0
0
0
0
0
0
0
0
0
0
0
0
0
0
0
0
0
0
0
0
0
0
0
0
0
0
0
0
0
0
0
0
0
0
0
0
0
0
0
0
0
0
0
0
0
0
0
0
0
0
0
0
0
0
0
0
0
0
0
0
0
0
0
0
0
0
0
0
0
0
0
0
0
0
0
0
0
0
0
0
0
0
0
0
0
0
0
0
0
0
0
0
0
0
0
0
0
0
0
0
0
0
0
0
0
0
0
0
0
0
0
0
0
0
0
0
0
0
0
0
0
0
0
0
0
0
0
0
0
0
0
0
0
0
0
0
0
0
0
0
0
0
0
0
0
0
0
0
0
0
0
0
0
0
0
0
0
0
0
0
0
0
0
0
0
0
0
0
0
0
0
0
0
0
0
0
0
0
0
0
0
0
0
0
0
0
0
0
0
0
0
0
0
0
0
0
0
0
0
0
0
0
0
0
0
0
0
0
0
0
0
0
0
0
0
0
0
0
0
0
0
0
0
0
0
0
0
0
0
0
0
0
0
0
0
0
0
0
0
0
0
0
0
0
0
0
0
0
0
0
0
0
0
0
0
0
0
0
0
0
0
0
0
0
0
0
0
0
0
0
0
0
0
0
0
0
0
0
0
0
0
0
0
0
0
0
0
0
0
0
0
0
0
0
0
0
0
0
0
0
0
0
0
0
0
0
0
0
0
0
0
0
0
0
0
0
0
0
0
0
0
0
0
0
0
0
0
0
0
0
0
0
0
0
0
0
0
0
0
0
0
0
0
0
0
0
0
0
0
0
0
0
0
0
0
0
0
0
0
0
0
0
0
0
0
0
0
0
0
0
0
0
0
0
0
0
0
0
0
0
0
0
0
0
0
0
0
0
0
0
0
0
0
0
0
0
0
0
0
0
0
0
0
0
0
0
0
0
0
0
0
0
0
0
0
0
0
0
0
0
0
0
0
0
0
0
0
0
0
0
0
0
0
0
0
0
0
0
0
0
0
0
0
0
0
0
0
0
0
0
0
0
0
0
0
0
0
0
0
0
0
0
0
0
0
0
0
0
0
0
0
0
0
0
0
0
0
0
0
0
0
0
0
0
0
0
0
0
0
0
0
0
0
0
0
0
0
8.110000e+01
1.141200e+02
1.231200e+02
1.232900e+02
1.232900e+02
1.232900e+02
1.165600e+02
1.165600e+02
1.165600e+02
1.165600e+02
1.165600e+02
1.165600e+02
1.165600e+02
1.480000e+00
1.480000e+00
1.480000e+00
4.307000e+01
4.307000e+01
4.307000e+01
4.307000e+01
9.641000e+01
9.641000e+01
9.641000e+01
9.641000e+01
9.641000e+01
9.641000e+01
9.641000e+01
6.960000e+00
6.960000e+00
6.960000e+00
8.640000e+00
9.535000e+01
9.535000e+01
9.535000e+01
1.523600e+02
1.523600e+02
1.523600e+02
1.523600e+02
1.523600e+02
1.523600e+02
1.523600e+02
1.162000e+01
1.162000e+01
1.339000e+02
1.339000e+02
1.761000e+02
1.761000e+02
1.761000e+02
1.786500e+02
1.786500e+02
1.786500e+02
1.786500e+02
1.786500e+02
1.786500e+02
1.786500e+02
1.747800e+02
1.747800e+02
1.779800e+02
1.779800e+02
1.779800e+02
1.779800e+02
1.779800e+02
1.778800e+02
1.778800e+02
1.802800e+02
1.802800e+02
1.891600e+02
1.891600e+02
1.891600e+02
1.891600e+02
1.891600e+02
1.915600e+02
1.915600e+02
1.961600e+02
1.961600e+02
1.961600e+02
1.936700e+02
1.936700e+02
1.960600e+02
1.960600e+02
1.981400e+02
1.981400e+02
1.981400e+02
1.982000e+02
1.982000e+02
1.954400e+02
1.954400e+02
2.014700e+02
2.014700e+02
2.014700e+02
1.998700e+02
1.998700e+02
2.020600e+02
2.020600e+02
2.042000e+02
2.042000e+02
2.042000e+02
2.071500e+02
2.071500e+02
2.078100e+02
2.078100e+02
2.078100e+02
2.078100e+02
2.078100e+02
2.163500e+02
2.163500e+02
2.178000e+02
2.178000e+02
2.178000e+02
2.178000e+02
2.178000e+02
2.178000e+02
2.178000e+02
8.285000e+01
8.285000e+01
6.638000e+01
6.638000e+01
6.638000e+01
5.723000e+01
5.723000e+01
5.532000e+01
5.532000e+01
4.948000e+01
4.948000e+01
4.948000e+01
4.948000e+01
4.948000e+01
4.948000e+01
4.948000e+01
4.948000e+01
4.948000e+01
4.948000e+01
4.948000e+01
4.948000e+01
4.948000e+01
4.948000e+01
4.948000e+01
4.948000e+01
4.948000e+01
2.530000e+01
2.530000e+01
2.258000e+01
2.258000e+01
2.395000e+01
2.395000e+01
2.395000e+01
2.429000e+01
2.429000e+01
2.429000e+01
2.429000e+01
2.502000e+01
2.502000e+01
2.502000e+01
2.477000e+01
2.477000e+01
2.293000e+01
2.293000e+01
2.375000e+01
2.375000e+01
2.375000e+01
2.378000e+01
2.378000e+01
2.398000e+01
2.398000e+01
2.398000e+01
2.398000e+01
2.398000e+01
2.398000e+01
2.398000e+01
2.398000e+01
2.398000e+01
2.398000e+01
2.398000e+01
2.398000e+01
0
0
0
0
0
0
0
0
0
0
0
0
0
0
2.846000e+01
2.846000e+01
2.964000e+01
2.964000e+01
2.826000e+01
2.826000e+01
2.826000e+01
2.827000e+01
2.827000e+01
2.827000e+01
2.827000e+01
2.827000e+01
2.827000e+01
2.827000e+01
2.827000e+01
2.827000e+01
2.827000e+01
2.827000e+01
2.798000e+01
2.798000e+01
2.798000e+01
2.798000e+01
2.798000e+01
2.771000e+01
2.771000e+01
2.740000e+01
2.740000e+01
2.740000e+01
2.725000e+01
2.725000e+01
2.725000e+01
2.725000e+01
2.721000e+01
2.721000e+01
2.721000e+01
2.721000e+01
2.721000e+01
9.214000e+01
9.214000e+01
1.119300e+02
1.119300e+02
1.119300e+02
1.221000e+02
1.221000e+02
1.339300e+02
1.339300e+02
1.356900e+02
1.356900e+02
1.356900e+02
1.648200e+02
1.648200e+02
1.862600e+02
1.862600e+02
2.073600e+02
2.073600e+02
2.073600e+02
2.413400e+02
2.413400e+02
2.413400e+02
2.413400e+02
2.593500e+02
2.593500e+02
2.593500e+02
2.665600e+02
2.665600e+02
2.683100e+02
2.683100e+02
2.683100e+02
2.683100e+02
2.683100e+02
2.661200e+02
2.661200e+02
2.678900e+02
2.678900e+02
2.678900e+02
2.678900e+02
2.678900e+02
1.381300e+02
1.381300e+02
2.426800e+02
2.426800e+02
1.926200e+02
1.926200e+02
1.926200e+02
2.687600e+02
2.687600e+02
2.687600e+02
2.687600e+02
2.687600e+02
2.687600e+02
2.687600e+02
1.624500e+02
1.624500e+02
1.624500e+02
1.624500e+02
1.624500e+02
1.624500e+02
1.624500e+02
2.817900e+02
2.817900e+02
1.677600e+02
1.677600e+02
1.677600e+02
1.677600e+02
1.677600e+02
1.677600e+02
1.677600e+02
1.158100e+02
1.158100e+02
1.158100e+02
1.158100e+02
1.158100e+02
2.400700e+02
2.400700e+02
2.400700e+02
2.400700e+02
2.400700e+02
2.400700e+02
2.400700e+02
2.712600e+02
2.712600e+02
2.712600e+02
2.712600e+02
2.712600e+02
2.712600e+02
2.712600e+02
1.464500e+02
1.464500e+02
1.254100e+02
1.254100e+02
1.148200e+02
1.148200e+02
1.148200e+02
1.026600e+02
1.026600e+02
1.026600e+02
1.026600e+02
1.026600e+02
1.026600e+02
1.026600e+02
1.026600e+02
7.674000e+01
7.674000e+01
7.674000e+01
6.982000e+01
6.982000e+01
6.982000e+01
6.576000e+01
6.576000e+01
6.576000e+01
6.576000e+01
6.576000e+01
6.576000e+01
6.576000e+01
0
0
0
0
0
0
0
0
0
0
0
0
0
0
0
0
0
0
0
0
0
0
0
0
0
0
0
0
0
0
0
0
0
0
0
3.848000e+01
3.848000e+01
3.848000e+01
3.848000e+01
3.848000e+01
3.848000e+01
3.848000e+01
3.848000e+01
3.848000e+01
4.585000e+01
4.585000e+01
4.585000e+01
4.585000e+01
4.585000e+01
2.103900e+02
2.103900e+02
2.103900e+02
2.103900e+02
2.103900e+02
2.103900e+02
2.103900e+02
2.103900e+02
2.103900e+02
2.103900e+02
2.103900e+02
2.103900e+02
2.103900e+02
2.103900e+02
2.103900e+02
2.103900e+02
2.103900e+02
2.103900e+02
2.103900e+02
2.103900e+02
2.103900e+02
5.120000e+01
5.120000e+01
5.120000e+01
5.120000e+01
5.120000e+01
5.120000e+01
5.120000e+01
2.275400e+02
2.275400e+02
2.275400e+02
2.275400e+02
2.275400e+02
2.275400e+02
2.275400e+02
1.101800e+02
1.101800e+02
8.775000e+01
8.775000e+01
8.078000e+01
8.078000e+01
8.078000e+01
2.486000e+02
2.486000e+02
2.430300e+02
2.430300e+02
2.707500e+02
2.707500e+02
2.707500e+02
2.846400e+02
2.846400e+02
290
290
2.949800e+02
2.949800e+02
2.949800e+02
3.033100e+02
3.033100e+02
3.033100e+02
3.033100e+02
3.033100e+02
3.033100e+02
3.033100e+02
1.008700e+02
1.008700e+02
2.904500e+02
2.904500e+02
2.987500e+02
2.987500e+02
2.987500e+02
2.987500e+02
2.987500e+02
2.987500e+02
2.987500e+02
3.213400e+02
3.213400e+02
3.213400e+02
3.267400e+02
3.267400e+02
3.312600e+02
3.312600e+02
3.312600e+02
3.312600e+02
3.312600e+02
3.312600e+02
3.312600e+02
3.312600e+02
3.312600e+02
3.312600e+02
3.312600e+02
3.312600e+02
3.312600e+02
3.312600e+02
3.383200e+02
3.383200e+02
3.383200e+02
3.383200e+02
3.383200e+02
3.383200e+02
3.383200e+02
3.383200e+02
3.383200e+02
3.383200e+02
3.383200e+02
3.383200e+02
3.383200e+02
3.383200e+02
3.383200e+02
3.383200e+02
3.383200e+02
3.383200e+02
3.383200e+02
3.383200e+02
3.383200e+02
3.752200e+02
3.752200e+02
3.752200e+02
3.752200e+02
3.752200e+02
3.752200e+02
3.752200e+02
3.752200e+02
3.752200e+02
3.752200e+02
3.752200e+02
3.752200e+02
3.474600e+02
2.216300e+02
2.216300e+02
1.713800e+02
1.713800e+02
3.735300e+02
3.735300e+02
3.735300e+02
3.411600e+02
3.411600e+02
3.411600e+02
3.411600e+02
3.411600e+02
3.411600e+02
3.411600e+02
2.314000e+01
2.314000e+01
3.419900e+02
3.419900e+02
3.427200e+02
3.427200e+02
3.427200e+02
3.469100e+02
3.469100e+02
3.469100e+02
3.469100e+02
3.469100e+02
3.469100e+02
3.469100e+02
2.539800e+02
2.539800e+02
2.378600e+02
2.378600e+02
3.263500e+02
3.263500e+02
3.263500e+02
3.282600e+02
3.282600e+02
3.282600e+02
3.282600e+02
3.282600e+02
3.282600e+02
3.282600e+02
3.282600e+02
3.282600e+02
3.282600e+02
3.282600e+02
3.282600e+02
3.282600e+02
3.282600e+02
3.282600e+02
3.282600e+02
2.249600e+02
2.249600e+02
3.154300e+02
3.154300e+02
3.154300e+02
3.151800e+02
3.151800e+02
3.333300e+02
3.333300e+02
2.927800e+02
2.927800e+02
2.927800e+02
3.375500e+02
3.375500e+02
3.375500e+02
3.375500e+02
3.375500e+02
3.375500e+02
3.375500e+02
3.113800e+02
3.113800e+02
3.131100e+02
3.131100e+02
2.818100e+02
2.818100e+02
2.818100e+02
3.191900e+02
3.191900e+02
3.191900e+02
3.191900e+02
2.538100e+02
2.538100e+02
2.538100e+02
2.874700e+02
2.874700e+02
3.310800e+02
3.310800e+02
2.556000e+02
2.556000e+02
2.556000e+02
2.556000e+02
2.556000e+02
2.556000e+02
2.556000e+02
2.243600e+02
2.243600e+02
2.243600e+02
2.243600e+02
2.243600e+02
2.239700e+02
2.239700e+02
3.048900e+02
3.048900e+02
3.048900e+02
2.781200e+02
2.781200e+02
3.103500e+02
3.103500e+02
3.103500e+02
3.103500e+02
3.103500e+02
2.468700e+02
2.468700e+02
3.208400e+02
3.208400e+02
2.946300e+02
2.946300e+02
2.946300e+02
3.312000e+02
3.312000e+02
3.752200e+02
3.381600e+02
3.381600e+02
3.381600e+02
3.381600e+02
3.381600e+02
3.381600e+02
3.448600e+02
3.448600e+02
3.544000e+02
3.544000e+02
3.544000e+02
3.544000e+02
3.544000e+02
3.474600e+02
3.474600e+02
3.474600e+02
3.474600e+02
3.474600e+02
3.474600e+02
2.392900e+02
2.392900e+02
2.394000e+02
2.394000e+02
2.394000e+02
2.394700e+02
2.394700e+02
2.381900e+02
2.381900e+02
2.381900e+02
2.381900e+02
2.381900e+02
2.351900e+02
2.351900e+02
2.358500e+02
2.358500e+02
2.358500e+02
2.358500e+02
2.358500e+02
2.366200e+02
2.366200e+02
2.383300e+02
2.383300e+02
2.384300e+02
2.384300e+02
2.384300e+02
2.399400e+02
2.399400e+02
2.396600e+02
2.396600e+02
2.396600e+02
2.396600e+02
2.396600e+02
2.396600e+02
2.396600e+02
2.384400e+02
2.384400e+02
2.340800e+02
2.340800e+02
2.340800e+02
2.417900e+02
2.417900e+02
2.412900e+02
2.412900e+02
2.412900e+02
2.412900e+02
2.412900e+02
2.404500e+02
2.404500e+02
2.348500e+02
2.348500e+02
2.482300e+02
2.482300e+02
2.482300e+02
2.457900e+02
2.457900e+02
2.443800e+02
2.443800e+02
2.443800e+02
2.443800e+02
2.443800e+02
2.425400e+02
2.425400e+02
2.423600e+02
2.423600e+02
2.423600e+02
2.423600e+02
2.423600e+02
241
241
2.404600e+02
2.404600e+02
2.404600e+02
2.404600e+02
2.404600e+02
2.404600e+02
2.404600e+02
2.402100e+02
2.402100e+02
2.402100e+02
2.402100e+02
2.402100e+02
2.388900e+02
2.388900e+02
2.388000e+02
2.388000e+02
2.388000e+02
2.388000e+02
2.388000e+02
2.389600e+02
2.389600e+02
2.389600e+02
2.389600e+02
2.382100e+02
2.382100e+02
2.382100e+02
2.379900e+02
2.379900e+02
2.389100e+02
2.389100e+02
2.389100e+02
2.389100e+02
2.389100e+02
2.389100e+02
2.389100e+02
2.368700e+02
2.368700e+02
2.368700e+02
2.368700e+02
2.368700e+02
2.355700e+02
2.355700e+02
2.355700e+02
2.355700e+02
2.349400e+02
2.349400e+02
2.349400e+02
2.352900e+02
2.352900e+02
2.348300e+02
2.348300e+02
2.346800e+02
2.346800e+02
2.346800e+02
2.338100e+02
2.338100e+02
2.342100e+02
2.342100e+02
2.342100e+02
2.342100e+02
2.342100e+02
2.341800e+02
2.341800e+02
2.344300e+02
2.344300e+02
2.332700e+02
2.332700e+02
2.332700e+02
2.340300e+02
2.340300e+02
3.312000e+02
3.312000e+02
2.357500e+02
2.357500e+02
2.357500e+02
2.619200e+02
2.619200e+02
3.044200e+02
3.044200e+02
3.236900e+02
3.236900e+02
3.236900e+02
3.203500e+02
3.203500e+02
3.203500e+02
3.203500e+02
3.203500e+02
3.203500e+02
3.203500e+02
3.241800e+02
3.241800e+02
2.917000e+02
2.917000e+02
3.230900e+02
3.230900e+02
3.230900e+02
3.229100e+02
3.229100e+02
3.202700e+02
3.202700e+02
3.173200e+02
3.173200e+02
3.173200e+02
3.153500e+02
3.153500e+02
3.153500e+02
3.153500e+02
3.153500e+02
3.153500e+02
3.153500e+02
3.153500e+02
3.153500e+02
2.381200e+02
2.381200e+02
2.381200e+02
2.381200e+02
2.381200e+02
2.956600e+02
2.956600e+02
2.955200e+02
2.955200e+02
2.964100e+02
2.964100e+02
2.964100e+02
2.987400e+02
2.987400e+02
2.997600e+02
2.997600e+02
2.982500e+02
2.982500e+02
2.982500e+02
2.996200e+02
2.996200e+02
2.996200e+02
2.973000e+02
2.966900e+02
2.966900e+02
2.966900e+02
2.968400e+02
2.968400e+02
2.968400e+02
2.968400e+02
2.968400e+02
2.968400e+02
2.968400e+02
2.934500e+02
2.934500e+02
2.915600e+02
2.915600e+02
2.915600e+02
2.915600e+02
2.915600e+02
2.919500e+02
2.919500e+02
2.908000e+02
2.908000e+02
2.904500e+02
2.904500e+02
2.904500e+02
2.893400e+02
2.893400e+02
2.890200e+02
2.890200e+02
2.875100e+02
2.875100e+02
2.875100e+02
2.865900e+02
2.865900e+02
2.851300e+02
2.851300e+02
2.827800e+02
2.827800e+02
2.827800e+02
2.822800e+02
2.822800e+02
2.812100e+02
2.812100e+02
2.792400e+02
2.792400e+02
2.792400e+02
2.778100e+02
2.778100e+02
2.755700e+02
2.755700e+02
2.726200e+02
2.726200e+02
2.726200e+02
2.664900e+02
2.664900e+02
2.647400e+02
2.647400e+02
2.624400e+02
2.624400e+02
2.624400e+02
2.590500e+02
2.590500e+02
2.590500e+02
2.590500e+02
2.590500e+02
2.590500e+02
2.590500e+02
2.553400e+02
2.553400e+02
2.527200e+02
2.527200e+02
2.490300e+02
2.490300e+02
2.490300e+02
2.590700e+02
2.590700e+02
2.589800e+02
2.589800e+02
2.570300e+02
2.570300e+02
2.570300e+02
2.579500e+02
2.579500e+02
2.169300e+02
2.169300e+02
2.169300e+02
2.169300e+02
2.169300e+02
2.671500e+02
2.671500e+02
2.664200e+02
2.664200e+02
2.656100e+02
2.656100e+02
2.656100e+02
2.644600e+02
2.644600e+02
2.620900e+02
2.620900e+02
2.629600e+02
2.629600e+02
2.629600e+02
2.626200e+02
2.626200e+02
2.626200e+02
2.626200e+02
2.626200e+02
2.626200e+02
2.626200e+02
2.105100e+02
2.105100e+02
2.602300e+02
2.602300e+02
2.577700e+02
2.577700e+02
2.577700e+02
2.576800e+02
2.576800e+02
2.576800e+02
2.576800e+02
2.598200e+02
2.598200e+02
2.598200e+02
2.558300e+02
2.558300e+02
2.566000e+02
2.566000e+02
2.566000e+02
2.566000e+02
2.566000e+02
2.524200e+02
2.524200e+02
2.529900e+02
2.529900e+02
2.511400e+02
2.511400e+02
2.511400e+02
2.517700e+02
2.517700e+02
2.517500e+02
2.517500e+02
2.508700e+02
2.508700e+02
2.508700e+02
2.503200e+02
2.503200e+02
2.501500e+02
2.501500e+02
2.493200e+02
2.493200e+02
2.493200e+02
2.480900e+02
2.480900e+02
2.480900e+02
2.480900e+02
2.485000e+02
2.485000e+02
2.485000e+02
246
246
246
246
246
246
246
2.461200e+02
2.461200e+02
2.444600e+02
2.444600e+02
2.444600e+02
2.444600e+02
2.444600e+02
2.448400e+02
2.448400e+02
2.456800e+02
2.456800e+02
2.449400e+02
2.449400e+02
2.449400e+02
2.472300e+02
2.472300e+02
2.474700e+02
2.474700e+02
2.471100e+02
2.471100e+02
2.471100e+02
2.456600e+02
2.456600e+02
2.447300e+02
2.447300e+02
2.447300e+02
2.447300e+02
2.447300e+02
2.447300e+02
2.447300e+02
2.421700e+02
2.421700e+02
2.421700e+02
2.421700e+02
2.421700e+02
2.399000e+02
2.399000e+02
2.397700e+02
2.397700e+02
2.409000e+02
2.409000e+02
2.409000e+02
2.404600e+02
2.404600e+02
2.342700e+02
2.342700e+02
2.342700e+02
2.342700e+02
2.342700e+02
2.355500e+02
2.355500e+02
2.357300e+02
2.357300e+02
2.052400e+02
2.052400e+02
2.052400e+02
2.052400e+02
2.052400e+02
2.052400e+02
2.052400e+02
2.052400e+02
2.052400e+02
2.052400e+02
2.370100e+02
2.370100e+02
2.370600e+02
2.370600e+02
2.372300e+02
2.372300e+02
2.372300e+02
2.372300e+02
2.372300e+02
2.369000e+02
2.369000e+02
2.369000e+02
2.369000e+02
2.369000e+02
2.377000e+02
2.377000e+02
2.377800e+02
2.377800e+02
2.374000e+02
2.374000e+02
2.374000e+02
2.374000e+02
2.374000e+02
2.374000e+02
2.374000e+02
2.374000e+02
2.374000e+02
2.374000e+02
2.379400e+02
2.379400e+02
2.379400e+02
2.379400e+02
2.395100e+02
2.395100e+02
2.395100e+02
2.383000e+02
2.383000e+02
2.386700e+02
2.386700e+02
2.402400e+02
2.402400e+02
2.402400e+02
239
239
238
238
241
241
241
241
241
240
240
242
242
242
243
243
242
242
242
242
242
242
242
242
242
242
242
242
2.437300e+02
2.437300e+02
2.436900e+02
2.436900e+02
2.454500e+02
2.454500e+02
2.454500e+02
2.445300e+02
2.445300e+02
2.462800e+02
2.462800e+02
2.504100e+02
2.504100e+02
2.504100e+02
2.492600e+02
2.492600e+02
2.492600e+02
2.492600e+02
2.504100e+02
2.504100e+02
2.504100e+02
2.497900e+02
2.497900e+02
2.508900e+02
2.508900e+02
2.512000e+02
2.512000e+02
2.512000e+02
2.516100e+02
2.516100e+02
2.524800e+02
2.524800e+02
2.538800e+02
2.538800e+02
2.538800e+02
255
255
255
255
2.535600e+02
2.535600e+02
2.535600e+02
2.532600e+02
2.532600e+02
2.532600e+02
2.532600e+02
2.533000e+02
2.533000e+02
2.533000e+02
2.288400e+02
2.288400e+02
2.514200e+02
2.514200e+02
2.520800e+02
2.520800e+02
2.520800e+02
2.514500e+02
2.514500e+02
2.517400e+02
2.517400e+02
2.517400e+02
2.517400e+02
2.517400e+02
2.503800e+02
2.503800e+02
2.515000e+02
2.515000e+02
2.518500e+02
2.518500e+02
2.518500e+02
2.507200e+02
2.507200e+02
2.513900e+02
2.513900e+02
2.504600e+02
2.504600e+02
2.504600e+02
2.509800e+02
2.509800e+02
2.502800e+02
2.502800e+02
2.519200e+02
2.519200e+02
2.519200e+02
2.525300e+02
2.525300e+02
2.525300e+02
2.525300e+02
2.527800e+02
2.527800e+02
2.527800e+02
2.556800e+02
2.556800e+02
2.624100e+02
2.624100e+02
2.610400e+02
2.610400e+02
2.610400e+02
2.610400e+02
2.610400e+02
2.610400e+02
2.610400e+02
2.610400e+02
2.610400e+02
2.610400e+02
2.600900e+02
2.600900e+02
2.594300e+02
2.594300e+02
2.594300e+02
2.594300e+02
2.594300e+02
2.529200e+02
2.529200e+02
260
260
2.597900e+02
2.597900e+02
2.597900e+02
2.599000e+02
2.599000e+02
2.600200e+02
2.600200e+02
2.621300e+02
2.621300e+02
2.621300e+02
2.629100e+02
2.629100e+02
2.629100e+02
2.629100e+02
2.629100e+02
