0
0
0
0
0
0
0
0
0
0
0
0
0
0
0
0
0
0
0
0
0
0
0
0
0
0
0
0
0
0
0
0
0
0
0
0
0
0
0
0
0
0
0
0
0
0
0
0
0
0
0
0
0
0
0
0
0
0
0
0
0
0
0
0
0
0
0
0
0
0
0
0
0
0
0
0
0
0
0
0
0
0
0
0
0
0
0
0
0
0
0
0
0
0
0
0
0
0
0
0
0
0
0
0
0
0
0
0
0
0
0
0
0
0
0
0
0
0
0
0
0
0
0
0
0
0
0
0
0
0
0
0
0
0
0
0
0
0
0
0
0
0
0
0
0
0
0
0
0
0
0
0
0
0
0
0
0
0
0
0
0
0
0
0
0
0
0
0
0
0
0
0
0
0
0
0
0
0
0
0
0
0
0
0
0
0
0
0
0
0
0
0
0
0
0
0
0
0
0
0
0
0
0
0
0
0
0
0
0
0
0
0
0
0
0
0
0
0
0
0
0
0
0
0
0
0
0
0
0
0
0
0
0
0
0
0
0
0
0
0
0
0
0
0
0
0
0
0
0
0
0
0
0
0
0
0
0
0
0
0
0
0
0
0
0
0
0
0
0
0
0
0
0
0
0
0
0
0
0
0
0
0
0
0
0
0
0
0
0
0
0
0
0
0
0
0
0
0
0
0
0
0
0
0
0
0
0
0
0
0
0
0
0
0
0
0
0
0
0
0
0
0
0
0
0
0
0
0
0
0
0
0
0
0
0
0
0
0
0
0
0
0
0
0
0
0
0
0
0
0
0
0
0
0
0
0
0
0
0
0
0
0
0
0
0
0
0
0
0
0
0
0
0
0
0
0
0
0
0
0
0
0
0
0
0
0
0
0
0
0
0
0
0
0
0
0
0
0
0
0
0
0
0
0
0
0
0
0
0
0
0
0
0
0
0
0
0
0
0
0
0
0
0
0
0
0
0
0
0
0
0
0
0
0
0
0
0
0
0
0
0
0
0
0
0
0
0
0
0
0
0
0
0
0
0
0
0
0
0
0
0
0
0
0
0
0
0
0
0
0
0
0
0
0
0
0
0
0
0
0
0
0
0
0
0
0
0
0
0
0
0
0
0
0
0
0
0
0
0
0
0
0
0
0
0
0
0
0
0
0
0
0
0
0
0
0
0
0
0
0
0
0
0
0
0
0
0
0
0
0
0
0
0
0
0
0
0
0
0
0
0
0
0
0
0
0
0
0
0
0
0
0
0
0
0
0
0
0
0
0
0
0
0
0
0
0
0
0
0
0
0
0
0
0
0
0
0
0
0
0
0
0
0
0
0
0
0
0
0
0
0
0
0
0
0
0
0
0
0
0
0
0
0
0
0
0
0
0
0
0
0
0
0
0
0
0
0
0
0
0
0
0
0
0
0
0
0
0
0
0
0
0
0
0
0
0
0
0
0
0
0
0
0
0
0
0
0
0
0
0
0
0
0
0
0
0
0
0
0
0
0
0
0
0
0
0
0
0
0
0
0
0
0
0
0
0
0
0
0
0
0
0
0
0
0
0
0
0
0
0
0
0
0
0
0
0
0
0
0
0
0
0
0
0
0
0
0
0
0
0
0
0
0
0
0
0
0
0
0
0
0
0
0
0
0
0
0
0
0
0
0
0
0
0
0
0
0
0
0
0
0
0
0
0
0
0
0
0
0
0
0
0
0
0
0
0
0
0
0
0
0
0
0
0
0
0
0
0
0
0
0
0
0
0
0
0
0
0
0
0
0
0
0
0
0
0
0
0
0
0
0
0
0
0
0
0
0
0
0
0
0
0
0
0
0
0
0
0
0
0
0
0
0
0
0
0
0
0
0
0
0
0
0
0
0
0
0
0
0
0
0
0
0
0
0
0
0
0
0
0
0
0
0
0
0
0
0
0
0
0
0
0
0
0
0
0
0
0
0
0
0
0
0
0
0
0
0
0
0
0
0
0
0
0
0
0
0
0
0
0
0
0
0
0
0
0
0
0
0
0
0
0
0
0
0
0
0
0
0
0
0
0
0
0
0
0
0
0
0
0
0
0
0
0
0
0
0
0
0
0
0
0
0
0
0
0
0
0
0
0
0
0
0
0
0
0
0
0
0
0
0
0
0
0
0
0
0
0
0
0
0
0
0
0
0
0
0
0
0
0
0
0
0
0
0
0
0
0
0
0
0
0
0
0
0
0
0
0
0
0
0
0
0
0
0
0
0
0
0
0
0
0
0
0
0
0
0
0
0
0
0
0
0
0
0
0
0
0
0
0
0
0
0
0
0
0
0
0
0
0
0
0
0
0
0
0
0
0
0
0
0
0
0
0
0
0
0
0
0
0
0
0
0
0
0
0
0
0
0
0
0
0
0
0
0
0
0
0
0
0
0
0
0
0
0
0
0
0
0
0
0
0
0
0
0
0
0
0
0
0
0
0
0
0
0
0
0
0
0
0
0
0
0
0
0
0
0
0
0
0
0
0
0
0
0
0
0
0
0
0
0
0
0
0
0
0
0
0
0
0
0
0
0
0
0
0
0
0
0
0
0
0
0
0
0
0
0
0
0
0
0
0
0
0
0
0
0
0
0
0
0
0
0
0
0
0
0
0
0
0
0
0
0
0
0
0
0
0
0
0
0
0
0
0
0
0
0
0
0
0
0
0
0
0
0
0
0
0
0
0
0
0
0
0
0
0
0
0
0
0
0
0
0
0
0
0
0
0
0
0
0
0
0
0
0
0
0
0
0
0
0
0
0
0
0
0
0
0
0
0
0
0
0
0
0
0
0
0
0
0
0
0
0
0
0
0
0
0
0
0
0
0
0
0
0
0
0
0
0
0
0
0
0
0
0
0
0
0
0
0
0
0
0
0
0
0
0
0
0
0
0
0
0
0
0
0
0
0
0
0
0
0
0
0
0
0
0
0
0
0
0
0
0
0
0
0
0
0
0
0
0
0
0
0
0
0
0
0
0
0
0
0
0
0
0
0
0
0
0
0
0
0
0
0
0
0
0
0
0
0
0
0
0
0
0
0
0
0
0
0
0
0
0
0
0
0
0
0
0
0
0
0
0
0
0
0
0
0
0
0
0
0
0
0
0
0
0
0
0
0
0
0
0
0
0
0
0
0
0
0
0
0
0
0
0
0
0
0
0
0
0
0
0
0
0
0
0
0
0
0
0
0
0
0
0
0
0
0
0
0
0
0
0
0
0
0
0
0
0
0
0
0
0
0
0
0
0
0
0
0
0
0
0
0
0
0
0
0
0
0
0
0
0
0
0
0
0
0
0
0
0
0
0
0
0
0
0
0
0
0
0
0
0
0
0
0
0
0
0
0
0
0
0
0
0
0
0
0
0
0
0
0
0
0
0
3.547000e+01
1.920000e+01
1.920000e+01
1.920000e+01
3.227000e+01
3.783000e+01
7.277000e+01
1.098600e+02
1.485000e+02
1.485000e+02
1.485000e+02
3.064600e+02
3.613500e+02
3.961400e+02
4.279500e+02
4.384700e+02
4.384700e+02
4.384700e+02
3.602000e+02
3.580100e+02
3.447600e+02
3.368700e+02
3.287900e+02
3.287900e+02
3.287900e+02
3.276200e+02
4.335300e+02
3.311800e+02
3.220400e+02
3.220400e+02
3.220400e+02
3.220400e+02
3.044100e+02
3.024600e+02
3.030600e+02
3.023500e+02
1.756300e+02
1.756300e+02
1.756300e+02
7.198000e+01
7.032000e+01
6.210000e+01
5.872000e+01
5.404000e+01
5.404000e+01
5.404000e+01
3.951000e+01
3.488000e+01
3.093000e+01
3.107000e+01
2.782000e+01
2.782000e+01
2.782000e+01
1.795000e+01
1.795000e+01
1.795000e+01
1.795000e+01
1.319800e+02
1.319800e+02
1.319800e+02
1.667000e+02
1.667000e+02
1.622600e+02
1.622600e+02
2.689800e+02
2.689800e+02
2.689800e+02
3.158500e+02
3.158500e+02
3.431400e+02
3.431400e+02
3.962400e+02
3.962400e+02
3.962400e+02
4.718200e+02
4.718200e+02
4.718200e+02
4.718200e+02
4.741000e+02
4.741000e+02
4.741000e+02
4.489500e+02
4.489500e+02
4.386500e+02
4.386500e+02
4.296300e+02
4.296300e+02
4.296300e+02
4.217400e+02
4.217400e+02
4.217400e+02
4.217400e+02
4.119400e+02
4.119400e+02
4.119400e+02
4.055000e+02
4.055000e+02
4.008300e+02
4.008300e+02
4.008300e+02
4.008300e+02
4.008300e+02
3.953800e+02
3.953800e+02
3.943300e+02
3.943300e+02
4.085300e+02
4.085300e+02
4.085300e+02
4.085300e+02
4.085300e+02
3.920400e+02
3.920400e+02
3.926900e+02
3.926900e+02
3.926900e+02
3.887900e+02
3.887900e+02
3.911500e+02
3.911500e+02
3.918100e+02
3.918100e+02
3.918100e+02
3.911800e+02
3.911800e+02
3.863500e+02
3.863500e+02
3.942700e+02
3.942700e+02
3.942700e+02
3.942100e+02
3.942100e+02
3.945600e+02
3.945600e+02
3.962900e+02
3.962900e+02
3.962900e+02
3.969700e+02
3.969700e+02
3.959200e+02
3.959200e+02
4.015600e+02
4.015600e+02
4.015600e+02
1.445000e+02
1.445000e+02
1.229300e+02
1.229300e+02
1.229300e+02
1.229300e+02
1.229300e+02
4.658400e+02
4.658400e+02
4.530900e+02
4.530900e+02
4.530900e+02
4.530900e+02
4.530900e+02
4.466900e+02
4.466900e+02
4.466900e+02
4.466900e+02
4.465900e+02
4.465900e+02
4.465900e+02
4.465900e+02
4.465900e+02
4.475900e+02
4.475900e+02
4.475900e+02
4.475900e+02
4.475900e+02
4.475900e+02
4.475900e+02
4.489600e+02
4.489600e+02
4.489600e+02
4.489600e+02
4.489600e+02
4.452000e+02
4.452000e+02
4.454400e+02
4.454400e+02
4.441400e+02
4.441400e+02
4.441400e+02
4.434200e+02
4.434200e+02
4.432400e+02
4.432400e+02
4.421100e+02
4.421100e+02
4.421100e+02
4.429000e+02
4.429000e+02
4.416100e+02
4.416100e+02
4.416100e+02
4.416100e+02
4.416100e+02
4.413200e+02
4.413200e+02
4.384800e+02
4.384800e+02
4.386900e+02
4.386900e+02
4.386900e+02
4.386900e+02
4.386900e+02
4.386900e+02
4.386900e+02
4.441400e+02
4.441400e+02
4.441400e+02
4.439600e+02
4.439600e+02
4.421400e+02
4.421400e+02
4.421800e+02
4.421800e+02
4.421800e+02
4.391100e+02
4.391100e+02
4.391100e+02
4.391100e+02
4.341200e+02
4.341200e+02
4.341200e+02
4.309600e+02
4.309600e+02
4.302400e+02
4.302400e+02
4.279100e+02
4.279100e+02
4.279100e+02
4.279100e+02
4.279100e+02
4.279100e+02
4.279100e+02
4.279100e+02
4.279100e+02
4.279100e+02
4.279100e+02
4.279100e+02
4.279100e+02
4.279100e+02
4.151200e+02
4.151200e+02
4.151200e+02
4.152400e+02
4.152400e+02
4.152400e+02
4.152400e+02
4.132100e+02
0
0
0
0
0
0
0
0
0
0
0
0
0
2.996400e+02
2.996400e+02
2.996400e+02
2.996400e+02
2.996400e+02
1.950700e+02
1.950700e+02
1.886100e+02
1.886100e+02
1.886100e+02
1.835200e+02
1.835200e+02
1.804900e+02
1.804900e+02
1.787800e+02
1.787800e+02
1.787800e+02
1.764000e+02
1.764000e+02
1.751300e+02
1.751300e+02
1.730400e+02
1.730400e+02
1.730400e+02
1.730400e+02
1.730400e+02
1.698100e+02
1.698100e+02
1.707700e+02
1.707700e+02
1.707700e+02
1.691700e+02
1.691700e+02
1.677800e+02
1.677800e+02
1.531500e+02
1.531500e+02
1.531500e+02
1.531500e+02
1.531500e+02
1.691400e+02
1.691400e+02
1.681700e+02
1.681700e+02
1.681700e+02
1.675600e+02
1.675600e+02
1.666800e+02
1.666800e+02
1.655300e+02
1.655300e+02
1.655300e+02
1.655300e+02
1.655300e+02
1.655300e+02
1.655300e+02
1.655300e+02
1.655300e+02
1.655300e+02
1.613700e+02
1.613700e+02
1.630900e+02
1.630900e+02
1.607600e+02
1.607600e+02
1.607600e+02
1.607600e+02
1.607600e+02
1.607600e+02
1.607600e+02
1.572200e+02
1.572200e+02
1.572200e+02
1.587000e+02
1.587000e+02
1.587000e+02
1.587000e+02
1.587000e+02
1.587000e+02
1.587000e+02
1.587000e+02
1.587000e+02
1.587000e+02
3.482300e+02
3.515100e+02
3.515100e+02
3.515100e+02
3.456200e+02
3.456200e+02
3.498900e+02
3.498900e+02
3.461700e+02
3.461700e+02
3.461700e+02
3.461700e+02
3.461700e+02
3.492400e+02
3.492400e+02
3.505700e+02
3.505700e+02
3.505700e+02
3.579700e+02
3.579700e+02
3.579700e+02
3.579700e+02
3.558900e+02
3.558900e+02
3.558900e+02
3.558900e+02
3.558900e+02
3.491300e+02
3.491300e+02
3.430200e+02
3.430200e+02
3.430200e+02
3.508300e+02
3.508300e+02
3.496900e+02
3.496900e+02
3.495600e+02
3.495600e+02
3.495600e+02
3.495600e+02
3.495600e+02
3.476000e+02
3.476000e+02
3.476000e+02
3.476000e+02
3.476000e+02
348
348
348
348
3.407200e+02
3.407200e+02
3.407200e+02
3.407200e+02
3.407200e+02
3.416600e+02
3.416600e+02
3.416600e+02
3.416600e+02
3.416600e+02
3.416600e+02
3.416600e+02
3.304200e+02
3.304200e+02
3.442800e+02
3.442800e+02
3.442800e+02
3.442800e+02
3.442800e+02
3.454300e+02
3.454300e+02
3.378100e+02
3.378100e+02
3.378100e+02
3.378100e+02
3.378100e+02
3.378100e+02
3.378100e+02
3.378100e+02
3.378100e+02
3.378100e+02
3.324700e+02
3.324700e+02
3.304400e+02
3.304400e+02
3.290700e+02
3.290700e+02
3.290700e+02
3.290700e+02
3.290700e+02
3.290700e+02
3.290700e+02
3.231500e+02
3.231500e+02
3.231500e+02
3.231500e+02
3.231500e+02
3.146400e+02
3.146400e+02
3.183300e+02
3.183300e+02
3.183300e+02
3.153400e+02
3.153400e+02
3.153400e+02
3.153400e+02
3.153400e+02
3.153400e+02
3.153400e+02
3.153400e+02
3.153400e+02
3.073900e+02
3.073900e+02
3.125200e+02
3.125200e+02
3.125200e+02
3.125200e+02
3.125200e+02
3.125200e+02
3.125200e+02
3.136600e+02
3.136600e+02
3.136600e+02
3.136600e+02
3.136600e+02
2.979200e+02
2.979200e+02
3.091700e+02
3.091700e+02
3.091700e+02
2.971500e+02
2.971500e+02
295
295
2.924800e+02
2.924800e+02
2.924800e+02
2.924800e+02
2.924800e+02
2.880300e+02
2.880300e+02
2.873300e+02
2.873300e+02
2.873300e+02
2.846200e+02
2.846200e+02
2.866800e+02
2.866800e+02
2.785800e+02
2.785800e+02
2.785800e+02
2.785800e+02
2.785800e+02
2.756400e+02
2.756400e+02
2.742500e+02
2.742500e+02
2.742500e+02
2.742500e+02
2.742500e+02
2.753700e+02
2.753700e+02
2.753700e+02
2.753700e+02
2.753700e+02
2.753700e+02
2.753700e+02
2.738200e+02
2.738200e+02
2.727700e+02
2.727700e+02
2.727700e+02
2.689300e+02
2.689300e+02
2.689300e+02
2.689300e+02
2.689300e+02
2.689300e+02
2.689300e+02
2.689300e+02
2.689300e+02
2.689300e+02
2.689300e+02
2.689300e+02
2.689300e+02
2.689300e+02
2.689300e+02
2.689300e+02
2.689300e+02
2.689300e+02
2.689300e+02
2.689300e+02
2.689300e+02
2.689300e+02
2.689300e+02
2.689300e+02
2.613300e+02
2.613300e+02
2.613300e+02
2.613300e+02
2.613300e+02
2.613300e+02
2.613300e+02
2.613300e+02
2.613300e+02
2.613300e+02
2.613300e+02
2.613300e+02
2.629700e+02
2.629700e+02
2.629700e+02
2.629700e+02
2.629700e+02
2.629700e+02
2.629700e+02
2.629700e+02
2.569600e+02
2.569600e+02
2.569600e+02
2.569600e+02
2.569600e+02
2.569600e+02
2.569600e+02
2.597700e+02
2.597700e+02
2.564700e+02
2.564700e+02
2.564700e+02
2.539600e+02
2.539600e+02
2.507600e+02
2.507600e+02
2.443800e+02
2.443800e+02
2.443800e+02
2.443800e+02
2.443800e+02
2.409400e+02
2.409400e+02
2.437600e+02
2.437600e+02
2.437600e+02
2.381100e+02
2.381100e+02
2.381100e+02
2.381100e+02
2.385000e+02
2.385000e+02
2.385000e+02
2.385000e+02
2.385000e+02
2.450100e+02
2.450100e+02
2.450100e+02
2.450100e+02
2.450100e+02
2.423400e+02
2.423400e+02
2.510100e+02
2.510100e+02
2.510100e+02
2.510100e+02
2.510100e+02
2.510100e+02
2.510100e+02
2.438800e+02
2.438800e+02
2.439500e+02
2.439500e+02
2.439500e+02
2.418700e+02
2.418700e+02
2.417800e+02
2.417800e+02
2.417800e+02
2.417800e+02
2.417800e+02
2.417800e+02
2.417800e+02
2.384100e+02
2.384100e+02
2.379700e+02
2.379700e+02
2.379700e+02
2.369100e+02
2.369100e+02
2.348600e+02
2.348600e+02
2.348600e+02
2.348600e+02
2.348600e+02
2.337000e+02
2.337000e+02
2.307300e+02
2.307300e+02
2.325700e+02
2.325700e+02
2.325700e+02
2.297500e+02
2.297500e+02
2.297500e+02
2.297500e+02
2.305800e+02
2.305800e+02
2.305800e+02
2.284100e+02
2.284100e+02
2.284100e+02
2.284100e+02
2.259600e+02
2.259600e+02
2.259600e+02
2.265500e+02
2.265500e+02
2.247400e+02
2.247400e+02
2.239000e+02
2.239000e+02
2.239000e+02
2.239000e+02
2.239000e+02
2.224500e+02
2.224500e+02
2.210200e+02
2.210200e+02
2.210200e+02
2.188400e+02
2.188400e+02
2.194000e+02
2.194000e+02
2.172100e+02
2.172100e+02
2.172100e+02
2.172100e+02
2.172100e+02
2.168000e+02
2.168000e+02
2.168300e+02
2.168300e+02
2.168300e+02
2.143400e+02
2.143400e+02
2.141000e+02
2.141000e+02
2.184000e+02
2.184000e+02
2.184000e+02
2.184000e+02
2.184000e+02
2.184000e+02
2.184000e+02
2.105600e+02
2.105600e+02
2.105600e+02
2.118600e+02
2.118600e+02
2.093900e+02
2.093900e+02
2.102100e+02
2.102100e+02
2.102100e+02
2.102100e+02
2.102100e+02
2.091500e+02
2.091500e+02
2.091500e+02
2.091500e+02
2.091500e+02
2.091500e+02
2.091500e+02
2.059000e+02
2.059000e+02
2.052600e+02
2.052600e+02
2.052600e+02
2.052600e+02
2.052600e+02
2.066300e+02
2.066300e+02
2.026200e+02
2.026200e+02
2.026200e+02
2.032300e+02
2.032300e+02
2.041100e+02
2.041100e+02
2.056200e+02
2.056200e+02
2.056200e+02
2.056200e+02
2.056200e+02
2.073600e+02
2.073600e+02
2.073600e+02
2.073600e+02
2.073600e+02
2.058500e+02
2.058500e+02
2.020500e+02
2.024300e+02
2.024300e+02
2.024300e+02
2.024300e+02
2.024300e+02
2.024300e+02
2.059500e+02
2.059500e+02
2.028500e+02
2.028500e+02
2.028500e+02
2.043000e+02
2.043000e+02
2.043000e+02
2.047200e+02
2.098900e+02
2.098900e+02
2.098900e+02
2.036900e+02
2.036900e+02
2.033200e+02
2.033200e+02
2.033600e+02
2.033600e+02
2.033600e+02
2.015400e+02
2.015400e+02
2.016100e+02
2.016100e+02
2.025900e+02
2.025900e+02
2.025900e+02
2.028300e+02
2.028300e+02
2.039500e+02
2.039500e+02
2.039500e+02
2.039500e+02
2.039500e+02
1.639200e+02
1.639200e+02
1.593200e+02
1.593200e+02
1.593200e+02
1.593200e+02
1.593200e+02
2.102600e+02
2.102600e+02
2.087200e+02
2.087200e+02
2.040100e+02
2.040100e+02
2.040100e+02
2.062900e+02
2.062900e+02
2.062900e+02
2.062900e+02
2.050800e+02
2.050800e+02
2.050800e+02
2.071800e+02
2.071800e+02
2.085600e+02
2.085600e+02
2.066000e+02
2.066000e+02
2.066000e+02
2.074400e+02
2.074400e+02
2.087600e+02
2.087600e+02
2.087600e+02
2.087600e+02
2.087600e+02
2.087600e+02
2.087600e+02
2.088200e+02
2.088200e+02
2.088200e+02
2.088200e+02
2.088200e+02
2.109100e+02
2.109100e+02
2.082800e+02
2.082800e+02
2.082800e+02
2.082800e+02
2.082800e+02
2.082800e+02
2.082800e+02
2.062000e+02
2.062000e+02
2.011100e+02
2.011100e+02
2.011100e+02
2.033900e+02
2.033900e+02
2.000600e+02
2.000600e+02
2.043900e+02
2.043900e+02
2.043900e+02
2.026000e+02
2.026000e+02
2.004500e+02
2.004500e+02
2.005400e+02
2.005400e+02
2.005400e+02
2.019400e+02
2.019400e+02
2.009100e+02
2.009100e+02
2.101600e+02
2.101600e+02
2.101600e+02
2.101600e+02
2.101600e+02
2.101600e+02
2.101600e+02
2.101600e+02
2.101600e+02
2.101600e+02
2.152500e+02
2.152500e+02
2.131200e+02
2.131200e+02
2.078200e+02
2.078200e+02
2.078200e+02
2.078200e+02
2.078200e+02
2.078200e+02
2.078200e+02
2.002900e+02
2.002900e+02
2.002900e+02
2.002900e+02
2.002900e+02
2.002900e+02
2.002900e+02
2.002900e+02
2.002900e+02
2.002900e+02
2.002900e+02
2.002900e+02
1.805600e+02
1.805600e+02
2.110700e+02
2.110700e+02
2.110700e+02
2.110700e+02
2.110700e+02
2.102100e+02
2.102100e+02
2.112100e+02
2.112100e+02
2.112100e+02
2.097000e+02
2.097000e+02
2.028500e+02
2.028500e+02
207
207
207
2.064200e+02
2.064200e+02
2.064200e+02
2.064200e+02
2.064200e+02
2.064200e+02
2.064200e+02
2.064200e+02
2.064200e+02
2.031300e+02
2.031300e+02
2.031300e+02
2.031300e+02
2.031300e+02
2.052000e+02
2.052000e+02
2.022700e+02
2.022700e+02
2.022700e+02
2.022700e+02
2.022700e+02
2.022700e+02
2.022700e+02
2.049000e+02
2.049000e+02
2.030900e+02
2.030900e+02
2.030900e+02
2.074600e+02
2.074600e+02
2.063400e+02
2.063400e+02
2.035800e+02
2.035800e+02
2.035800e+02
2.035800e+02
2.035800e+02
1.690400e+02
1.690400e+02
1.690400e+02
1.690400e+02
1.690400e+02
2.042800e+02
2.042800e+02
1.986500e+02
1.986500e+02
199
199
199
1.991000e+02
1.991000e+02
1.997000e+02
1.997000e+02
1.694700e+02
1.694700e+02
1.694700e+02
2.009200e+02
2.009200e+02
1.986700e+02
1.986700e+02
1.973100e+02
1.973100e+02
1.973100e+02
200
200
1.773400e+02
1.773400e+02
1.798500e+02
1.798500e+02
1.798500e+02
1.829500e+02
1.829500e+02
1.616900e+02
1.616900e+02
2.015500e+02
2.015500e+02
2.015500e+02
1.889100e+02
1.889100e+02
1.969400e+02
1.969400e+02
2.005300e+02
2.005300e+02
2.005300e+02
1.984000e+02
1.984000e+02
1.896700e+02
1.896700e+02
1.896700e+02
1.896700e+02
1.896700e+02
1.896700e+02
1.896700e+02
1.896700e+02
1.896700e+02
1.902700e+02
1.902700e+02
1.902700e+02
1.907000e+02
1.907000e+02
1.815420e+02
1.815420e+02
1.933500e+02
1.933500e+02
1.933500e+02
1.968900e+02
1.968900e+02
1.585200e+02
1.585200e+02
1.916100e+02
1.916100e+02
1.916100e+02
1.889300e+02
1.889300e+02
1.877900e+02
1.877900e+02
1.875800e+02
1.875800e+02
1.875800e+02
1.875800e+02
1.875800e+02
1.847000e+02
1.847000e+02
1.847000e+02
1.847000e+02
1.847000e+02
1.827600e+02
1.827600e+02
1.822300e+02
1.822300e+02
1.815500e+02
1.815500e+02
1.815500e+02
1.814100e+02
1.814100e+02
1.813400e+02
1.813400e+02
1.813400e+02
1.813400e+02
1.813400e+02
1.854400e+02
1.854400e+02
1.854400e+02
1.854400e+02
1.797900e+02
1.797900e+02
1.797900e+02
1.829400e+02
1.829400e+02
1.783700e+02
1.783700e+02
1.802200e+02
1.802200e+02
1.802200e+02
1.796100e+02
1.796100e+02
1.796100e+02
1.796100e+02
1.791400e+02
1.791400e+02
1.791400e+02
1.785500e+02
1.785500e+02
1.776100e+02
1.776100e+02
1.776100e+02
1.776100e+02
1.776100e+02
1.878300e+02
1.878300e+02
1.878300e+02
1.878300e+02
1.830800e+02
1.830800e+02
1.830800e+02
1.793300e+02
1.793300e+02
1.769700e+02
1.769700e+02
1.768200e+02
1.768200e+02
1.768200e+02
1.750300e+02
1.750300e+02
1.737500e+02
1.737500e+02
1.755900e+02
1.755900e+02
1.755900e+02
1.674600e+02
1.674600e+02
1.774500e+02
1.774500e+02
1.748500e+02
1.748500e+02
1.748500e+02
175
175
175
175
1.761400e+02
1.761400e+02
1.761400e+02
1.737100e+02
1.737100e+02
1.737100e+02
1.737100e+02
1.475500e+02
1.475500e+02
1.475500e+02
1.475500e+02
1.475500e+02
172
172
1.737300e+02
1.737300e+02
1.737300e+02
1.733800e+02
1.733800e+02
174
174
1.752000e+02
1.752000e+02
1.752000e+02
1.752000e+02
1.752000e+02
1.752000e+02
1.752000e+02
1.754100e+02
1.754100e+02
1.754100e+02
1.754100e+02
1.754100e+02
1.752800e+02
1.752800e+02
1.753200e+02
1.753200e+02
1.753200e+02
1.753200e+02
1.753200e+02
1.753200e+02
1.753200e+02
1.753200e+02
1.753200e+02
1.753200e+02
1.753200e+02
1.753200e+02
1.748700e+02
1.748700e+02
1.758300e+02
1.758300e+02
1.758300e+02
1.763000e+02
1.763000e+02
1.763000e+02
1.763000e+02
1.779400e+02
1.779400e+02
1.779400e+02
1.762700e+02
1.762700e+02
1.722600e+02
1.722600e+02
1.700800e+02
1.700800e+02
1.700800e+02
1.700800e+02
1.700800e+02
1.700600e+02
1.700600e+02
1.692800e+02
1.692800e+02
1.692800e+02
1.705500e+02
1.705500e+02
1.654800e+02
1.654800e+02
1.654800e+02
1.654800e+02
1.654800e+02
1.653600e+02
1.653600e+02
165
165
165
165
165
165
165
1.647800e+02
1.647800e+02
1.647800e+02
1.647800e+02
1.647800e+02
1.647800e+02
1.647800e+02
1.647800e+02
1.647800e+02
1.638000e+02
1.638000e+02
1.638000e+02
1.638000e+02
1.638000e+02
1.638000e+02
1.638000e+02
1.618200e+02
1.618200e+02
1.618200e+02
1.575700e+02
1.575700e+02
1.575700e+02
1.575700e+02
1.575700e+02
1.575700e+02
1.575700e+02
1.575700e+02
1.575700e+02
1.591100e+02
1.591100e+02
1.591100e+02
1.591100e+02
1.591100e+02
1.591100e+02
1.591100e+02
146
146
146
146
146
1.756700e+02
1.756700e+02
1.751200e+02
1.751200e+02
1.751800e+02
1.751800e+02
1.751800e+02
1.756800e+02
1.756800e+02
1.756800e+02
1.756800e+02
1.756800e+02
1.756800e+02
1.756800e+02
1.756300e+02
1.756300e+02
1.756300e+02
1.756300e+02
1.693600e+02
1.693600e+02
1.693600e+02
1.707900e+02
1.707900e+02
1.792900e+02
1.792900e+02
1.792900e+02
1.792900e+02
1.792900e+02
1.776400e+02
1.776400e+02
1.757000e+02
1.757000e+02
1.758100e+02
1.758100e+02
1.758100e+02
1.709600e+02
1.709600e+02
1.674400e+02
1.674400e+02
1.663800e+02
1.663800e+02
1.663800e+02
1.635200e+02
1.635200e+02
1.635100e+02
1.635100e+02
1.635100e+02
1.635100e+02
1.635100e+02
1.636900e+02
1.636900e+02
1.426800e+02
1.426800e+02
1.457200e+02
1.457200e+02
1.457200e+02
1.457200e+02
1.457200e+02
1.457200e+02
1.457200e+02
1.457200e+02
1.457200e+02
1.457200e+02
1.420300e+02
1.420300e+02
1.411800e+02
1.411800e+02
1.411800e+02
1.411800e+02
1.411800e+02
1.337500e+02
1.337500e+02
1.291800e+02
1.291800e+02
1.275900e+02
1.275900e+02
1.275900e+02
1.218600e+02
1.218600e+02
1.101000e+02
1.101000e+02
1.061400e+02
1.061400e+02
1.061400e+02
1.061400e+02
1.061400e+02
8.353000e+01
8.353000e+01
8.353000e+01
