0
0
0
0
0
0
0
0
0
0
0
0
0
0
0
0
0
0
0
0
0
0
0
0
0
0
0
0
0
0
0
0
0
0
0
0
0
0
0
0
0
0
0
0
0
0
0
0
0
0
0
0
0
0
0
0
0
0
0
0
0
0
0
0
0
0
0
0
0
0
0
0
0
0
0
0
0
0
0
0
0
0
0
0
0
0
0
0
0
0
0
0
0
0
0
0
0
0
0
0
0
0
0
0
0
0
0
0
0
0
0
0
0
0
0
0
0
0
0
0
0
0
0
0
0
0
0
0
0
0
0
0
0
0
0
0
0
0
0
0
0
0
0
0
0
0
0
0
0
0
0
0
0
0
0
0
0
0
0
0
0
0
0
0
0
0
0
0
0
0
0
0
0
0
0
0
0
0
0
0
0
0
0
0
0
0
0
0
0
0
0
0
0
0
0
0
0
0
0
0
0
0
0
0
0
0
0
0
0
0
0
0
0
0
0
0
0
0
0
0
0
0
0
0
0
0
0
0
0
0
0
0
0
0
0
0
0
0
0
0
0
0
0
0
0
0
0
0
0
0
0
0
0
0
0
0
0
0
0
0
0
0
0
0
0
0
0
0
0
0
0
0
0
0
0
0
0
0
0
0
0
0
0
0
0
0
0
0
0
0
0
0
0
0
0
0
0
0
0
0
0
0
0
0
0
0
0
0
0
0
0
0
0
0
0
0
0
0
0
0
0
0
0
0
0
0
0
0
0
0
0
0
0
0
0
0
0
0
0
0
0
0
0
0
0
0
0
0
0
0
0
0
0
0
0
0
0
0
0
0
0
0
0
0
0
0
0
0
0
0
0
0
0
0
0
0
0
0
0
0
0
0
0
0
0
0
0
0
0
0
0
0
0
0
0
0
0
0
0
0
0
0
0
0
0
0
0
0
0
0
0
0
0
0
0
0
0
0
0
0
0
0
0
0
0
0
0
0
0
0
0
0
0
0
0
0
0
0
0
0
0
0
0
0
0
0
0
0
0
0
0
0
0
0
0
0
0
0
0
0
0
0
0
0
0
0
0
0
0
0
0
0
0
0
0
0
0
0
0
0
0
0
0
0
0
0
0
0
0
0
0
0
0
0
0
0
0
0
0
0
0
0
0
0
0
0
0
0
0
0
0
0
0
0
0
0
0
0
0
0
0
0
0
0
0
0
0
0
0
0
0
0
0
0
0
0
0
0
0
0
0
0
0
0
0
0
0
0
0
0
0
0
0
0
0
0
0
0
0
0
0
0
0
0
0
0
0
0
0
0
0
0
0
0
0
0
0
0
0
0
0
0
0
0
0
0
0
0
0
0
0
0
0
0
0
0
0
0
0
0
0
0
0
0
0
0
0
0
0
0
0
0
0
0
0
0
0
0
0
0
0
0
0
0
0
0
0
0
0
0
0
0
0
0
0
0
0
0
0
0
0
0
0
0
0
0
0
0
0
0
0
0
0
0
0
0
0
0
0
0
0
0
0
0
0
0
0
0
0
0
0
0
0
0
0
0
0
0
0
0
0
0
0
0
0
0
0
0
0
0
0
0
0
0
0
0
0
0
0
0
0
0
0
0
0
0
0
0
0
0
0
0
0
0
0
0
0
0
0
0
0
0
0
0
0
0
0
0
0
0
0
0
0
0
0
0
0
0
0
0
0
0
0
0
0
0
0
0
0
0
0
0
0
0
0
0
0
0
0
0
0
0
0
0
0
0
0
0
0
0
0
0
0
0
0
0
0
0
0
0
0
0
0
0
0
0
0
0
0
0
0
0
0
0
0
0
0
0
0
0
0
0
0
0
0
0
0
0
0
0
0
0
0
0
0
0
0
0
0
0
0
0
0
0
0
0
0
0
0
0
0
0
0
0
0
0
0
0
0
0
0
0
0
0
0
0
0
0
0
0
0
0
0
0
0
0
0
0
0
0
0
0
0
0
0
0
0
0
0
0
0
0
0
0
0
0
0
0
0
0
0
0
0
0
0
0
0
0
0
0
0
0
0
0
0
0
0
0
0
0
0
0
0
0
0
0
0
0
0
0
0
0
0
0
0
0
0
0
0
0
0
0
0
0
0
0
0
0
0
0
0
0
0
0
0
0
0
0
0
0
0
0
0
0
0
0
0
0
0
0
0
0
0
0
0
0
0
0
0
0
0
0
0
0
0
0
0
0
0
0
0
0
0
0
0
0
0
0
0
0
0
0
0
0
0
0
0
0
0
0
0
0
0
0
0
0
0
0
0
0
0
0
0
0
0
0
0
0
0
0
0
0
0
0
0
0
0
0
0
0
0
0
0
0
0
0
0
0
0
0
0
0
0
0
0
0
0
0
0
0
0
0
0
0
0
0
0
0
0
0
0
0
0
0
0
0
0
0
0
0
0
0
0
0
0
0
0
0
0
0
0
0
0
0
0
0
0
0
0
0
0
0
0
0
0
0
0
0
0
0
0
0
0
0
0
0
0
0
0
0
0
0
0
0
0
0
0
0
0
0
0
0
0
0
0
0
0
0
0
0
0
0
0
0
0
0
0
0
0
0
0
0
0
0
0
0
0
0
0
0
0
0
0
0
0
0
0
0
0
0
0
0
0
0
0
0
0
0
0
0
0
0
0
0
0
0
0
0
0
0
0
0
0
0
0
0
0
0
0
0
0
0
0
0
0
0
0
0
0
0
0
0
0
0
0
0
0
0
0
0
0
0
0
0
0
0
0
0
0
0
0
0
0
0
0
0
0
0
0
0
0
0
0
0
0
0
0
0
0
0
0
0
0
0
0
0
0
0
0
0
0
0
0
0
0
0
0
0
0
0
0
0
0
0
0
0
0
0
0
0
0
0
0
0
0
0
0
0
0
0
0
0
0
0
0
0
0
0
0
0
0
0
0
0
0
0
0
0
0
0
0
0
0
0
0
0
0
0
0
0
0
0
0
0
0
0
0
0
0
0
0
0
0
0
0
0
0
0
0
0
0
0
0
0
0
0
0
0
0
0
0
0
0
0
0
0
0
0
0
0
0
0
0
0
0
0
0
0
0
0
0
0
0
0
0
0
0
0
0
0
0
0
0
0
0
0
0
0
0
0
0
0
0
0
0
0
0
0
0
0
0
0
0
0
0
0
0
0
0
0
0
0
0
0
0
0
0
0
0
0
0
0
0
0
0
0
0
0
0
0
0
0
0
0
0
0
0
0
0
0
0
0
0
0
0
0
0
0
0
0
0
0
0
0
0
0
0
0
0
0
0
0
0
0
0
0
0
0
0
0
0
0
0
0
0
0
0
0
0
0
0
0
0
0
0
0
0
0
0
0
0
0
0
0
0
0
0
0
0
0
0
0
0
0
0
0
0
0
0
0
0
0
0
0
0
0
0
0
0
0
0
0
0
0
0
0
0
0
0
0
0
0
0
0
0
0
0
0
0
0
0
0
0
0
0
0
0
0
0
0
0
0
0
0
0
0
0
0
0
0
0
0
0
0
0
0
0
0
0
0
0
0
5.434000e+01
5.434000e+01
5.434000e+01
7.360000e+01
7.360000e+01
4.772000e+01
4.772000e+01
5.706000e+01
5.706000e+01
5.706000e+01
7.114000e+01
7.114000e+01
7.662000e+01
7.662000e+01
8.155000e+01
8.155000e+01
8.155000e+01
8.734000e+01
8.734000e+01
8.734000e+01
8.734000e+01
1.002100e+02
1.002100e+02
1.002100e+02
2.423000e+01
2.423000e+01
3.200000e-01
3.200000e-01
0
0
0
0
0
0
0
6.037000e+01
6.037000e+01
6.037000e+01
6.772000e+01
6.772000e+01
7.963000e+01
7.963000e+01
7.963000e+01
7.963000e+01
7.963000e+01
1.408700e+02
1.408700e+02
1.637400e+02
1.637400e+02
1.642700e+02
1.642700e+02
1.642700e+02
1.642700e+02
1.642700e+02
1.642700e+02
1.453000e+02
1.446600e+02
1.446600e+02
1.446600e+02
1.393400e+02
1.393400e+02
1.424400e+02
1.424400e+02
1.456100e+02
1.456100e+02
1.456100e+02
1.480500e+02
1.480500e+02
6.333000e+01
6.333000e+01
5.271000e+01
5.271000e+01
5.271000e+01
5.376000e+01
5.376000e+01
5.615000e+01
5.615000e+01
5.821000e+01
5.821000e+01
5.821000e+01
6.079000e+01
6.079000e+01
6.253000e+01
6.253000e+01
6.390000e+01
6.390000e+01
6.390000e+01
6.939000e+01
6.939000e+01
5.943000e+01
5.943000e+01
5.943000e+01
5.943000e+01
5.943000e+01
7.050000e+01
7.050000e+01
7.135000e+01
7.135000e+01
7.135000e+01
7.135000e+01
7.135000e+01
7.041000e+01
7.041000e+01
7.041000e+01
7.041000e+01
7.092000e+01
7.092000e+01
7.092000e+01
7.092000e+01
7.092000e+01
7.050000e+01
7.050000e+01
7.050000e+01
7.050000e+01
7.050000e+01
7.050000e+01
7.050000e+01
6.971000e+01
6.971000e+01
6.971000e+01
6.971000e+01
6.971000e+01
6.870000e+01
6.870000e+01
6.584000e+01
6.584000e+01
6.557000e+01
6.557000e+01
6.557000e+01
6.602000e+01
6.602000e+01
6.560000e+01
6.560000e+01
6.479000e+01
6.479000e+01
6.479000e+01
5.077000e+01
5.077000e+01
5.371000e+01
5.371000e+01
5.371000e+01
5.371000e+01
5.371000e+01
6.484000e+01
6.484000e+01
1.307800e+02
1.307800e+02
1.466300e+02
1.466300e+02
1.466300e+02
1.466300e+02
1.466300e+02
1.466300e+02
1.466300e+02
1.529900e+02
1.529900e+02
1.529900e+02
1.493800e+02
1.493800e+02
1.452600e+02
1.452600e+02
1.450800e+02
1.450800e+02
1.450800e+02
1.452600e+02
1.452600e+02
1.452600e+02
1.452600e+02
1.388600e+02
1.388600e+02
1.388600e+02
1.426800e+02
1.426800e+02
1.429600e+02
1.429600e+02
1.428400e+02
1.428400e+02
1.428400e+02
1.428400e+02
1.428400e+02
1.428400e+02
1.428400e+02
1.428400e+02
1.428400e+02
1.428400e+02
1.428400e+02
1.428400e+02
1.428400e+02
1.428400e+02
1.368500e+02
1.368500e+02
1.368500e+02
1.362400e+02
1.362400e+02
1.325000e+02
1.325000e+02
1.318200e+02
0
0
0
0
0
0
0
0
0
0
0
0
0
5.979000e+01
5.979000e+01
5.979000e+01
5.979000e+01
5.979000e+01
4.007000e+01
4.007000e+01
4.418000e+01
4.418000e+01
4.418000e+01
4.886000e+01
4.886000e+01
5.085000e+01
5.085000e+01
3.135000e+01
3.135000e+01
3.135000e+01
0
0
0
0
3.031000e+01
3.031000e+01
3.031000e+01
3.031000e+01
3.031000e+01
3.868000e+01
3.868000e+01
4.382000e+01
4.382000e+01
4.382000e+01
4.882000e+01
4.882000e+01
5.624000e+01
5.624000e+01
6.125000e+01
6.125000e+01
6.125000e+01
6.125000e+01
6.125000e+01
6.792000e+01
6.792000e+01
6.833000e+01
6.833000e+01
6.833000e+01
6.977000e+01
6.977000e+01
7.054000e+01
7.054000e+01
7.118000e+01
7.118000e+01
7.118000e+01
7.118000e+01
7.118000e+01
7.118000e+01
7.118000e+01
7.118000e+01
7.118000e+01
7.118000e+01
7.469000e+01
7.469000e+01
7.573000e+01
7.573000e+01
7.684000e+01
7.684000e+01
7.684000e+01
7.684000e+01
7.684000e+01
7.684000e+01
7.684000e+01
8.010000e+01
8.010000e+01
8.010000e+01
8.251000e+01
8.251000e+01
8.251000e+01
8.251000e+01
8.251000e+01
8.251000e+01
8.251000e+01
8.251000e+01
8.251000e+01
8.251000e+01
9.096000e+01
9.267000e+01
9.267000e+01
9.267000e+01
9.608000e+01
9.608000e+01
9.891000e+01
9.891000e+01
1.006300e+02
1.006300e+02
1.006300e+02
1.006300e+02
1.006300e+02
0
0
4.765000e+01
4.765000e+01
4.765000e+01
1.774000e+01
1.774000e+01
1.774000e+01
1.774000e+01
0
0
0
0
0
0
0
0
0
0
0
0
0
0
0
0
0
0
0
0
0
0
0
0
2.280000e+01
2.280000e+01
2.280000e+01
2.280000e+01
1.615000e+01
1.615000e+01
1.615000e+01
1.615000e+01
1.615000e+01
2.951000e+01
2.951000e+01
2.951000e+01
2.951000e+01
2.951000e+01
2.951000e+01
2.951000e+01
3.214000e+01
3.214000e+01
3.477000e+01
3.477000e+01
3.477000e+01
3.477000e+01
3.477000e+01
5.451000e+01
5.451000e+01
6.242000e+01
6.242000e+01
6.242000e+01
6.242000e+01
6.242000e+01
8.253000e+01
8.253000e+01
8.253000e+01
8.253000e+01
8.253000e+01
0
0
5.667000e+01
5.667000e+01
9.092000e+01
9.092000e+01
9.092000e+01
9.092000e+01
9.092000e+01
9.092000e+01
9.092000e+01
1.563600e+02
1.563600e+02
1.563600e+02
1.563600e+02
1.563600e+02
1.853200e+02
1.853200e+02
2.008400e+02
2.008400e+02
2.008400e+02
2.402800e+02
2.402800e+02
2.402800e+02
2.402800e+02
2.402800e+02
2.402800e+02
2.402800e+02
2.402800e+02
2.402800e+02
2.797800e+02
2.797800e+02
2.719700e+02
2.719700e+02
2.719700e+02
2.719700e+02
2.719700e+02
2.719700e+02
2.719700e+02
2.797000e+02
2.797000e+02
2.797000e+02
2.797000e+02
2.797000e+02
2.752300e+02
2.752300e+02
2.796500e+02
2.796500e+02
2.796500e+02
2.834500e+02
2.834500e+02
2.780200e+02
2.780200e+02
2.638200e+02
2.638200e+02
2.638200e+02
2.638200e+02
2.638200e+02
2.655800e+02
2.655800e+02
2.731400e+02
2.731400e+02
2.731400e+02
2.635000e+02
2.635000e+02
2.614900e+02
2.614900e+02
2.544100e+02
2.544100e+02
2.544100e+02
2.544100e+02
2.544100e+02
2.533200e+02
2.533200e+02
2.565000e+02
2.565000e+02
2.565000e+02
2.565000e+02
2.565000e+02
2.543800e+02
2.543800e+02
2.543800e+02
2.543800e+02
2.543800e+02
2.543800e+02
2.543800e+02
2.570900e+02
2.570900e+02
2.501500e+02
2.501500e+02
2.501500e+02
2.077200e+02
2.077200e+02
2.077200e+02
2.077200e+02
2.077200e+02
2.077200e+02
2.077200e+02
2.077200e+02
2.077200e+02
2.077200e+02
2.077200e+02
2.077200e+02
2.077200e+02
2.077200e+02
2.077200e+02
2.077200e+02
2.077200e+02
2.077200e+02
2.077200e+02
2.077200e+02
2.077200e+02
2.077200e+02
2.077200e+02
2.077200e+02
2.077200e+02
2.077200e+02
2.077200e+02
2.077200e+02
2.077200e+02
2.077200e+02
2.077200e+02
2.077200e+02
2.077200e+02
2.077200e+02
2.077200e+02
2.077200e+02
2.166000e+01
2.166000e+01
2.166000e+01
2.166000e+01
2.166000e+01
2.166000e+01
2.166000e+01
2.166000e+01
1.661100e+02
1.661100e+02
1.661100e+02
1.661100e+02
1.661100e+02
1.661100e+02
1.661100e+02
3.392000e+01
3.392000e+01
1.591100e+02
1.591100e+02
1.591100e+02
1.313400e+02
1.313400e+02
1.865600e+02
1.865600e+02
1.953000e+02
1.953000e+02
1.953000e+02
1.953000e+02
1.953000e+02
2.469400e+02
2.469400e+02
2.868300e+02
2.868300e+02
2.868300e+02
2.827200e+02
2.827200e+02
2.827200e+02
2.827200e+02
2.821000e+02
2.821000e+02
2.821000e+02
2.821000e+02
2.821000e+02
2.761800e+02
2.761800e+02
2.761800e+02
2.761800e+02
2.761800e+02
2.612600e+02
2.612600e+02
2.614300e+02
2.614300e+02
2.614300e+02
2.614300e+02
2.614300e+02
2.614300e+02
2.614300e+02
2.850500e+02
2.850500e+02
2.569500e+02
2.569500e+02
2.569500e+02
2.580500e+02
2.580500e+02
2.549600e+02
2.549600e+02
2.549600e+02
2.549600e+02
2.549600e+02
2.549600e+02
2.549600e+02
2.486300e+02
2.486300e+02
2.463600e+02
2.463600e+02
2.463600e+02
2.463200e+02
2.463200e+02
2.437700e+02
2.437700e+02
2.437700e+02
2.437700e+02
2.437700e+02
2.421500e+02
2.421500e+02
2.378800e+02
2.378800e+02
2.438700e+02
2.438700e+02
2.438700e+02
2.131500e+02
2.131500e+02
2.276200e+02
2.276200e+02
2.258700e+02
2.258700e+02
2.258700e+02
2.200300e+02
2.200300e+02
2.200300e+02
2.200300e+02
2.146700e+02
2.146700e+02
2.146700e+02
2.116900e+02
2.116900e+02
2.084400e+02
2.084400e+02
2.063200e+02
2.063200e+02
2.063200e+02
2.063200e+02
2.063200e+02
1.955800e+02
1.955800e+02
1.582400e+02
1.582400e+02
1.582400e+02
1.447400e+02
1.447400e+02
1.396600e+02
1.396600e+02
1.356400e+02
1.356400e+02
1.356400e+02
1.356400e+02
1.356400e+02
1.275600e+02
1.275600e+02
1.240400e+02
1.240400e+02
1.240400e+02
1.195300e+02
1.195300e+02
1.172400e+02
1.172400e+02
1.148600e+02
1.148600e+02
1.148600e+02
1.148600e+02
1.148600e+02
1.148600e+02
1.148600e+02
1.068200e+02
1.068200e+02
1.068200e+02
1.035700e+02
1.035700e+02
1.001100e+02
1.001100e+02
9.831000e+01
9.831000e+01
9.831000e+01
9.831000e+01
9.831000e+01
9.338000e+01
9.338000e+01
9.338000e+01
9.338000e+01
9.338000e+01
9.338000e+01
9.338000e+01
8.886000e+01
8.886000e+01
8.670000e+01
8.670000e+01
8.670000e+01
8.670000e+01
8.670000e+01
8.201000e+01
8.201000e+01
8.136000e+01
8.136000e+01
8.136000e+01
7.332000e+01
7.332000e+01
7.229000e+01
7.229000e+01
7.142000e+01
7.142000e+01
7.142000e+01
7.142000e+01
7.142000e+01
6.851000e+01
6.851000e+01
6.851000e+01
6.851000e+01
6.851000e+01
6.646000e+01
6.646000e+01
6.589000e+01
6.528000e+01
6.528000e+01
6.528000e+01
6.528000e+01
6.528000e+01
6.528000e+01
6.369000e+01
6.369000e+01
6.167000e+01
6.167000e+01
6.167000e+01
5.753000e+01
5.753000e+01
5.753000e+01
5.701000e+01
5.650000e+01
5.650000e+01
5.650000e+01
5.551000e+01
5.551000e+01
5.550000e+01
5.550000e+01
5.496000e+01
5.496000e+01
5.496000e+01
5.418000e+01
5.418000e+01
5.416000e+01
5.416000e+01
5.386000e+01
5.386000e+01
5.386000e+01
5.276000e+01
5.276000e+01
5.250000e+01
5.250000e+01
5.250000e+01
5.250000e+01
5.250000e+01
5.094000e+01
5.094000e+01
5.085000e+01
5.085000e+01
5.085000e+01
5.085000e+01
5.085000e+01
4.994000e+01
4.994000e+01
4.956000e+01
4.956000e+01
4.914000e+01
4.914000e+01
4.914000e+01
4.974000e+01
4.974000e+01
4.974000e+01
4.974000e+01
4.876000e+01
4.876000e+01
4.876000e+01
4.604000e+01
4.604000e+01
3.729000e+01
3.729000e+01
4.872000e+01
4.872000e+01
4.872000e+01
4.864000e+01
4.864000e+01
4.734000e+01
4.734000e+01
4.734000e+01
4.734000e+01
4.734000e+01
4.734000e+01
4.734000e+01
4.617000e+01
4.617000e+01
4.617000e+01
4.617000e+01
4.617000e+01
4.498000e+01
4.498000e+01
4.498000e+01
4.498000e+01
4.498000e+01
4.498000e+01
4.498000e+01
4.498000e+01
4.498000e+01
4.498000e+01
4.249000e+01
4.070000e+01
4.070000e+01
4.070000e+01
4.121000e+01
4.121000e+01
4.013000e+01
4.013000e+01
4.007000e+01
4.007000e+01
4.007000e+01
1.980000e+01
1.980000e+01
1.957000e+01
1.957000e+01
2.094000e+01
2.094000e+01
2.094000e+01
2.013000e+01
2.013000e+01
2.075000e+01
2.075000e+01
1.878000e+01
1.878000e+01
1.878000e+01
1.878000e+01
1.878000e+01
1.878000e+01
1.878000e+01
1.878000e+01
1.878000e+01
1.878000e+01
1.115000e+01
1.115000e+01
1.869000e+01
1.869000e+01
1.205000e+01
1.205000e+01
1.205000e+01
1.205000e+01
1.205000e+01
1.205000e+01
1.205000e+01
8.520000e+00
8.520000e+00
8.520000e+00
8.520000e+00
8.520000e+00
8.520000e+00
8.520000e+00
8.520000e+00
8.520000e+00
8.520000e+00
8.520000e+00
8.520000e+00
1.569000e+01
1.569000e+01
1.444000e+01
1.444000e+01
1.444000e+01
1.444000e+01
1.444000e+01
1.426000e+01
1.426000e+01
1.193000e+01
1.193000e+01
1.193000e+01
1.148000e+01
1.148000e+01
1.218000e+01
1.218000e+01
1.645000e+01
1.645000e+01
1.645000e+01
1.912000e+01
1.912000e+01
1.912000e+01
1.912000e+01
1.912000e+01
1.912000e+01
1.912000e+01
1.912000e+01
1.912000e+01
9.820000e+00
9.820000e+00
9.820000e+00
9.820000e+00
9.820000e+00
1.764000e+01
1.764000e+01
1.841000e+01
1.841000e+01
1.841000e+01
1.841000e+01
1.841000e+01
1.841000e+01
1.841000e+01
1.805000e+01
1.805000e+01
1.757000e+01
1.757000e+01
1.757000e+01
1.816000e+01
1.816000e+01
1.795000e+01
1.795000e+01
1.795000e+01
1.795000e+01
1.795000e+01
1.795000e+01
1.795000e+01
1.717000e+01
1.717000e+01
1.717000e+01
1.717000e+01
1.717000e+01
1.868000e+01
1.868000e+01
1.867000e+01
1.867000e+01
1.392000e+01
1.392000e+01
1.392000e+01
1.766000e+01
1.766000e+01
1.759000e+01
1.759000e+01
1.867000e+01
1.867000e+01
1.867000e+01
1.889000e+01
1.889000e+01
1.773000e+01
1.773000e+01
1.264000e+01
1.264000e+01
1.264000e+01
1.828000e+01
1.828000e+01
1.838000e+01
1.838000e+01
1.819000e+01
1.819000e+01
1.819000e+01
1.757000e+01
1.757000e+01
1.861000e+01
1.861000e+01
1.781000e+01
1.781000e+01
1.781000e+01
1.789000e+01
1.789000e+01
1.745000e+01
1.745000e+01
1.802000e+01
1.802000e+01
1.802000e+01
1.835000e+01
1.835000e+01
1.885000e+01
1.885000e+01
1.885000e+01
1.885000e+01
1.885000e+01
1.885000e+01
1.885000e+01
1.885000e+01
1.885000e+01
1.802000e+01
1.802000e+01
1.802000e+01
1.830000e+01
1.830000e+01
1.834000e+01
1.834000e+01
1.864000e+01
1.864000e+01
1.864000e+01
2.052000e+01
2.052000e+01
1.949000e+01
1.949000e+01
2.013000e+01
2.013000e+01
2.013000e+01
2.008000e+01
2.008000e+01
2.027000e+01
2.027000e+01
2.075000e+01
2.075000e+01
2.075000e+01
2.075000e+01
2.075000e+01
2.088000e+01
2.088000e+01
2.088000e+01
2.088000e+01
2.088000e+01
2.113000e+01
2.113000e+01
2.142000e+01
2.142000e+01
2.147000e+01
2.147000e+01
2.147000e+01
2.193000e+01
2.193000e+01
2.218000e+01
2.218000e+01
2.218000e+01
2.218000e+01
2.218000e+01
2.290000e+01
2.290000e+01
2.290000e+01
2.290000e+01
2.323000e+01
2.323000e+01
2.323000e+01
2.635000e+01
2.635000e+01
2.589000e+01
2.589000e+01
3.114000e+01
3.114000e+01
3.114000e+01
3.208000e+01
3.208000e+01
3.208000e+01
3.208000e+01
4.829000e+01
4.829000e+01
4.829000e+01
4.715000e+01
4.715000e+01
4.642000e+01
4.642000e+01
4.642000e+01
4.642000e+01
4.642000e+01
4.834000e+01
4.834000e+01
4.834000e+01
4.834000e+01
4.664000e+01
4.664000e+01
4.664000e+01
4.780000e+01
4.780000e+01
4.845000e+01
4.845000e+01
4.995000e+01
4.995000e+01
4.995000e+01
5.001000e+01
5.001000e+01
5.184000e+01
5.184000e+01
5.355000e+01
5.355000e+01
5.355000e+01
5.412000e+01
5.412000e+01
5.695000e+01
5.695000e+01
5.862000e+01
5.862000e+01
5.862000e+01
6.360000e+01
6.360000e+01
6.360000e+01
6.360000e+01
6.987000e+01
6.987000e+01
6.987000e+01
7.492000e+01
7.492000e+01
7.492000e+01
7.492000e+01
9.062000e+01
9.062000e+01
9.062000e+01
9.062000e+01
9.062000e+01
9.543000e+01
9.543000e+01
1.106300e+02
1.106300e+02
1.106300e+02
1.191500e+02
1.191500e+02
1.269900e+02
1.269900e+02
1.353500e+02
1.353500e+02
1.353500e+02
1.353500e+02
1.353500e+02
1.353500e+02
1.353500e+02
1.690700e+02
1.690700e+02
1.690700e+02
1.690700e+02
1.690700e+02
1.957800e+02
1.957800e+02
2.061400e+02
2.061400e+02
2.061400e+02
2.061400e+02
2.061400e+02
2.061400e+02
2.061400e+02
2.061400e+02
2.061400e+02
2.061400e+02
2.061400e+02
2.061400e+02
2.051100e+02
2.051100e+02
2.050200e+02
2.050200e+02
2.050200e+02
2.031700e+02
2.031700e+02
2.031700e+02
2.031700e+02
2.008400e+02
2.008400e+02
2.008400e+02
200
200
1.995400e+02
1.995400e+02
1.951100e+02
1.951100e+02
1.951100e+02
1.951100e+02
1.951100e+02
1.912900e+02
1.912900e+02
1.893900e+02
1.893900e+02
1.893900e+02
1.882700e+02
1.882700e+02
1.886700e+02
1.886700e+02
1.886700e+02
1.886700e+02
1.886700e+02
1.871200e+02
1.871200e+02
184
184
184
184
184
184
184
1.792600e+02
1.792600e+02
1.792600e+02
1.792600e+02
1.792600e+02
1.792600e+02
1.792600e+02
1.792600e+02
1.792600e+02
178
178
178
178
178
178
178
1.736000e+02
1.736000e+02
1.736000e+02
1.694100e+02
1.694100e+02
1.694100e+02
1.694100e+02
1.694100e+02
1.694100e+02
1.694100e+02
1.694100e+02
1.694100e+02
1.677000e+02
1.677000e+02
1.677000e+02
1.677000e+02
1.677000e+02
1.677000e+02
1.677000e+02
168
168
168
168
168
1.684000e+02
1.684000e+02
1.662000e+02
1.662000e+02
1.651500e+02
1.651500e+02
1.651500e+02
1.651500e+02
1.651500e+02
1.651500e+02
1.651500e+02
1.651500e+02
1.651500e+02
1.651500e+02
1.464500e+02
1.464500e+02
1.464500e+02
1.464500e+02
1.659800e+02
1.659800e+02
1.659800e+02
1.636800e+02
1.636800e+02
1.656000e+02
1.656000e+02
1.656000e+02
1.656000e+02
1.656000e+02
1.620400e+02
1.620400e+02
1.622000e+02
1.622000e+02
1.618000e+02
1.618000e+02
1.618000e+02
1.575700e+02
1.575700e+02
1.558000e+02
1.558000e+02
1.554500e+02
1.554500e+02
1.554500e+02
1.540100e+02
1.540100e+02
1.541600e+02
1.541600e+02
1.541600e+02
1.541600e+02
1.541600e+02
1.547300e+02
1.547300e+02
1.558500e+02
1.558500e+02
1.552100e+02
1.552100e+02
1.552100e+02
1.552100e+02
1.552100e+02
1.552100e+02
1.552100e+02
1.552100e+02
1.552100e+02
1.552100e+02
1.524900e+02
1.524900e+02
1.516900e+02
1.516900e+02
1.516900e+02
1.516900e+02
1.516900e+02
1.454400e+02
1.454400e+02
1.416200e+02
1.416200e+02
1.417200e+02
1.417200e+02
1.417200e+02
1.423900e+02
1.423900e+02
1.435600e+02
1.435600e+02
143
143
143
1.420300e+02
1.420300e+02
1.424400e+02
1.424400e+02
1.424400e+02
