0
0
0
0
0
0
0
0
0
0
0
0
0
0
0
0
0
0
0
0
0
0
0
0
0
0
0
0
0
0
0
0
0
0
0
0
0
0
0
0
0
0
0
0
0
0
0
0
0
0
0
0
0
0
0
0
0
0
0
0
0
0
0
0
0
0
0
0
0
0
0
0
0
0
0
0
0
0
0
0
0
0
0
0
0
0
0
0
0
0
0
0
0
0
0
0
0
0
0
0
0
0
0
0
0
0
0
0
0
0
0
0
0
0
0
0
0
0
0
0
0
0
0
0
0
0
0
0
0
0
0
0
0
0
0
0
0
0
0
0
0
0
0
0
0
0
0
0
0
0
0
0
0
0
0
0
0
0
0
0
0
0
0
0
0
0
0
0
0
0
0
0
0
0
0
0
0
0
0
0
0
0
0
0
0
0
0
0
0
0
0
0
0
0
0
0
0
0
0
0
0
0
0
0
0
0
0
0
0
0
0
0
0
0
0
0
0
0
0
0
0
0
0
0
0
0
0
0
0
0
0
0
0
0
0
0
0
0
0
0
0
0
0
0
0
0
0
0
0
0
0
0
0
0
0
0
0
0
0
0
0
0
0
0
0
0
0
0
0
0
0
0
0
0
0
0
0
0
0
0
0
0
0
0
0
0
0
0
0
0
0
0
0
0
0
0
0
0
0
0
0
0
0
0
0
0
0
0
0
0
0
0
0
0
0
0
0
0
0
0
0
0
0
0
0
0
0
0
0
0
0
0
0
0
0
0
0
0
0
0
0
0
0
0
0
0
0
0
0
0
0
0
0
0
0
0
0
0
0
0
0
0
0
0
0
0
0
0
0
0
0
0
0
0
0
0
0
0
0
0
0
0
0
0
0
0
0
0
0
0
0
0
0
0
0
0
0
0
0
0
0
0
0
0
0
0
0
0
0
0
0
0
0
0
0
0
0
0
0
0
0
0
0
0
0
0
0
0
0
0
0
0
0
0
0
0
0
0
0
0
0
0
0
0
0
0
0
0
0
0
0
0
0
0
0
0
0
0
0
0
0
0
0
0
0
0
0
0
0
0
0
0
0
0
0
0
0
0
0
0
0
0
0
0
0
0
0
0
0
0
0
0
0
0
0
0
0
0
0
0
0
0
0
0
0
0
0
0
0
0
0
0
0
0
0
0
0
0
0
0
0
0
0
0
0
0
0
0
0
0
0
0
0
0
0
0
0
0
0
0
0
0
0
0
0
0
0
0
0
0
0
0
0
0
0
0
0
0
0
0
0
0
0
0
0
0
0
0
0
0
0
0
0
0
0
0
0
0
0
0
0
0
0
0
0
0
0
0
0
0
0
0
0
0
0
0
0
0
0
0
0
0
0
0
0
0
0
0
0
0
0
0
0
0
0
0
0
0
0
0
0
0
0
0
0
0
0
0
0
0
0
0
0
0
0
0
0
0
0
0
0
0
0
0
0
0
0
0
0
0
0
0
0
0
0
0
0
0
0
0
0
0
0
0
0
0
0
0
0
0
0
0
0
0
0
0
0
0
0
0
0
0
0
0
0
0
0
0
0
0
0
0
0
0
0
0
0
0
0
0
0
0
0
0
0
0
0
0
0
0
0
0
0
0
0
0
0
0
0
0
0
0
0
0
0
0
0
0
0
0
0
0
0
0
0
0
0
0
0
0
0
0
0
0
0
0
0
0
0
0
0
0
0
0
0
0
0
0
0
0
0
0
0
0
0
0
0
0
0
0
0
0
0
0
0
0
0
0
0
0
0
0
0
0
0
0
0
0
0
0
0
0
0
0
0
0
0
0
0
0
0
0
0
0
0
0
0
0
0
0
0
0
0
0
0
0
0
0
0
0
0
0
0
0
0
0
0
0
0
0
0
0
0
0
0
0
0
0
0
0
0
0
0
0
0
0
0
0
0
0
0
0
0
0
0
0
0
0
0
0
0
0
0
0
0
0
0
0
0
0
0
0
0
0
0
0
0
0
0
0
0
0
0
0
0
0
0
0
0
0
0
0
0
0
0
0
0
0
0
0
0
0
0
0
0
0
0
0
0
0
0
0
0
0
0
0
0
0
0
0
0
0
0
0
0
0
0
0
0
0
0
0
0
0
0
0
0
0
0
0
0
0
0
0
0
0
0
0
0
0
0
0
0
0
0
0
0
0
0
0
0
0
0
0
0
0
0
0
0
0
0
0
0
0
0
0
0
0
0
0
0
0
0
0
0
0
0
0
0
0
0
0
0
0
0
0
0
0
0
0
0
0
0
0
0
0
0
0
0
0
0
0
0
0
0
0
0
0
0
0
0
0
0
0
0
0
0
0
0
0
0
0
0
0
0
0
0
0
0
0
0
0
0
0
0
0
0
0
0
0
0
0
0
0
0
0
0
0
0
0
0
0
0
0
0
0
0
0
0
0
0
0
0
0
0
0
0
0
0
0
0
0
0
0
0
0
0
0
0
0
0
0
0
0
0
0
0
0
0
0
0
0
0
0
0
0
0
0
0
0
0
0
0
0
0
0
0
0
0
0
0
0
0
0
0
0
0
0
0
0
0
0
0
0
0
0
0
0
0
0
0
0
0
0
0
0
0
0
0
0
0
0
0
0
0
0
0
0
0
0
0
0
0
0
0
0
0
0
0
0
0
0
0
0
0
0
0
0
0
0
0
0
0
0
0
0
0
0
0
0
0
0
0
0
0
0
0
0
0
0
0
0
0
0
0
0
0
0
0
0
0
0
0
0
0
0
0
0
0
0
0
0
0
0
0
0
0
0
0
0
0
0
0
0
0
0
0
0
0
0
0
0
0
0
0
0
0
0
0
0
0
0
0
0
0
0
0
0
0
0
0
0
0
0
0
0
0
0
0
0
0
0
0
0
0
0
0
0
0
0
0
0
0
0
0
0
0
0
0
0
0
0
0
0
0
0
0
0
0
0
0
0
0
0
0
0
0
0
0
0
0
0
0
0
0
0
0
0
0
0
0
0
0
0
0
0
0
0
0
0
0
0
0
0
0
0
0
0
0
0
0
0
0
0
0
0
0
0
0
0
0
0
0
0
0
0
0
0
0
0
0
0
0
0
0
0
0
0
0
0
0
0
0
0
0
0
0
0
0
0
0
0
0
0
0
0
0
0
0
0
0
0
0
0
0
0
0
0
0
0
0
0
0
0
0
0
0
0
0
0
0
0
0
0
0
0
0
0
0
0
0
0
0
0
0
0
0
0
0
0
0
0
0
0
0
0
0
0
0
0
0
0
0
0
0
0
0
0
0
0
0
0
0
0
0
0
0
0
0
0
0
0
0
0
0
0
0
0
0
0
0
0
0
0
0
0
0
0
0
2.000000e-02
2.000000e-02
2.000000e-02
2.000000e-02
2.000000e-02
2.000000e-02
2.000000e-02
2.000000e-02
2.000000e-02
2.000000e-02
1.000000e-02
1.000000e-02
1.000000e-02
7.510000e+01
9.619000e+01
1.108300e+02
1.225500e+02
1.300600e+02
1.300600e+02
1.300600e+02
1.720000e+00
1.085700e+02
1.586300e+02
1.730600e+02
1.594300e+02
1.594300e+02
1.594300e+02
1.594300e+02
1.594300e+02
9.049000e+01
3.649100e+02
4.465400e+02
4.465400e+02
4.465400e+02
3.978500e+02
4.896500e+02
6.721100e+02
4.847600e+02
7.441600e+02
7.441600e+02
7.441600e+02
8.567000e+01
5.404800e+02
8.182300e+02
8.764700e+02
8.764700e+02
8.764700e+02
8.764700e+02
3.600000e+00
3.590200e+02
8.050700e+02
9.707400e+02
9.380600e+02
9.380600e+02
9.380600e+02
1.420000e+01
5.076200e+02
8.861300e+02
9.387100e+02
9.010100e+02
9.010100e+02
9.010100e+02
8.403900e+02
8.200600e+02
8.100600e+02
8.025100e+02
7.964500e+02
7.964500e+02
7.964500e+02
7.782300e+02
7.782300e+02
7.782300e+02
7.782300e+02
7.269000e+01
7.312600e+02
7.312600e+02
7.312600e+02
7.312600e+02
8.434800e+02
8.434800e+02
8.358600e+02
8.358600e+02
8.358600e+02
8.099100e+02
8.099100e+02
8.289500e+02
8.289500e+02
8.109300e+02
8.109300e+02
8.109300e+02
5.788400e+02
5.788400e+02
5.788400e+02
5.788400e+02
1.239100e+02
1.239100e+02
1.239100e+02
1.129100e+02
1.129100e+02
1.127700e+02
1.127700e+02
9.741000e+01
9.741000e+01
9.741000e+01
7.791000e+01
7.791000e+01
7.791000e+01
7.791000e+01
6.949000e+01
6.949000e+01
6.949000e+01
6.759000e+01
6.759000e+01
7.018000e+01
7.018000e+01
7.018000e+01
7.018000e+01
7.018000e+01
6.969000e+01
6.969000e+01
6.847000e+01
6.847000e+01
6.518000e+01
6.518000e+01
6.518000e+01
6.518000e+01
6.518000e+01
6.598000e+01
6.598000e+01
0
0
0
0
0
0
0
0
0
0
0
0
0
0
0
0
0
0
0
0
0
0
0
0
0
0
0
0
0
0
0
0
0
0
0
0
0
0
0
0
0
0
0
0
0
0
0
0
0
0
0
0
0
0
0
0
0
0
0
0
0
0
0
0
0
0
1.945000e+02
1.945000e+02
7.940000e+01
7.940000e+01
7.940000e+01
7.940000e+01
7.940000e+01
7.940000e+01
7.940000e+01
7.940000e+01
7.940000e+01
7.940000e+01
7.940000e+01
7.940000e+01
7.940000e+01
7.940000e+01
7.940000e+01
7.940000e+01
7.940000e+01
7.940000e+01
7.940000e+01
7.625000e+01
7.625000e+01
7.373000e+01
7.373000e+01
7.228000e+01
7.228000e+01
7.228000e+01
7.228000e+01
7.228000e+01
7.228000e+01
7.228000e+01
5.786000e+01
5.786000e+01
5.786000e+01
5.560000e+01
5.560000e+01
5.466000e+01
5.466000e+01
5.398000e+01
5.398000e+01
5.398000e+01
5.256000e+01
5.256000e+01
5.256000e+01
5.256000e+01
5.466000e+01
5.466000e+01
5.466000e+01
3.537000e+01
3.537000e+01
4.588000e+01
4.588000e+01
2.545000e+01
2.545000e+01
2.545000e+01
1.878000e+01
1.878000e+01
1.878000e+01
1.878000e+01
1.878000e+01
1.878000e+01
1.878000e+01
1.878000e+01
1.878000e+01
1.878000e+01
1.878000e+01
1.298000e+01
1.298000e+01
1.298000e+01
1.038000e+01
1.038000e+01
1.403000e+01
1.403000e+01
1.389000e+01
1.731000e+01
1.731000e+01
1.731000e+01
1.731000e+01
1.731000e+01
1.731000e+01
1.731000e+01
1.731000e+01
1.731000e+01
1.731000e+01
1.731000e+01
1.731000e+01
1.731000e+01
3.950000e+01
3.950000e+01
3.950000e+01
3.950000e+01
3.950000e+01
8.576000e+01
8.576000e+01
1.607500e+02
1.607500e+02
1.607500e+02
201
201
2.227000e+02
2.227000e+02
2.616000e+02
2.616000e+02
2.616000e+02
3.246200e+02
3.246200e+02
3.732200e+02
3.732200e+02
4.349300e+02
4.349300e+02
4.349300e+02
4.349300e+02
4.349300e+02
6.588300e+02
6.588300e+02
7.839600e+02
7.839600e+02
7.839600e+02
9.153200e+02
9.153200e+02
9.356400e+02
9.356400e+02
3.090900e+02
3.090900e+02
3.090900e+02
3.090900e+02
3.090900e+02
9.640600e+02
9.640600e+02
9.576200e+02
9.576200e+02
9.576200e+02
6.371200e+02
6.371200e+02
6.226000e+02
6.226000e+02
9.694300e+02
9.694300e+02
9.694300e+02
9.694300e+02
9.694300e+02
9.694300e+02
9.694300e+02
9.694300e+02
9.694300e+02
9.694300e+02
9.627600e+02
9.627600e+02
9.582800e+02
9.582800e+02
9.546500e+02
9.546500e+02
9.546500e+02
9.546500e+02
9.546500e+02
9.546500e+02
9.546500e+02
9.514900e+02
9.514900e+02
9.514900e+02
9.465600e+02
9.465600e+02
9.465600e+02
9.465600e+02
9.465600e+02
9.465600e+02
9.465600e+02
9.465600e+02
9.465600e+02
9.465600e+02
9.589400e+02
9.699900e+02
9.699900e+02
9.699900e+02
9.604500e+02
9.604500e+02
9.646700e+02
9.646700e+02
9.657700e+02
9.657700e+02
9.657700e+02
9.657700e+02
9.657700e+02
9.612500e+02
9.612500e+02
9.597200e+02
9.597200e+02
9.597200e+02
9.591100e+02
9.591100e+02
9.591100e+02
9.591100e+02
9.628900e+02
9.628900e+02
9.628900e+02
9.628900e+02
9.628900e+02
1.007060e+03
1.007060e+03
1.011140e+03
1.011140e+03
1.011140e+03
1.021730e+03
1.021730e+03
1.022310e+03
1.022310e+03
1.024550e+03
1.024550e+03
1.024550e+03
1.024550e+03
1.024550e+03
1.037220e+03
1.037220e+03
1.037220e+03
1.037220e+03
1.037220e+03
7.677000e+02
7.677000e+02
7.677000e+02
7.677000e+02
1.026490e+03
1.026490e+03
1.026490e+03
1.026490e+03
1.026490e+03
1.027110e+03
1.027110e+03
1.027110e+03
1.027110e+03
1.027110e+03
1.027110e+03
1.027110e+03
1.019750e+03
1.019750e+03
1.018390e+03
1.018390e+03
1.018390e+03
1.018390e+03
1.018390e+03
1.019260e+03
1.019260e+03
1.019260e+03
1.019260e+03
1.019260e+03
1.019260e+03
1.019260e+03
1.019550e+03
1.019550e+03
1.019550e+03
1.019550e+03
1.019550e+03
9.985300e+02
9.985300e+02
9.791600e+02
9.791600e+02
9.693900e+02
9.693900e+02
9.693900e+02
9.693900e+02
9.693900e+02
9.693900e+02
9.693900e+02
9.548200e+02
9.548200e+02
9.548200e+02
9.548200e+02
9.548200e+02
9.487500e+02
9.487500e+02
9.466000e+02
9.466000e+02
9.466000e+02
9.443800e+02
9.443800e+02
9.443800e+02
9.443800e+02
9.405200e+02
9.405200e+02
9.405200e+02
9.405200e+02
9.405200e+02
9.331000e+02
9.331000e+02
9.338300e+02
9.338300e+02
9.338300e+02
9.338300e+02
9.338300e+02
9.059100e+02
9.059100e+02
9.302500e+02
9.302500e+02
9.302500e+02
9.302500e+02
9.302500e+02
9.113200e+02
9.113200e+02
9.272400e+02
9.272400e+02
9.272400e+02
9.199600e+02
9.199600e+02
9.152700e+02
9.152700e+02
9.143500e+02
9.143500e+02
9.143500e+02
9.143500e+02
9.143500e+02
9.110700e+02
9.110700e+02
9.151700e+02
9.151700e+02
9.151700e+02
9.199800e+02
9.199800e+02
9.209200e+02
9.209200e+02
9.118200e+02
9.118200e+02
9.118200e+02
9.118200e+02
9.118200e+02
8.949800e+02
8.949800e+02
8.852500e+02
8.852500e+02
8.852500e+02
8.852500e+02
8.852500e+02
8.802300e+02
8.802300e+02
8.802300e+02
8.802300e+02
8.802300e+02
8.802300e+02
8.802300e+02
8.748600e+02
8.748600e+02
8.711600e+02
8.711600e+02
8.711600e+02
8.641500e+02
8.641500e+02
8.641500e+02
8.641500e+02
8.641500e+02
8.641500e+02
8.641500e+02
8.641500e+02
8.641500e+02
8.641500e+02
8.641500e+02
8.641500e+02
8.641500e+02
8.641500e+02
8.641500e+02
8.641500e+02
8.641500e+02
8.641500e+02
8.641500e+02
8.641500e+02
8.641500e+02
8.641500e+02
8.641500e+02
8.641500e+02
8.405100e+02
8.405100e+02
8.405100e+02
8.405100e+02
8.405100e+02
8.405100e+02
8.405100e+02
8.405100e+02
8.405100e+02
8.405100e+02
8.405100e+02
8.405100e+02
8.253000e+02
8.253000e+02
8.253000e+02
8.253000e+02
8.253000e+02
8.253000e+02
8.253000e+02
8.253000e+02
8.177600e+02
8.177600e+02
8.177600e+02
8.177600e+02
8.177600e+02
8.177600e+02
8.177600e+02
8.139100e+02
8.139100e+02
8.154100e+02
8.154100e+02
8.154100e+02
8.096700e+02
8.096700e+02
806
806
7.866400e+02
7.866400e+02
7.866400e+02
7.866400e+02
7.866400e+02
7.727500e+02
7.727500e+02
7.772700e+02
7.772700e+02
7.772700e+02
7.668100e+02
7.668100e+02
7.668100e+02
7.668100e+02
7.619900e+02
7.619900e+02
7.619900e+02
7.619900e+02
7.619900e+02
7.639300e+02
7.639300e+02
7.639300e+02
7.639300e+02
7.639300e+02
7.513000e+02
7.513000e+02
7.654500e+02
7.654500e+02
7.654500e+02
7.654500e+02
7.654500e+02
7.654500e+02
7.654500e+02
7.654500e+02
7.529200e+02
7.529200e+02
7.579300e+02
7.579300e+02
7.579300e+02
7.724000e+02
7.724000e+02
7.879400e+02
7.879400e+02
7.879400e+02
7.879400e+02
7.879400e+02
7.879400e+02
7.555400e+02
7.555400e+02
7.525600e+02
7.525600e+02
7.525600e+02
7.500100e+02
7.500100e+02
7.483300e+02
7.483300e+02
7.483300e+02
7.483300e+02
7.483300e+02
743
743
7.361900e+02
7.361900e+02
7.362000e+02
7.362000e+02
7.362000e+02
7.298700e+02
7.298700e+02
7.264700e+02
7.264700e+02
7.275100e+02
7.275100e+02
7.275100e+02
7.216200e+02
7.216200e+02
7.216200e+02
7.216200e+02
7.133900e+02
7.133900e+02
7.133900e+02
7.122600e+02
7.122600e+02
7.091500e+02
7.091500e+02
7.056600e+02
7.056600e+02
7.056600e+02
7.056600e+02
7.056600e+02
7.039000e+02
7.039000e+02
7.017600e+02
7.017600e+02
7.017600e+02
6.971100e+02
6.971100e+02
6.959700e+02
6.959700e+02
6.935300e+02
6.935300e+02
6.935300e+02
6.935300e+02
6.935300e+02
6.880900e+02
6.880900e+02
6.871100e+02
6.871100e+02
6.871100e+02
6.857600e+02
6.857600e+02
6.847600e+02
6.847600e+02
6.830900e+02
6.830900e+02
6.830900e+02
6.830900e+02
6.830900e+02
6.830900e+02
6.830900e+02
6.738100e+02
6.738100e+02
6.738100e+02
6.752900e+02
6.752900e+02
6.737600e+02
6.737600e+02
6.726500e+02
6.726500e+02
6.726500e+02
6.726500e+02
6.726500e+02
6.717900e+02
6.717900e+02
6.717900e+02
6.717900e+02
6.717900e+02
6.717900e+02
6.717900e+02
6.631400e+02
6.631400e+02
6.616700e+02
6.616700e+02
6.616700e+02
6.616700e+02
6.616700e+02
6.578600e+02
6.578600e+02
5.749000e+02
5.749000e+02
5.749000e+02
5.671400e+02
5.671400e+02
5.603000e+02
5.603000e+02
5.628900e+02
5.628900e+02
5.628900e+02
5.628900e+02
5.628900e+02
6.644100e+02
6.644100e+02
6.644100e+02
6.644100e+02
6.644100e+02
6.694400e+02
6.694400e+02
6.599700e+02
6.630100e+02
6.630100e+02
6.630100e+02
6.630100e+02
6.630100e+02
6.630100e+02
6.582200e+02
6.582200e+02
6.509800e+02
6.509800e+02
6.509800e+02
6.498600e+02
6.498600e+02
6.498600e+02
648
6.438800e+02
6.438800e+02
6.438800e+02
6.417200e+02
6.417200e+02
6.412800e+02
6.412800e+02
6.403400e+02
6.403400e+02
6.403400e+02
6.375600e+02
6.375600e+02
6.359200e+02
6.359200e+02
6.370300e+02
6.370300e+02
6.370300e+02
6.367000e+02
6.367000e+02
6.424500e+02
6.424500e+02
6.424500e+02
6.424500e+02
6.424500e+02
6.443400e+02
6.443400e+02
6.393800e+02
6.393800e+02
6.393800e+02
6.393800e+02
6.393800e+02
6.253500e+02
6.253500e+02
6.301400e+02
6.301400e+02
625
625
625
6.290900e+02
6.290900e+02
6.290900e+02
6.290900e+02
6.336100e+02
6.336100e+02
6.336100e+02
6.323400e+02
6.323400e+02
6.343400e+02
6.343400e+02
6.332200e+02
6.332200e+02
6.332200e+02
6.317300e+02
6.317300e+02
6.315700e+02
6.315700e+02
6.315700e+02
6.315700e+02
6.315700e+02
6.315700e+02
6.315700e+02
6.322900e+02
6.322900e+02
6.322900e+02
6.322900e+02
6.322900e+02
6.333000e+02
6.333000e+02
6.302000e+02
6.302000e+02
6.302000e+02
6.302000e+02
6.302000e+02
6.302000e+02
6.302000e+02
6.308700e+02
6.308700e+02
6.277500e+02
6.277500e+02
6.277500e+02
6.300700e+02
6.300700e+02
6.252600e+02
6.252600e+02
6.564000e+02
6.564000e+02
6.564000e+02
6.548000e+02
6.548000e+02
6.589200e+02
6.589200e+02
6.596900e+02
6.596900e+02
6.596900e+02
6.632600e+02
6.632600e+02
6.524800e+02
6.524800e+02
6.536000e+02
6.536000e+02
6.536000e+02
6.536000e+02
6.536000e+02
6.536000e+02
6.536000e+02
6.536000e+02
6.536000e+02
6.536000e+02
6.493200e+02
6.493200e+02
6.513400e+02
6.513400e+02
6.454100e+02
6.454100e+02
6.454100e+02
6.454100e+02
6.454100e+02
6.454100e+02
6.454100e+02
6.500400e+02
6.500400e+02
6.500400e+02
6.500400e+02
6.500400e+02
6.500400e+02
6.500400e+02
6.500400e+02
6.500400e+02
6.500400e+02
6.500400e+02
6.500400e+02
6.351900e+02
6.351900e+02
6.328100e+02
6.328100e+02
6.328100e+02
6.328100e+02
6.328100e+02
6.361600e+02
6.361600e+02
6.402100e+02
6.402100e+02
6.402100e+02
6.268900e+02
6.268900e+02
6.153400e+02
6.153400e+02
6.236900e+02
6.236900e+02
6.236900e+02
6.182800e+02
6.182800e+02
6.182800e+02
6.182800e+02
6.182800e+02
6.182800e+02
6.182800e+02
6.182800e+02
6.182800e+02
6.206600e+02
6.206600e+02
6.206600e+02
6.206600e+02
6.206600e+02
6.172100e+02
6.172100e+02
6.152000e+02
6.152000e+02
6.152000e+02
6.152000e+02
6.152000e+02
6.152000e+02
6.152000e+02
616
616
6.131700e+02
6.131700e+02
6.131700e+02
6.132400e+02
6.132400e+02
6.062100e+02
6.062100e+02
6.098400e+02
6.098400e+02
6.098400e+02
6.098400e+02
6.098400e+02
6.024100e+02
6.024100e+02
6.024100e+02
6.024100e+02
6.024100e+02
6.159000e+02
6.159000e+02
6.173100e+02
6.173100e+02
6.137100e+02
6.137100e+02
6.137100e+02
6.159300e+02
6.159300e+02
6.147800e+02
6.147800e+02
6.171700e+02
6.171700e+02
6.171700e+02
6.146700e+02
6.146700e+02
6.146900e+02
6.146900e+02
6.177600e+02
6.177600e+02
6.177600e+02
6.194600e+02
6.194600e+02
6.177900e+02
6.177900e+02
6.172300e+02
6.172300e+02
6.172300e+02
6.188600e+02
6.188600e+02
6.209000e+02
6.209000e+02
6.407000e+02
6.407000e+02
6.407000e+02
6.474500e+02
6.474500e+02
6.528200e+02
6.528200e+02
6.555500e+02
6.555500e+02
6.555500e+02
6.600300e+02
6.600300e+02
6.498200e+02
6.498200e+02
6.498200e+02
6.498200e+02
6.498200e+02
6.498200e+02
6.498200e+02
6.498200e+02
6.498200e+02
6.675900e+02
6.675900e+02
6.675900e+02
6.690300e+02
6.690300e+02
6.558600e+02
6.558600e+02
6.837100e+02
6.837100e+02
6.837100e+02
6.827700e+02
6.827700e+02
6.783400e+02
6.783400e+02
6.798100e+02
6.798100e+02
6.798100e+02
6.784100e+02
6.784100e+02
6.757100e+02
6.757100e+02
6.762500e+02
6.762500e+02
6.762500e+02
6.762500e+02
6.762500e+02
6.693000e+02
6.693000e+02
6.693000e+02
6.693000e+02
6.693000e+02
6.689700e+02
6.689700e+02
6.695300e+02
6.695300e+02
6.691200e+02
6.691200e+02
6.691200e+02
6.681700e+02
6.681700e+02
6.684100e+02
6.684100e+02
6.684100e+02
6.684100e+02
6.684100e+02
6.677600e+02
6.677600e+02
6.677600e+02
6.677600e+02
6.610400e+02
6.610400e+02
6.610400e+02
667
667
6.603000e+02
6.603000e+02
6.648200e+02
6.648200e+02
6.648200e+02
6.636100e+02
6.636100e+02
6.636100e+02
6.636100e+02
6.613600e+02
6.613600e+02
6.613600e+02
6.590600e+02
6.590600e+02
6.594100e+02
6.594100e+02
6.594100e+02
6.594100e+02
6.594100e+02
6.546900e+02
6.546900e+02
6.546900e+02
6.546900e+02
1.564200e+02
1.564200e+02
1.564200e+02
6.554900e+02
6.554900e+02
6.550600e+02
6.550600e+02
6.563400e+02
6.563400e+02
6.563400e+02
6.532100e+02
6.532100e+02
6.554300e+02
6.554300e+02
6.564900e+02
6.564900e+02
6.564900e+02
6.552500e+02
6.552500e+02
6.552700e+02
6.552700e+02
6.540600e+02
6.540600e+02
6.540600e+02
6.564300e+02
6.564300e+02
6.564300e+02
6.564300e+02
6.577900e+02
6.577900e+02
6.577900e+02
6.560100e+02
6.560100e+02
6.560100e+02
6.560100e+02
1.620600e+02
1.620600e+02
1.620600e+02
1.620600e+02
1.620600e+02
6.589800e+02
6.589800e+02
6.617000e+02
6.617000e+02
6.617000e+02
6.623300e+02
6.623300e+02
6.637500e+02
6.637500e+02
6.666400e+02
6.666400e+02
6.666400e+02
6.666400e+02
6.666400e+02
6.666400e+02
6.666400e+02
6.685100e+02
6.685100e+02
6.685100e+02
6.685100e+02
6.685100e+02
6.690100e+02
6.690100e+02
6.690700e+02
6.690700e+02
6.690700e+02
6.690700e+02
6.690700e+02
6.690700e+02
6.690700e+02
6.690700e+02
6.690700e+02
6.690700e+02
6.690700e+02
6.690700e+02
6.734900e+02
6.734900e+02
6.754900e+02
6.754900e+02
6.754900e+02
6.756300e+02
6.756300e+02
6.756300e+02
6.756300e+02
6.751200e+02
6.751200e+02
6.751200e+02
6.763100e+02
6.763100e+02
6.749300e+02
6.749300e+02
6.762100e+02
6.762100e+02
6.762100e+02
6.762100e+02
6.762100e+02
6.754000e+02
6.754000e+02
6.750800e+02
6.750800e+02
6.750800e+02
6.741700e+02
6.741700e+02
6.646700e+02
6.646700e+02
6.646700e+02
6.646700e+02
6.646700e+02
6.728200e+02
6.728200e+02
672
672
672
672
672
672
672
6.764700e+02
6.764700e+02
6.764700e+02
6.764700e+02
6.764700e+02
6.764700e+02
6.764700e+02
6.764700e+02
6.764700e+02
680
680
680
680
680
680
680
6.828100e+02
6.828100e+02
6.828100e+02
6.843800e+02
6.843800e+02
6.843800e+02
6.843800e+02
6.843800e+02
6.843800e+02
6.843800e+02
6.843800e+02
6.843800e+02
685
685
685
685
685
685
685
680
680
680
680
680
6.807400e+02
6.807400e+02
6.842100e+02
6.842100e+02
6.830100e+02
6.830100e+02
6.830100e+02
6.834400e+02
6.834400e+02
6.834400e+02
6.834400e+02
6.834400e+02
6.834400e+02
6.834400e+02
6.833700e+02
6.833700e+02
6.833700e+02
6.833700e+02
6.719400e+02
6.719400e+02
6.719400e+02
6.749600e+02
6.749600e+02
6.907900e+02
6.907900e+02
6.907900e+02
6.907900e+02
6.907900e+02
6.896300e+02
6.896300e+02
6.889700e+02
6.889700e+02
6.899100e+02
6.899100e+02
6.899100e+02
6.773500e+02
6.773500e+02
6.724000e+02
6.724000e+02
6.709000e+02
6.709000e+02
6.709000e+02
6.725500e+02
6.725500e+02
6.773500e+02
6.773500e+02
6.773100e+02
6.773100e+02
6.773100e+02
6.857600e+02
6.857600e+02
6.783700e+02
6.783700e+02
6.787000e+02
6.787000e+02
6.787000e+02
6.787000e+02
6.787000e+02
6.787000e+02
6.787000e+02
6.787000e+02
6.787000e+02
6.787000e+02
6.761500e+02
6.761500e+02
6.765600e+02
6.765600e+02
6.765600e+02
6.765600e+02
6.765600e+02
6.759000e+02
6.759000e+02
6.708200e+02
6.708200e+02
6.768900e+02
6.768900e+02
6.768900e+02
6.700100e+02
6.700100e+02
6.813300e+02
6.813300e+02
6.819000e+02
6.819000e+02
6.819000e+02
6.802800e+02
6.802800e+02
6.811500e+02
6.811500e+02
6.811500e+02
