0
0
0
0
0
0
0
0
0
0
0
0
0
0
0
0
0
0
0
0
0
0
0
0
0
0
0
0
0
0
0
0
0
0
0
0
0
0
0
0
0
0
0
0
0
0
0
0
0
0
0
0
0
0
0
0
0
0
0
0
0
0
0
0
0
0
0
0
0
0
0
0
0
0
0
0
0
0
0
0
0
0
0
0
0
0
0
0
0
0
0
0
0
0
0
0
0
0
0
0
0
0
0
0
0
0
0
0
0
0
0
0
0
0
0
0
0
0
0
0
0
0
0
0
0
0
0
0
0
0
0
0
0
0
0
0
0
0
0
0
0
0
0
0
0
0
0
0
0
0
0
0
0
0
0
0
0
0
0
0
0
0
0
0
0
0
0
0
0
0
0
0
0
0
0
0
0
0
0
0
0
0
0
0
0
0
0
0
0
0
0
0
0
0
0
0
0
0
0
0
0
0
0
0
0
0
0
0
0
0
0
0
0
0
0
0
0
0
0
0
0
0
0
0
0
0
0
0
0
0
0
0
0
0
0
0
0
0
0
0
0
0
0
0
0
0
0
0
0
0
0
0
0
0
0
0
0
0
0
0
0
0
0
0
0
0
0
0
0
0
0
0
0
0
0
0
0
0
0
0
0
0
0
0
0
0
0
0
0
0
0
0
0
0
0
0
0
0
0
0
0
0
0
0
0
0
0
0
0
0
0
0
0
0
0
0
0
0
0
0
0
0
0
0
0
0
0
0
0
0
0
0
0
0
0
0
0
0
0
0
0
0
0
0
0
0
0
0
0
0
0
0
0
0
0
0
0
0
0
0
0
0
0
0
0
0
0
0
0
0
0
0
0
0
0
0
0
0
0
0
0
0
0
0
0
0
0
0
0
0
0
0
0
0
0
0
0
0
0
0
0
0
0
0
0
0
0
0
0
0
0
0
0
0
0
0
0
0
0
0
0
0
0
0
0
0
0
0
0
0
0
0
0
0
0
0
0
0
0
0
0
0
0
0
0
0
0
0
0
0
0
0
0
0
0
0
0
0
0
0
0
0
0
0
0
0
0
0
0
0
0
0
0
0
0
0
0
0
0
0
0
0
0
0
0
0
0
0
0
0
0
0
0
0
0
0
0
0
0
0
0
0
0
0
0
0
0
0
0
0
0
0
0
0
0
0
0
0
0
0
0
0
0
0
0
0
0
0
0
0
0
0
0
0
0
0
0
0
0
0
0
0
0
0
0
0
0
0
0
0
0
0
0
0
0
0
0
0
0
0
0
0
0
0
0
0
0
0
0
0
0
0
0
0
0
0
0
0
0
0
0
0
0
0
0
0
0
0
0
0
0
0
0
0
0
0
0
0
0
0
0
0
0
0
0
0
0
0
0
0
0
0
0
0
0
0
0
0
0
0
0
0
0
0
0
0
0
0
0
0
0
0
0
0
0
0
0
0
0
0
0
0
0
0
0
0
0
0
0
0
0
0
0
0
0
0
0
0
0
0
0
0
0
0
0
0
0
0
0
0
0
0
0
0
0
0
0
0
0
0
0
0
0
0
0
0
0
0
0
0
0
0
0
0
0
0
0
0
0
0
0
0
0
0
0
0
0
0
0
0
0
0
0
0
0
0
0
0
0
0
0
0
0
0
0
0
0
0
0
0
0
0
0
0
0
0
0
0
0
0
0
0
0
0
0
0
0
0
0
0
0
0
0
0
0
0
0
0
0
0
0
0
0
0
0
0
0
0
0
0
0
0
0
0
0
0
0
0
0
0
0
0
0
0
0
0
0
0
0
0
0
0
0
0
0
0
0
0
0
0
0
0
0
0
0
0
0
0
0
0
0
0
0
0
0
0
0
0
0
0
0
0
0
0
0
0
0
0
0
0
0
0
0
0
0
0
0
0
0
0
0
0
0
0
0
0
0
0
0
0
0
0
0
0
0
0
0
0
0
0
0
0
0
0
0
0
0
0
0
0
0
0
0
0
0
0
0
0
0
0
0
0
0
0
0
0
0
0
0
0
0
0
0
0
0
0
0
0
0
0
0
0
0
0
0
0
0
0
0
0
0
0
0
0
0
0
0
0
0
0
0
0
0
0
0
0
0
0
0
0
0
0
0
0
0
0
0
0
0
0
0
0
0
0
0
0
0
0
0
0
0
0
0
0
0
0
0
0
0
0
0
0
0
0
0
0
0
0
0
0
0
0
0
0
0
0
0
0
0
0
0
0
0
0
0
0
0
0
0
0
0
0
0
0
0
0
0
0
0
0
0
0
0
0
0
0
0
0
0
0
0
0
0
0
0
0
0
0
0
0
0
0
0
0
0
0
0
0
0
0
0
0
0
0
0
0
0
0
0
0
0
0
0
0
0
0
0
0
0
0
0
0
0
0
0
0
0
0
0
0
0
0
0
0
0
0
0
0
0
0
0
0
0
0
0
0
0
0
0
0
0
0
0
0
0
0
0
0
0
0
0
0
0
0
0
0
0
0
0
0
0
0
0
0
0
0
0
0
0
0
0
0
0
0
0
0
0
0
0
0
0
0
0
0
0
0
0
0
0
0
0
0
0
0
0
0
0
0
0
0
0
0
0
0
0
0
0
0
0
0
0
0
0
0
0
0
0
0
0
0
0
0
0
0
0
0
0
0
0
0
0
0
0
0
0
0
0
0
0
0
0
0
0
0
0
0
0
0
0
0
0
0
0
0
0
0
0
0
0
0
0
0
0
0
0
0
0
0
0
0
0
0
0
0
0
0
0
0
0
0
0
0
0
0
0
0
0
0
0
0
0
0
0
0
0
0
0
0
0
0
0
0
0
0
0
0
0
0
0
0
0
0
0
0
0
0
0
0
0
0
0
0
0
0
0
0
0
0
0
0
0
0
0
0
0
0
0
0
0
0
0
0
0
0
0
0
0
0
0
0
0
0
0
0
0
0
0
0
0
0
0
0
0
0
0
0
0
0
0
0
0
0
0
0
0
0
0
0
0
0
0
0
0
0
0
0
0
0
0
0
0
0
0
0
0
0
0
0
0
0
0
0
0
0
0
0
0
0
0
0
0
0
0
0
0
0
0
0
0
0
0
0
0
0
0
0
0
0
0
0
0
0
0
0
0
0
0
0
0
0
0
0
0
0
0
0
0
0
0
0
0
0
0
0
0
0
0
0
0
0
0
0
0
0
0
0
0
0
0
0
0
0
0
0
0
0
0
0
0
0
0
0
0
0
0
0
0
0
0
0
0
0
0
0
0
0
0
0
0
0
0
0
0
0
0
0
0
0
0
0
0
0
0
0
0
0
0
0
0
0
0
0
0
0
0
0
0
0
0
0
0
0
0
0
0
0
0
0
0
0
0
0
0
0
0
0
0
0
0
0
0
0
0
0
0
0
0
0
0
0
0
0
0
0
0
0
0
0
0
0
0
0
0
0
0
0
0
0
0
0
0
0
0
8.161000e+01
8.161000e+01
8.161000e+01
8.161000e+01
5.554000e+01
5.167000e+01
5.416000e+01
5.646000e+01
5.196000e+01
5.196000e+01
5.196000e+01
1.122000e+01
3.850000e+01
4.989000e+01
4.869000e+01
4.845000e+01
4.845000e+01
4.845000e+01
2.043000e+01
4.613000e+01
5.859000e+01
5.852000e+01
6.580000e+01
6.580000e+01
6.580000e+01
6.960000e+01
6.960000e+01
6.960000e+01
7.387000e+01
8.180000e+01
8.180000e+01
8.180000e+01
8.702000e+01
8.702000e+01
9.066000e+01
9.066000e+01
2.773000e+01
2.773000e+01
2.773000e+01
1.380000e+01
1.380000e+01
8.650000e+01
8.650000e+01
6.339000e+01
6.339000e+01
6.339000e+01
7.971000e+01
7.971000e+01
7.971000e+01
7.971000e+01
1.128200e+02
1.128200e+02
1.128200e+02
1.150900e+02
1.150900e+02
1.192200e+02
1.192200e+02
1.192200e+02
1.908200e+02
1.908200e+02
1.908200e+02
1.273400e+02
1.273400e+02
1.273400e+02
1.273400e+02
1.626200e+02
1.626200e+02
1.626200e+02
1.845600e+02
1.845600e+02
1.767500e+02
1.767500e+02
1.767500e+02
1.767500e+02
1.767500e+02
1.081800e+02
1.081800e+02
8.704000e+01
8.704000e+01
6.674000e+01
6.674000e+01
6.674000e+01
6.674000e+01
7.162000e+01
7.162000e+01
7.521000e+01
7.521000e+01
7.521000e+01
8.017000e+01
8.017000e+01
8.392000e+01
8.392000e+01
8.687000e+01
8.687000e+01
8.687000e+01
8.840000e+01
8.840000e+01
9.101000e+01
9.101000e+01
9.498000e+01
9.498000e+01
9.498000e+01
9.789000e+01
9.789000e+01
1.016200e+02
1.016200e+02
1.049500e+02
1.049500e+02
1.049500e+02
1.078500e+02
1.078500e+02
1.093700e+02
1.093700e+02
1.108300e+02
1.108300e+02
1.108300e+02
1.136600e+02
1.136600e+02
1.179300e+02
1.179300e+02
1.179300e+02
1.179300e+02
1.179300e+02
1.194000e+02
1.194000e+02
1.271700e+02
1.271700e+02
1.271700e+02
1.271700e+02
1.271700e+02
1.700600e+02
1.700600e+02
1.700600e+02
1.700600e+02
1.370200e+02
1.370200e+02
1.370200e+02
1.370200e+02
1.370200e+02
4.343900e+02
4.343900e+02
4.343900e+02
4.343900e+02
4.343900e+02
4.343900e+02
4.343900e+02
1.843300e+02
1.843300e+02
1.843300e+02
1.843300e+02
1.843300e+02
9.307500e+02
9.307500e+02
4.496000e+02
4.496000e+02
2.680900e+02
2.680900e+02
2.680900e+02
2.665200e+02
2.665200e+02
2.812100e+02
2.812100e+02
2.984700e+02
2.984700e+02
2.984700e+02
3.121900e+02
3.121900e+02
3.347400e+02
3.347400e+02
3.347400e+02
3.347400e+02
3.347400e+02
4.226300e+02
4.226300e+02
5.441400e+02
5.441400e+02
5.427400e+02
5.427400e+02
5.427400e+02
5.427400e+02
5.427400e+02
5.427400e+02
5.427400e+02
6.305400e+02
6.305400e+02
6.305400e+02
6.350600e+02
6.350600e+02
6.335300e+02
6.335300e+02
6.484500e+02
6.484500e+02
6.484500e+02
669
669
669
669
6.851400e+02
6.851400e+02
6.851400e+02
7.122800e+02
7.122800e+02
7.242100e+02
7.242100e+02
1.589570e+03
1.589570e+03
1.589570e+03
1.589570e+03
1.589570e+03
1.589570e+03
1.589570e+03
1.589570e+03
1.589570e+03
1.589570e+03
1.589570e+03
1.589570e+03
1.589570e+03
1.589570e+03
2.430820e+03
2.430820e+03
2.430820e+03
1.272040e+03
1.272040e+03
1.541980e+03
1.541980e+03
1.659160e+03
1.659160e+03
1.659160e+03
1.323810e+03
1.323810e+03
1563
1.735310e+03
1.735310e+03
1.735310e+03
1.735310e+03
1.735310e+03
1.735310e+03
1.735310e+03
1.735310e+03
1.735310e+03
1.735310e+03
1.735310e+03
1.735310e+03
1.735310e+03
1.641620e+03
1.641620e+03
2.527430e+03
2.527430e+03
2.527430e+03
2.464990e+03
2.464990e+03
2.393900e+03
2.393900e+03
2.440440e+03
2.440440e+03
2.440440e+03
2.407410e+03
2.407410e+03
2.331190e+03
2.331190e+03
2.331190e+03
2.331190e+03
2.331190e+03
2.159780e+03
2.159780e+03
2.124560e+03
2.124560e+03
2.009370e+03
2.009370e+03
2.009370e+03
1.882800e+03
1.882800e+03
1.708230e+03
1.708230e+03
1.708230e+03
1.708230e+03
1.708230e+03
1.303490e+03
1.303490e+03
1.121490e+03
1.121490e+03
1.317270e+03
1.317270e+03
1.317270e+03
1.317270e+03
1.317270e+03
1.297400e+03
1.297400e+03
1.322340e+03
1.322340e+03
1.322340e+03
1.327760e+03
1.327760e+03
1.327760e+03
1.327760e+03
1.327760e+03
1.327760e+03
1.327760e+03
1.327760e+03
1.327760e+03
1.361300e+03
1.361300e+03
1.361300e+03
1.361300e+03
1.361300e+03
1.354390e+03
1.354390e+03
2.244650e+03
2.244650e+03
2.276590e+03
2.276590e+03
2.276590e+03
2.276590e+03
2.276590e+03
2.276590e+03
2.276590e+03
2.276590e+03
2.276590e+03
2.276590e+03
2.387810e+03
2.387810e+03
2.387810e+03
2.006270e+03
2.380970e+03
2.380970e+03
2.380970e+03
2.380970e+03
2.380970e+03
2.518530e+03
2.518530e+03
2.518530e+03
2.518530e+03
2.518530e+03
2.518530e+03
2.518530e+03
2.518530e+03
2.518530e+03
2.559330e+03
2.559330e+03
2.559330e+03
2.559330e+03
2.559330e+03
2.559330e+03
2.559330e+03
2.553720e+03
2.553720e+03
2.553720e+03
2.585190e+03
2.585190e+03
2.585190e+03
2.585190e+03
2.578900e+03
2.578900e+03
2.578900e+03
2.578900e+03
2.578900e+03
2.578900e+03
2.578900e+03
2.578900e+03
2.578900e+03
2.578900e+03
2.578900e+03
2.578900e+03
2.578900e+03
2.578900e+03
2.578900e+03
2.578900e+03
2.578900e+03
2.578900e+03
2.578900e+03
2.578900e+03
2.578900e+03
2.553730e+03
2.553730e+03
2.553730e+03
2.553730e+03
2.553730e+03
2.553730e+03
2.553730e+03
2.553730e+03
2.553730e+03
2.553730e+03
2.553730e+03
2.553730e+03
2.553730e+03
2.577210e+03
2.598240e+03
2.598240e+03
2.598240e+03
2.668880e+03
2.668880e+03
2.668880e+03
2.668880e+03
2.680760e+03
2.680760e+03
2.680760e+03
2.680760e+03
2.680760e+03
2.628480e+03
2.628480e+03
2.628480e+03
2.628480e+03
2.628480e+03
2.628480e+03
2.628480e+03
2.709590e+03
2.709590e+03
2.682370e+03
2.682370e+03
2.682370e+03
2.682370e+03
2.682370e+03
2.806300e+03
2.806300e+03
3.009230e+03
3.009230e+03
3.009230e+03
3.013250e+03
3.013250e+03
3.033480e+03
3.033480e+03
3.027310e+03
3.027310e+03
3.027310e+03
3.023560e+03
3.023560e+03
3.023560e+03
3.023560e+03
3.023560e+03
3.023560e+03
3.023560e+03
2.997490e+03
2.997490e+03
2.855870e+03
2.855870e+03
2.855870e+03
2.855870e+03
2.855870e+03
2.855870e+03
2.855870e+03
2.655630e+03
2.655630e+03
3.052890e+03
3.052890e+03
3.052890e+03
2.134450e+03
2.134450e+03
3.135700e+03
3.135700e+03
3.135700e+03
3.135700e+03
3.135700e+03
3.135700e+03
3.135700e+03
3.189510e+03
3.189510e+03
3.222940e+03
3.222940e+03
3.222940e+03
3.257910e+03
3.257910e+03
3.268720e+03
3.268720e+03
3.267150e+03
3.267150e+03
3.267150e+03
3.267150e+03
3.267150e+03
3.276050e+03
3.276050e+03
2.842710e+03
2.842710e+03
2.842710e+03
2.842710e+03
2.842710e+03
3.291030e+03
3.291030e+03
3.285490e+03
3.285490e+03
3.285490e+03
3.273180e+03
3.273180e+03
3.287120e+03
3.287120e+03
3.287120e+03
3.287120e+03
3.287120e+03
3.287120e+03
3.287120e+03
1.906500e+03
1.906500e+03
2.803190e+03
2.803190e+03
2.803190e+03
2.803190e+03
2.803190e+03
2.803190e+03
2712
2712
2712
2712
2712
2712
2712
2712
2712
2712
2712
2712
2712
2712
2712
2712
2712
2712
2712
2712
3.003230e+03
3.003230e+03
3.003230e+03
3.003230e+03
3.003230e+03
3.003230e+03
3.003230e+03
3.003230e+03
3.003230e+03
3.003230e+03
3.003230e+03
3.003230e+03
3.003230e+03
3.003230e+03
3.003230e+03
3.003230e+03
3.003230e+03
3.003230e+03
3.003230e+03
3.003230e+03
3.003230e+03
2.951570e+03
2.951570e+03
2.951570e+03
2.951570e+03
2.951570e+03
2.949570e+03
2.949570e+03
2.930700e+03
2.930700e+03
2.887130e+03
2.887130e+03
2.887130e+03
2.887130e+03
2.887130e+03
2.906710e+03
2.906710e+03
2.863700e+03
2.863700e+03
2.863700e+03
2.943120e+03
2.943120e+03
2.945880e+03
2.945880e+03
2.942070e+03
2.942070e+03
2.942070e+03
2.942070e+03
2.942070e+03
2.911790e+03
2.911790e+03
2.909100e+03
2.909100e+03
2.909100e+03
2.908300e+03
2.908300e+03
2.910290e+03
2.910290e+03
2.910290e+03
2.910290e+03
2.910290e+03
2.907900e+03
2.907900e+03
2.907410e+03
2.907410e+03
2912
2912
2912
2.906140e+03
2.906140e+03
2.906580e+03
2.906580e+03
2.823320e+03
2.823320e+03
2.823320e+03
2.823320e+03
2.823320e+03
2.891400e+03
2.891400e+03
2.891400e+03
2.891400e+03
2.891400e+03
2.866650e+03
2.866650e+03
2.828800e+03
2.828800e+03
2.828800e+03
2.828800e+03
2.828800e+03
2.828800e+03
2.828800e+03
2.829640e+03
2.829640e+03
2.611920e+03
2.611920e+03
2.611920e+03
1.699500e+03
1.699500e+03
2.852270e+03
2.852270e+03
2.464050e+03
2.464050e+03
2.464050e+03
2.464050e+03
2.464050e+03
2.718070e+03
2.718070e+03
2.332070e+03
2.332070e+03
2.332070e+03
2.683530e+03
2.683530e+03
2.657220e+03
2.657220e+03
2.631010e+03
2.631010e+03
2.631010e+03
2.631010e+03
2.631010e+03
2.702430e+03
2.702430e+03
2662
2662
2662
2662
2662
2.711070e+03
2.711070e+03
2.603650e+03
2.603650e+03
2.603650e+03
2.603650e+03
2.603650e+03
2.601100e+03
2.601100e+03
2.601100e+03
2.601100e+03
2.601100e+03
2.601100e+03
2.601100e+03
2.099970e+03
2.099970e+03
2.100220e+03
2.100220e+03
2.100220e+03
2.222270e+03
2.222270e+03
2.222270e+03
2.222270e+03
0
0
0
1.768470e+03
1.768470e+03
1.768470e+03
1.768470e+03
1.768470e+03
1.768470e+03
1.768470e+03
2.305170e+03
2.305170e+03
2.170820e+03
2.170820e+03
2.511760e+03
2.511760e+03
2.511760e+03
2.444320e+03
2.444320e+03
2.509150e+03
2.509150e+03
2.509150e+03
2.509150e+03
2.509150e+03
2.509150e+03
2.509150e+03
2.453580e+03
2.453580e+03
2.431940e+03
2.431940e+03
2.431940e+03
2.431940e+03
2.431940e+03
1.240780e+03
1.240780e+03
2.408160e+03
2.408160e+03
2.408160e+03
1.231850e+03
1.231850e+03
2.244710e+03
2.244710e+03
2.244710e+03
2.244710e+03
2.244710e+03
2.299200e+03
2.299200e+03
2.297540e+03
2.297540e+03
2.297540e+03
2.297540e+03
2.297540e+03
2.278840e+03
2.278840e+03
2.283590e+03
2.283590e+03
2.283590e+03
2.283590e+03
2.283590e+03
2354
2354
2240
2240
2.251210e+03
2.251210e+03
2.251210e+03
2.262330e+03
2.262330e+03
2.262330e+03
2.262330e+03
1.653720e+03
1.653720e+03
1.653720e+03
2.225070e+03
2.225070e+03
2.208830e+03
2.208830e+03
1.916980e+03
1.916980e+03
1.916980e+03
2.169410e+03
2.169410e+03
2.180410e+03
2.180410e+03
2.180410e+03
2.180410e+03
2.180410e+03
2164
2164
2.156050e+03
2.156050e+03
2.163360e+03
2.163360e+03
2.163360e+03
2.163360e+03
2.122620e+03
2.136280e+03
2.136280e+03
2.136280e+03
2.136280e+03
2.136280e+03
2.102810e+03
2.102810e+03
2.110150e+03
2.110150e+03
2.089810e+03
2.089810e+03
2.089810e+03
2.091410e+03
2.091410e+03
1.669630e+03
1.669630e+03
1.669630e+03
1.669630e+03
1.669630e+03
2.152800e+03
2.152800e+03
2.143060e+03
2.143060e+03
2.123760e+03
2.123760e+03
2.123760e+03
2.115770e+03
2.115770e+03
2.103960e+03
2.103960e+03
2.103960e+03
2.103960e+03
2.103960e+03
2.082190e+03
2.082190e+03
2.079520e+03
2.079520e+03
2.079520e+03
2.079520e+03
2.079520e+03
2.095880e+03
2.095880e+03
2.015980e+03
2.015980e+03
1.971670e+03
1.971670e+03
1.971670e+03
1.982270e+03
1.982270e+03
1.931830e+03
1.931830e+03
1.978400e+03
1.978400e+03
1.978400e+03
1.962180e+03
1.962180e+03
1.924410e+03
1.924410e+03
1.924410e+03
1.924410e+03
1.924410e+03
1.853380e+03
1.853380e+03
1.859190e+03
1.859190e+03
1.808790e+03
1.808790e+03
1.808790e+03
1.779710e+03
1.779710e+03
1.779710e+03
1.779710e+03
1.741530e+03
1.741530e+03
1.741530e+03
1.731200e+03
1.731200e+03
1.709900e+03
1.709900e+03
1.709900e+03
1.709900e+03
1.709900e+03
1.686770e+03
1.686770e+03
1.686770e+03
1.686770e+03
8.559500e+02
8.559500e+02
8.559500e+02
1.471260e+03
1.471260e+03
1.471260e+03
1.471260e+03
1.536670e+03
1.536670e+03
1.536670e+03
1.621010e+03
1.621010e+03
1.593410e+03
1.593410e+03
1.593410e+03
1.593410e+03
1.593410e+03
1.635050e+03
1.635050e+03
1.617710e+03
1.617710e+03
1.023330e+03
1.023330e+03
1.023330e+03
1.023330e+03
1.023330e+03
1.792490e+03
1.792490e+03
1.851010e+03
1.851010e+03
1.851010e+03
1.868160e+03
1.868160e+03
1885
1885
1.883910e+03
1.883910e+03
1.883910e+03
1.883910e+03
1.883910e+03
1.883910e+03
1.883910e+03
1.883910e+03
1.883910e+03
1.883910e+03
1.671100e+03
1.671100e+03
1711
1711
1711
1711
1711
1711
1.700370e+03
1.734620e+03
1.734620e+03
1.734620e+03
1.734620e+03
1.734620e+03
1.645880e+03
1.645880e+03
1.627500e+03
1.627500e+03
1.569460e+03
1.569460e+03
1.569460e+03
1.120790e+03
1.120790e+03
7.588100e+02
7.588100e+02
7.588100e+02
7.588100e+02
7.588100e+02
7.588100e+02
7.588100e+02
7.588100e+02
7.588100e+02
7.588100e+02
7.588100e+02
7.588100e+02
662
662
662
662
657
657
657
6.851900e+02
6.851900e+02
6.705300e+02
6.705300e+02
6.741600e+02
6.741600e+02
6.741600e+02
6.741600e+02
6.741600e+02
6.696400e+02
6.696400e+02
6.696400e+02
6.696400e+02
6.696400e+02
6.611100e+02
6.611100e+02
6.588200e+02
6.588200e+02
1.248540e+03
1.248540e+03
1.248540e+03
1.218040e+03
1.218040e+03
1.218040e+03
1.218040e+03
1.218040e+03
1.218040e+03
1.218040e+03
4.195600e+02
4.195600e+02
4.185000e+02
4.185000e+02
4.205700e+02
4.205700e+02
4.205700e+02
4.256600e+02
4.256600e+02
4.256600e+02
4.256600e+02
4.256600e+02
4.256600e+02
4.256600e+02
4.256600e+02
4.256600e+02
4.256600e+02
4.256600e+02
4.024600e+02
4.024600e+02
4.024600e+02
4.022900e+02
4.022900e+02
4.022900e+02
4.022900e+02
4.017700e+02
4.017700e+02
4.017700e+02
4.017700e+02
4.017700e+02
3.958900e+02
3.958900e+02
3.995700e+02
3.995700e+02
3.995700e+02
3.974200e+02
3.974200e+02
3.974200e+02
3.974200e+02
3.974200e+02
3.974200e+02
3.974200e+02
387
387
3.847600e+02
3.847600e+02
3.847600e+02
3.847600e+02
3.847600e+02
3.744400e+02
3.744400e+02
3.744400e+02
3.744400e+02
3.744400e+02
3.744400e+02
3.744400e+02
3.696600e+02
3.696600e+02
6.657900e+02
6.657900e+02
3.646900e+02
3.646900e+02
3.646900e+02
3.981800e+02
3.981800e+02
3.981800e+02
3.981800e+02
393
393
393
3.926900e+02
3.926900e+02
3.937200e+02
3.937200e+02
3.905200e+02
3.905200e+02
3.905200e+02
3.861000e+02
3.861000e+02
3.861000e+02
3.861000e+02
3.861000e+02
3.861000e+02
3.861000e+02
3.719600e+02
3.719600e+02
3.789800e+02
3.789800e+02
3.789800e+02
3.789800e+02
3.789800e+02
3.735900e+02
3.735900e+02
3.735900e+02
3.735900e+02
3.735900e+02
3.735900e+02
3.735900e+02
3.735900e+02
3.735900e+02
3.651100e+02
3.651100e+02
3.606200e+02
3.606200e+02
3.606200e+02
3.527300e+02
3.527300e+02
3.527300e+02
3.527300e+02
3.527300e+02
3.527300e+02
3.527300e+02
3.562400e+02
3.562400e+02
3.488400e+02
3.488400e+02
3.510700e+02
3.510700e+02
3.510700e+02
3.502900e+02
3.502900e+02
3.478900e+02
3.478900e+02
3.478900e+02
3.478900e+02
3.478900e+02
3.441000e+02
3.441000e+02
3.438000e+02
3.438000e+02
3.051200e+02
3.051200e+02
3.051200e+02
3.051200e+02
3.051200e+02
3.051200e+02
3.051200e+02
3.051200e+02
3.051200e+02
3.051200e+02
3.346400e+02
3.346400e+02
3.379300e+02
3.379300e+02
3.379300e+02
3.379300e+02
3.379300e+02
3.379300e+02
3.379300e+02
3.236500e+02
3.236500e+02
3.236500e+02
3.236500e+02
3.236500e+02
3.165900e+02
3.165900e+02
3.128700e+02
3.128700e+02
3.120800e+02
3.120800e+02
3.120800e+02
2.895300e+02
2.895300e+02
2.895300e+02
2.895300e+02
2.895300e+02
2.895300e+02
2.895300e+02
3.100300e+02
3.100300e+02
317
317
3.054100e+02
3.054100e+02
3.054100e+02
303
303
303
303
303
303
303
3.233600e+02
3.233600e+02
3.207100e+02
3.207100e+02
3.207100e+02
3.207100e+02
3.207100e+02
3.207100e+02
3.207100e+02
3.207100e+02
3.207100e+02
3.207100e+02
3.207100e+02
3.207100e+02
2.485500e+02
2.485500e+02
3.184100e+02
3.184100e+02
3.184100e+02
3.184100e+02
3.184100e+02
3.184100e+02
3.184100e+02
3.184100e+02
3.184100e+02
3.184100e+02
3.184100e+02
3.184100e+02
2.476600e+02
2.476600e+02
2.476600e+02
2.476600e+02
2.476600e+02
2.476600e+02
2.476600e+02
2.476600e+02
2.476600e+02
2.476600e+02
2.476600e+02
2.476600e+02
2.476600e+02
2.476600e+02
2.476600e+02
2.476600e+02
2.476600e+02
2.476600e+02
2.476600e+02
2.476600e+02
2.476600e+02
2.476600e+02
2.476600e+02
2.476600e+02
2.476600e+02
2.476600e+02
2.476600e+02
2.476600e+02
2.476600e+02
2.476600e+02
0
0
0
0
0
0
0
0
0
0
0
0
0
0
0
0
0
0
0
0
0
153
153
124
124
124
124
124
131
131
337
337
337
281
281
281
281
245
245
245
259
259
264
264
2.631600e+02
2.631600e+02
2.631600e+02
261
261
262
262
265
262
262
274
274
275
275
2.852900e+02
2.852900e+02
2.852900e+02
2.852900e+02
2.852900e+02
723
723
735
735
735
735
735
735
735
735
735
735
6.452900e+02
6.452900e+02
640
640
642
642
642
641
641
638
638
635
635
635
642
642
650
650
662
662
662
664
664
663
663
663
