0
0
0
0
0
0
0
0
0
0
0
0
0
0
0
0
0
0
0
0
0
0
0
0
0
0
0
0
0
0
0
0
0
0
0
0
0
0
0
0
0
0
0
0
0
0
0
0
0
0
0
0
0
0
0
0
0
0
0
0
0
0
0
0
0
0
0
0
0
0
0
0
0
0
0
0
0
0
0
0
0
0
0
0
0
0
0
0
0
0
0
0
0
0
0
0
0
0
0
0
0
0
0
0
0
0
0
0
0
0
0
0
0
0
0
0
0
0
0
0
0
0
0
0
0
0
0
0
0
0
0
0
0
0
0
0
0
0
0
0
0
0
0
0
0
0
0
0
0
0
0
0
0
0
0
0
0
0
0
0
0
0
0
0
0
0
0
0
0
0
0
0
0
0
0
0
0
0
0
0
0
0
0
0
0
0
0
0
0
0
0
0
0
0
0
0
0
0
0
0
0
0
0
0
0
0
0
0
0
0
0
0
0
0
0
0
0
0
0
0
0
0
0
0
0
0
0
0
0
0
0
0
0
0
0
0
0
0
0
0
0
0
0
0
0
0
0
0
0
0
0
0
0
0
0
0
0
0
0
0
0
0
0
0
0
0
0
0
0
0
0
0
0
0
0
0
0
0
0
0
0
0
0
0
0
0
0
0
0
0
0
0
0
0
0
0
0
0
0
0
0
0
0
0
0
0
0
0
0
0
0
0
0
0
0
0
0
0
0
0
0
0
0
0
0
0
0
0
0
0
0
0
0
0
0
0
0
0
0
0
0
0
0
0
0
0
0
0
0
0
0
0
0
0
0
0
0
0
0
0
0
0
0
0
0
0
0
0
0
0
0
0
0
0
0
0
0
0
0
0
0
0
0
0
0
0
0
0
0
0
0
0
0
0
0
0
0
0
0
0
0
0
0
0
0
0
0
0
0
0
0
0
0
0
0
0
0
0
0
0
0
0
0
0
0
0
0
0
0
0
0
0
0
0
0
0
0
0
0
0
0
0
0
0
0
0
0
0
0
0
0
0
0
0
0
0
0
0
0
0
0
0
0
0
0
0
0
0
0
0
0
0
0
0
0
0
0
0
0
0
0
0
0
0
0
0
0
0
0
0
0
0
0
0
0
0
0
0
0
0
0
0
0
0
0
0
0
0
0
0
0
0
0
0
0
0
0
0
0
0
0
0
0
0
0
0
0
0
0
0
0
0
0
0
0
0
0
0
0
0
0
0
0
0
0
0
0
0
0
0
0
0
0
0
0
0
0
0
0
0
0
0
0
0
0
0
0
0
0
0
0
0
0
0
0
0
0
0
0
0
0
0
0
0
0
0
0
0
0
0
0
0
0
0
0
0
0
0
0
0
0
0
0
0
0
0
0
0
0
0
0
0
0
0
0
0
0
0
0
0
0
0
0
0
0
0
0
0
0
0
0
0
0
0
0
0
0
0
0
0
0
0
0
0
0
0
0
0
0
0
0
0
0
0
0
0
0
0
0
0
0
0
0
0
0
0
0
0
0
0
0
0
0
0
0
0
0
0
0
0
0
0
0
0
0
0
0
0
0
0
0
0
0
0
0
0
0
0
0
0
0
0
0
0
0
0
0
0
0
0
0
0
0
0
0
0
0
0
0
0
0
0
0
0
0
0
0
0
0
0
0
0
0
0
0
0
0
0
0
0
0
0
0
0
0
0
0
0
0
0
0
0
0
0
0
0
0
0
0
0
0
0
0
0
0
0
0
0
0
0
0
0
0
0
0
0
0
0
0
0
0
0
0
0
0
0
0
0
0
0
0
0
0
0
0
0
0
0
0
0
0
0
0
0
0
0
0
0
0
0
0
0
0
0
0
0
0
0
0
0
0
0
0
0
0
0
0
0
0
0
0
0
0
0
0
0
0
0
0
0
0
0
0
0
0
0
0
0
0
0
0
0
0
0
0
0
0
0
0
0
0
0
0
0
0
0
0
0
0
0
0
0
0
0
0
0
0
0
0
0
0
0
0
0
0
0
0
0
0
0
0
0
0
0
0
0
0
0
0
0
0
0
0
0
0
0
0
0
0
0
0
0
0
0
0
0
0
0
0
0
0
0
0
0
0
0
0
0
0
0
0
0
0
0
0
0
0
0
0
0
0
0
0
0
0
0
0
0
0
0
0
0
0
0
0
0
0
0
0
0
0
0
0
0
0
0
0
0
0
0
0
0
0
0
0
0
0
0
0
0
0
0
0
0
0
0
0
0
0
0
0
0
0
0
0
0
0
0
0
0
0
0
0
0
0
0
0
0
0
0
0
0
0
0
0
0
0
0
0
0
0
0
0
0
0
0
0
0
0
0
0
0
0
0
0
0
0
0
0
0
0
0
0
0
0
0
0
1.738000e+01
3.538000e+01
3.642000e+01
3.759000e+01
6.301000e+01
7.274000e+01
9.450000e+01
1.079100e+02
1.088100e+02
9.914000e+01
9.703000e+01
1.039400e+02
1.201200e+02
1.413800e+02
1.683600e+02
1.953700e+02
1.978500e+02
2.046300e+02
2.241400e+02
2.761200e+02
1.318800e+02
3.419100e+02
3.498200e+02
3.498200e+02
3.498200e+02
3.998500e+02
4.398800e+02
4.775600e+02
4.978400e+02
5.200300e+02
5.200300e+02
5.200300e+02
5.488600e+02
5.583100e+02
5.763600e+02
5.952700e+02
6.040400e+02
6.040400e+02
6.040400e+02
6.777300e+02
6.827400e+02
6.986900e+02
7.736200e+02
7.934700e+02
7.934700e+02
7.934700e+02
8.166100e+02
8.166100e+02
8.166100e+02
9.046400e+02
5.523890e+02
5.523890e+02
5.523890e+02
5.523890e+02
5.453500e+02
5.895200e+02
6.311300e+02
6.651300e+02
6.651300e+02
6.651300e+02
9.463200e+02
9.929400e+02
9.817400e+02
9.717000e+02
9.318500e+02
9.608100e+02
9.667700e+02
9.676300e+02
9.735200e+02
9.784300e+02
9.787500e+02
9.783500e+02
9.804200e+02
9.831400e+02
9.893900e+02
1.002350e+03
989
9.900400e+02
9.898000e+02
9.930100e+02
1.002840e+03
9.967500e+02
9.967500e+02
9.971500e+02
9.964200e+02
1.004210e+03
1.004210e+03
1.004210e+03
1014
1.012480e+03
9.404300e+02
8.667500e+02
8.836200e+02
8.836200e+02
8.836200e+02
9.384700e+02
9.541300e+02
9.686500e+02
9.686500e+02
9.400200e+02
9.400200e+02
9.400200e+02
9.793600e+02
9.864500e+02
9.929000e+02
9.970900e+02
1.009520e+03
1.009520e+03
1.009520e+03
1.016880e+03
1.016750e+03
9.624800e+02
9.179200e+02
9.240400e+02
9.240400e+02
9.240400e+02
9.598000e+02
9.567400e+02
9.666200e+02
9.778700e+02
9.867900e+02
9.867900e+02
9.867900e+02
1041
1.041440e+03
1.034620e+03
1.040540e+03
1.068990e+03
1.068990e+03
1.068990e+03
2.274300e+02
6.220400e+02
6.220400e+02
6.928500e+02
5.996000e+02
5.996000e+02
5.996000e+02
7.142800e+02
7.222900e+02
257
7.165300e+02
7.394300e+02
7.394300e+02
7.394300e+02
7.406700e+02
4.563500e+02
7.743200e+02
7.932600e+02
8.055500e+02
8.055500e+02
8.055500e+02
8.361000e+02
3.899200e+02
8.445000e+02
8.535400e+02
8.602000e+02
8.602000e+02
8.602000e+02
8.673500e+02
8.675100e+02
8.718400e+02
8.733100e+02
8.701100e+02
8.701100e+02
8.701100e+02
9.973800e+02
9.953600e+02
9.921200e+02
1.000340e+03
1.011640e+03
1.011640e+03
1.011640e+03
1.036170e+03
1.048440e+03
1.051210e+03
1.052740e+03
1.051500e+03
1.051500e+03
1.051500e+03
1.048910e+03
1.056200e+03
1.067900e+03
1.079170e+03
1.079170e+03
1.079170e+03
1.079170e+03
1.079170e+03
1.072200e+03
1.081890e+03
1.086220e+03
1.090460e+03
1.090460e+03
1.090460e+03
1.090460e+03
1.099630e+03
1.107790e+03
1.107900e+03
1.112660e+03
1.112660e+03
1.112660e+03
1.119340e+03
1.119340e+03
1.119340e+03
1.119340e+03
1.122070e+03
1.122070e+03
1.122070e+03
1.115860e+03
1.117180e+03
1.115740e+03
1.116400e+03
1.114910e+03
1.114910e+03
1.114910e+03
1.108450e+03
1.110060e+03
1.110060e+03
1.110060e+03
1.114330e+03
1.114330e+03
1.114330e+03
1.121290e+03
1.111130e+03
1.103690e+03
1.106450e+03
1.106840e+03
1.106840e+03
1.106840e+03
1.109880e+03
1.115720e+03
1.116420e+03
1.121920e+03
1.128440e+03
1.128440e+03
1.128440e+03
1.126480e+03
1.126480e+03
1.126480e+03
1.131700e+03
1.130500e+03
1.130500e+03
1.130500e+03
1.132680e+03
1.134290e+03
1.131600e+03
1.133220e+03
1132
1132
1132
1132
1.133550e+03
1.130920e+03
1.130920e+03
1.130920e+03
1.130920e+03
1.130920e+03
1.120100e+02
1.123100e+03
1.124130e+03
1.124130e+03
1.124130e+03
1.124130e+03
1.124130e+03
1.124130e+03
1.120640e+03
1.120880e+03
1.118770e+03
1.116900e+03
1.116900e+03
1.116900e+03
1.119760e+03
1.120310e+03
1.117830e+03
1.117830e+03
1.117830e+03
1.117830e+03
1.117830e+03
1.110530e+03
1.112130e+03
1.112290e+03
1.112290e+03
1.112060e+03
1.112060e+03
1.112060e+03
1.109860e+03
1.109860e+03
1.109860e+03
1.109860e+03
1.109860e+03
1.109860e+03
1.109860e+03
1.107890e+03
1.107630e+03
1.106460e+03
1.104450e+03
1.103250e+03
1.103250e+03
1.103250e+03
1098
1.098760e+03
1.098760e+03
1.094990e+03
1.094990e+03
1.094990e+03
1.094990e+03
1.095310e+03
1.093980e+03
1.093980e+03
1.093670e+03
1.095700e+03
1.095700e+03
1.095700e+03
1.095960e+03
1.092460e+03
1.093400e+03
1.093400e+03
1.093400e+03
1.093400e+03
1.093400e+03
1.092620e+03
1.091440e+03
1.090740e+03
1.090690e+03
1.088930e+03
1.088930e+03
1.088930e+03
1.092590e+03
1.092590e+03
1.092590e+03
1.092590e+03
1.092590e+03
1.092590e+03
1.092590e+03
1.091120e+03
1.090100e+03
1.087870e+03
1.087400e+03
1.087400e+03
1.087400e+03
1.087400e+03
1.080250e+03
1.075890e+03
1.074510e+03
1.073340e+03
1.073340e+03
1.073340e+03
1.073340e+03
1069
1.066220e+03
1.063910e+03
1.063500e+03
1.061400e+03
1.061400e+03
1.061400e+03
1.060110e+03
1.058170e+03
1.059240e+03
1.059240e+03
1.061890e+03
1.061890e+03
1.061890e+03
1.061520e+03
1.061520e+03
1.061520e+03
1.061540e+03
1.061510e+03
1.061510e+03
1.061510e+03
1.057720e+03
1.057890e+03
1.057890e+03
1.058870e+03
1.084900e+03
1.084900e+03
1.084900e+03
1.058990e+03
1.057180e+03
1.087270e+03
1.086140e+03
1.075640e+03
1.075640e+03
1.075640e+03
1.065050e+03
1.060130e+03
1.068260e+03
1.068260e+03
0
0
0
1.046740e+03
1.043270e+03
1.036240e+03
1.029980e+03
1.024380e+03
1.024380e+03
1.024380e+03
1.021410e+03
1.021410e+03
1.014630e+03
1.013340e+03
1.013340e+03
1.013340e+03
1.013340e+03
1.013340e+03
1.003380e+03
1.000200e+03
9.996200e+02
9.964700e+02
9.964700e+02
9.964700e+02
9.918900e+02
9.918900e+02
9.883000e+02
9.883000e+02
9.883000e+02
9.883000e+02
9.883000e+02
9.803500e+02
8.746100e+02
1.009980e+03
977
9.727200e+02
9.727200e+02
9.727200e+02
9.724400e+02
9.745200e+02
9.755100e+02
9.768100e+02
9.817100e+02
9.817100e+02
9.817100e+02
1.011610e+03
984
9.820700e+02
9.805900e+02
9.835700e+02
9.835700e+02
9.835700e+02
9.860600e+02
9.868200e+02
9.865800e+02
9.865800e+02
9.865800e+02
9.865800e+02
9.865800e+02
9.865800e+02
9.865800e+02
9.865800e+02
3.171600e+02
9.453700e+02
9.453700e+02
9.453700e+02
8.501100e+02
8.603500e+02
8.707200e+02
8.806900e+02
8.944000e+02
8.944000e+02
8.944000e+02
9.130800e+02
9.169000e+02
9.177600e+02
9.194300e+02
9.208200e+02
9.208200e+02
9.208200e+02
9.208200e+02
9.208200e+02
9.208200e+02
9.208200e+02
9.201100e+02
9.201100e+02
9.201100e+02
9.399700e+02
9.383100e+02
9.383100e+02
9.625100e+02
9.661200e+02
9.661200e+02
9.661200e+02
9.887900e+02
9.887900e+02
9.992000e+02
9.992000e+02
9.992000e+02
9.992000e+02
9.992000e+02
1.007600e+03
1.006090e+03
1.004460e+03
1.002350e+03
9.946800e+02
9.946800e+02
9.946800e+02
9.723300e+02
9.723300e+02
9.723300e+02
9.723300e+02
9.723300e+02
9.723300e+02
9.723300e+02
9.531400e+02
9.531400e+02
9.531400e+02
9.805200e+02
9.805200e+02
9.805200e+02
9.805200e+02
9.619900e+02
9.619900e+02
9.619900e+02
9.619900e+02
9.619900e+02
9.619900e+02
9.619900e+02
1.004820e+03
1.004820e+03
1.004820e+03
9.996100e+02
9.970600e+02
9.970600e+02
9.970600e+02
9.764500e+02
9.764500e+02
9.764500e+02
9.764500e+02
9.764500e+02
9.764500e+02
9.764500e+02
9.553900e+02
9.553900e+02
9.553900e+02
9.553900e+02
7.238900e+02
7.238900e+02
7.238900e+02
9.638600e+02
9.638600e+02
9.638600e+02
9.638600e+02
9.638600e+02
9.638600e+02
9.638600e+02
9.443100e+02
9.443100e+02
9.384800e+02
9.384800e+02
9.384800e+02
9.384800e+02
9.384800e+02
9.346100e+02
9.346100e+02
7.931900e+02
7.931900e+02
6.495100e+02
6.495100e+02
6.495100e+02
6.495100e+02
6.495100e+02
6.047500e+02
6.047500e+02
5.944000e+02
5.944000e+02
5.944000e+02
495
495
5.024500e+02
5.024500e+02
5.024500e+02
5.024500e+02
5.024500e+02
4.919000e+02
4.919000e+02
4.744100e+02
4.744100e+02
4.767900e+02
4.767900e+02
4.767900e+02
6.144600e+02
6.144600e+02
6.144600e+02
6.144600e+02
6.144600e+02
6.144600e+02
6.144600e+02
5.990400e+02
5.990400e+02
4.365300e+02
4.365300e+02
4.365300e+02
4.365300e+02
4.365300e+02
5.928600e+02
5.928600e+02
5.956200e+02
5.956200e+02
5.956200e+02
5.956200e+02
5.956200e+02
5.956200e+02
5.956200e+02
5.942400e+02
5.942400e+02
6.015000e+02
6.015000e+02
6.015000e+02
6.074600e+02
6.074600e+02
6.033700e+02
6.033700e+02
6.104600e+02
6.104600e+02
6.104600e+02
6.104600e+02
6.104600e+02
6.104600e+02
6.104600e+02
6.104600e+02
6.104600e+02
6.104600e+02
6.104600e+02
6.104600e+02
6.261100e+02
6.261100e+02
6.261100e+02
6.261100e+02
6.261100e+02
3.849200e+02
3.849200e+02
6.201500e+02
6.201500e+02
6.163100e+02
6.163100e+02
6.163100e+02
6.994600e+02
6.994600e+02
7.430100e+02
7.430100e+02
7.764100e+02
7.764100e+02
7.764100e+02
8.102500e+02
8.102500e+02
8.285800e+02
8.285800e+02
8.468700e+02
8.468700e+02
8.468700e+02
8.573200e+02
8.573200e+02
8.632200e+02
8.632200e+02
8.632200e+02
8.632200e+02
8.632200e+02
8.632200e+02
8.632200e+02
8.632200e+02
8.632200e+02
8.642200e+02
8.652200e+02
8.662200e+02
3.682300e+02
3.682300e+02
3.473900e+02
3.473900e+02
3.346000e+02
3.346000e+02
3.346000e+02
3.292100e+02
3.292100e+02
3.292100e+02
3.292100e+02
5.879800e+02
5.879800e+02
5.879800e+02
4.159200e+02
4.159200e+02
3.410200e+02
3.410200e+02
3.332300e+02
3.332300e+02
3.332300e+02
3.216000e+02
3.216000e+02
3.216000e+02
3.216000e+02
3.216000e+02
3.216000e+02
3.216000e+02
3.216000e+02
3.216000e+02
3.216000e+02
3.216000e+02
3.216000e+02
3.216000e+02
3.216000e+02
3.216000e+02
3.216000e+02
2.821200e+02
2.821200e+02
2.769800e+02
2.769800e+02
2.769800e+02
2.691300e+02
2.691300e+02
2.691300e+02
2.691300e+02
2.691300e+02
2.691300e+02
2.691300e+02
2.691300e+02
2.691300e+02
5.403000e+01
5.403000e+01
4.016400e+02
4.016400e+02
4.016400e+02
2.488400e+02
2.488400e+02
0
0
2.528200e+02
2.528200e+02
2.528200e+02
2.465600e+02
2.465600e+02
2.449400e+02
2.449400e+02
2.309800e+02
2.309800e+02
2.309800e+02
2.431300e+02
2.431300e+02
2.431300e+02
2.431300e+02
2.311000e+02
2.311000e+02
2.311000e+02
2.238600e+02
2.238600e+02
2.195100e+02
2.195100e+02
2.195100e+02
2.195100e+02
2.195100e+02
0
0
9.002000e+01
9.002000e+01
9.002000e+01
9.002000e+01
9.002000e+01
0
0
2.561100e+02
2.561100e+02
2.249200e+02
2.249200e+02
2.249200e+02
2.026800e+02
2.026800e+02
2.026800e+02
2.026800e+02
2.026800e+02
2.026800e+02
1.828500e+02
1.828500e+02
1.828500e+02
1.828500e+02
1.828500e+02
1.828500e+02
1.828500e+02
1.828500e+02
1.744500e+02
1.744500e+02
1.711600e+02
1.711600e+02
1.711600e+02
1.711600e+02
1.711600e+02
1.711600e+02
1.711600e+02
1.636800e+02
1.636800e+02
1.636800e+02
1.636800e+02
1.636800e+02
1.590900e+02
1.590900e+02
1.590900e+02
1.590900e+02
1.590900e+02
1.590900e+02
1.590900e+02
0
0
0
0
0
0
0
0
0
0
0
0
0
0
0
0
0
0
0
0
0
0
0
0
0
0
0
0
0
0
0
0
0
0
0
0
0
0
0
0
0
0
0
0
0
0
0
0
0
0
0
0
0
0
0
0
0
0
0
0
0
0
0
0
0
0
0
0
0
0
1.612700e+02
1.612700e+02
1.612700e+02
1.612700e+02
1.612700e+02
1.612700e+02
1.612700e+02
1.612700e+02
1.612700e+02
1.192800e+02
1.192800e+02
1.192800e+02
1.192800e+02
1.192800e+02
1.189300e+02
1.189300e+02
1.189300e+02
1.189300e+02
1.189300e+02
1.189300e+02
1.189300e+02
1.189300e+02
1.189300e+02
1.189300e+02
1.189300e+02
1.189300e+02
1.189300e+02
1.189300e+02
1.230800e+02
1.230800e+02
1.230800e+02
1.230800e+02
1.230800e+02
1.230800e+02
1.230800e+02
1.208200e+02
1.208200e+02
1.208200e+02
1.208200e+02
1.208200e+02
1.208200e+02
1.208200e+02
1.208100e+02
1.208100e+02
1.208100e+02
1.208100e+02
1.208100e+02
1.208100e+02
1.208100e+02
1.214800e+02
1.214800e+02
1.202300e+02
1.202300e+02
1.179600e+02
1.179600e+02
1.179600e+02
1.192800e+02
1.192800e+02
1.231900e+02
1.231900e+02
1.207600e+02
1.207600e+02
1.207600e+02
1.208600e+02
1.208600e+02
1.207500e+02
1.207500e+02
1.204100e+02
1.204100e+02
1.204100e+02
1.122700e+02
1.122700e+02
1.122700e+02
1.122700e+02
1.122700e+02
1.122700e+02
1.122700e+02
1.207100e+02
1.207100e+02
1.180800e+02
1.180800e+02
1.171800e+02
1.171800e+02
1.171800e+02
1.171800e+02
1.171800e+02
1.171800e+02
1.171800e+02
1.171800e+02
1.171800e+02
1.171800e+02
1.174600e+02
1.174600e+02
1.159400e+02
1.159400e+02
1.159400e+02
1.159400e+02
1.159400e+02
1.159400e+02
1.159400e+02
1.159400e+02
1.159400e+02
1.159400e+02
1.159400e+02
1.159400e+02
1.159400e+02
1.159400e+02
1.162500e+02
1.162500e+02
1.162500e+02
1.162500e+02
1.162500e+02
1.162500e+02
1.162500e+02
1.162500e+02
1.162500e+02
1.162500e+02
1.162500e+02
1.162500e+02
1.162500e+02
1.162500e+02
1.162500e+02
1.162500e+02
1.162500e+02
1.162500e+02
1.162500e+02
1.162500e+02
1.162500e+02
1.140900e+02
1.140900e+02
1.140900e+02
1.140900e+02
1.140900e+02
1.140900e+02
1.140900e+02
1.140900e+02
1.140900e+02
1.140900e+02
1.140900e+02
1.140900e+02
1.140900e+02
1.094400e+02
1.094400e+02
1.094400e+02
1.094400e+02
1.094400e+02
1.094400e+02
1.087100e+02
1.087100e+02
1.099200e+02
1.099200e+02
1.099200e+02
1.099200e+02
1.099200e+02
1.098000e+02
1.098000e+02
1.098000e+02
1.098000e+02
1.098000e+02
1.098000e+02
1.098000e+02
1.105700e+02
1.105700e+02
1.105700e+02
1.105700e+02
1.099600e+02
1.099600e+02
1.099600e+02
1.120500e+02
1.120500e+02
1.120500e+02
1.120500e+02
1.120500e+02
1.120500e+02
1.120500e+02
1.142700e+02
1.142700e+02
1.136400e+02
1.136400e+02
1.120400e+02
1.120400e+02
1.120400e+02
1.106400e+02
1.106400e+02
1.106400e+02
1.106400e+02
1.106400e+02
1.106400e+02
1.106400e+02
1.100800e+02
1.100800e+02
1.079600e+02
1.079600e+02
1.095300e+02
1.095300e+02
1.095300e+02
1.106200e+02
1.106200e+02
1.106200e+02
1.106200e+02
1.106200e+02
1.106200e+02
1.106200e+02
1.106200e+02
1.106200e+02
1.106200e+02
1.106200e+02
1.106200e+02
1.106200e+02
1.106200e+02
1.091900e+02
1.091900e+02
1.093700e+02
1.093700e+02
1.093700e+02
1.093700e+02
1.093700e+02
9.516000e+01
9.516000e+01
9.377000e+01
9.377000e+01
9.334000e+01
9.334000e+01
9.334000e+01
9.334000e+01
9.334000e+01
9.334000e+01
9.334000e+01
9.334000e+01
9.334000e+01
9.334000e+01
9.264000e+01
9.264000e+01
9.218000e+01
9.218000e+01
9.218000e+01
9.218000e+01
9.218000e+01
9.301000e+01
9.301000e+01
9.301000e+01
9.301000e+01
9.301000e+01
9.301000e+01
9.301000e+01
9.099000e+01
9.099000e+01
9.070000e+01
9.070000e+01
0
0
0
0
0
0
0
0
0
0
0
0
0
0
0
0
0
0
0
0
0
0
0
0
0
0
0
0
0
0
0
0
0
0
0
0
0
0
0
0
0
0
0
0
0
0
0
0
0
0
0
0
7.451000e+01
7.451000e+01
7.451000e+01
7.451000e+01
7.451000e+01
7.451000e+01
7.451000e+01
7.451000e+01
7.451000e+01
7.440000e+01
7.440000e+01
7.430000e+01
7.430000e+01
7.430000e+01
7.881000e+01
7.881000e+01
7.881000e+01
7.881000e+01
7.521000e+01
7.521000e+01
7.521000e+01
7.569000e+01
7.569000e+01
7.482000e+01
7.482000e+01
7.482000e+01
7.482000e+01
7.482000e+01
7.482000e+01
7.482000e+01
7.482000e+01
7.482000e+01
7.482000e+01
7.482000e+01
7.482000e+01
7.482000e+01
7.482000e+01
7.566000e+01
7.566000e+01
7.634000e+01
7.634000e+01
7.634000e+01
7.634000e+01
7.634000e+01
7.634000e+01
7.634000e+01
7.634000e+01
7.634000e+01
7.634000e+01
7.634000e+01
7.634000e+01
7.634000e+01
7.634000e+01
7.634000e+01
7.634000e+01
7.634000e+01
7.634000e+01
7.634000e+01
7.634000e+01
7.634000e+01
7.634000e+01
7.634000e+01
7.634000e+01
7.680000e+01
7.680000e+01
7.727000e+01
7.727000e+01
7.764000e+01
7.764000e+01
7.764000e+01
7.764000e+01
7.764000e+01
7.764000e+01
7.764000e+01
7.764000e+01
7.764000e+01
7.764000e+01
7.764000e+01
7.764000e+01
7.591000e+01
7.591000e+01
7.563000e+01
7.563000e+01
7.563000e+01
7.563000e+01
7.563000e+01
7.563000e+01
7.563000e+01
7.563000e+01
7.563000e+01
7.563000e+01
7.563000e+01
7.563000e+01
7.563000e+01
7.563000e+01
7.592000e+01
7.592000e+01
7.592000e+01
7.592000e+01
7.592000e+01
7.592000e+01
7.592000e+01
7.592000e+01
7.592000e+01
7.592000e+01
7.592000e+01
7.592000e+01
7.592000e+01
7.592000e+01
7.592000e+01
7.592000e+01
7.592000e+01
7.592000e+01
7.592000e+01
7.592000e+01
7.592000e+01
7.592000e+01
7.592000e+01
7.592000e+01
7.592000e+01
7.592000e+01
6.930000e+01
6.930000e+01
6.930000e+01
6.930000e+01
6.930000e+01
6.930000e+01
6.930000e+01
2.827900e+02
2.827900e+02
2.827900e+02
2.827900e+02
2.827900e+02
2.827900e+02
2.827900e+02
2.827900e+02
2.827900e+02
2.827900e+02
2.827900e+02
2.827900e+02
2.827900e+02
2.827900e+02
2.827900e+02
2.827900e+02
2.827900e+02
2.827900e+02
2.827900e+02
2.827900e+02
2.827900e+02
2.827900e+02
2.827900e+02
2.827900e+02
2.827900e+02
2.827900e+02
2.827900e+02
2.827900e+02
2.827900e+02
2.827900e+02
2.827900e+02
2.827900e+02
2.827900e+02
2.827900e+02
2.827900e+02
2.827900e+02
2.827900e+02
2.827900e+02
2.827900e+02
2.827900e+02
2.827900e+02
2.827900e+02
2.827900e+02
2.827900e+02
2.827900e+02
2.827900e+02
2.827900e+02
2.827900e+02
2.827900e+02
2.827900e+02
2.827900e+02
2.827900e+02
2.827900e+02
2.827900e+02
2.827900e+02
2.827900e+02
2.827900e+02
2.827900e+02
2.827900e+02
2.827900e+02
2.827900e+02
2.827900e+02
2.827900e+02
2.827900e+02
2.827900e+02
2.827900e+02
2.827900e+02
2.827900e+02
2.827900e+02
2.827900e+02
2.827900e+02
2.827900e+02
2.827900e+02
2.827900e+02
2.827900e+02
2.827900e+02
2.827900e+02
2.827900e+02
2.827900e+02
2.827900e+02
2.827900e+02
2.827900e+02
2.827900e+02
2.827900e+02
2.827900e+02
2.827900e+02
2.827900e+02
2.827900e+02
2.827900e+02
2.827900e+02
2.827900e+02
2.827900e+02
2.827900e+02
2.827900e+02
2.827900e+02
2.827900e+02
2.827900e+02
2.827900e+02
2.827900e+02
2.827900e+02
2.827900e+02
2.827900e+02
2.827900e+02
2.827900e+02
2.827900e+02
2.827900e+02
2.827900e+02
2.827900e+02
2.827900e+02
2.827900e+02
2.827900e+02
2.827900e+02
2.827900e+02
2.827900e+02
2.827900e+02
2.827900e+02
2.827900e+02
2.827900e+02
2.827900e+02
2.827900e+02
2.827900e+02
2.827900e+02
2.827900e+02
2.827900e+02
2.827900e+02
2.827900e+02
2.827900e+02
2.827900e+02
2.827900e+02
2.827900e+02
2.827900e+02
2.827900e+02
2.827900e+02
2.827900e+02
2.827900e+02
2.827900e+02
2.827900e+02
2.827900e+02
2.827900e+02
2.827900e+02
2.827900e+02
2.827900e+02
2.827900e+02
2.827900e+02
2.827900e+02
2.827900e+02
2.827900e+02
2.827900e+02
2.827900e+02
2.827900e+02
2.827900e+02
2.827900e+02
2.827900e+02
2.827900e+02
2.827900e+02
2.827900e+02
2.827900e+02
2.827900e+02
2.827900e+02
2.827900e+02
2.827900e+02
2.827900e+02
2.827900e+02
2.827900e+02
2.827900e+02
2.827900e+02
2.827900e+02
2.827900e+02
2.827900e+02
2.827900e+02
2.827900e+02
2.827900e+02
2.827900e+02
1.225000e+02
1.225000e+02
1.231900e+02
1.231900e+02
1.222200e+02
1.222200e+02
1.222200e+02
1.210500e+02
1.210500e+02
1.208200e+02
1.208200e+02
1.208200e+02
1.208200e+02
1.208200e+02
1.216000e+02
1.216000e+02
1.213900e+02
1.213900e+02
1.213900e+02
1.213900e+02
1.213900e+02
1.225300e+02
1.225300e+02
1.224600e+02
1.224600e+02
1.224600e+02
1.224600e+02
1.224600e+02
1.222300e+02
1.222300e+02
1.224700e+02
1.224700e+02
1.224700e+02
1.224700e+02
1.224700e+02
1.234600e+02
1.234600e+02
1.229100e+02
1.229100e+02
1.229100e+02
1.229100e+02
1.229100e+02
1.229100e+02
1.229100e+02
1.229100e+02
1.229100e+02
1.230400e+02
1.230400e+02
1.230400e+02
1.226000e+02
1.226000e+02
1.226000e+02
1.226000e+02
1.226000e+02
1.226000e+02
1.226000e+02
1.226000e+02
1.226000e+02
1.227700e+02
1.227700e+02
1.227700e+02
1.227700e+02
1.227700e+02
1.234000e+02
1.234000e+02
1.234000e+02
1.234000e+02
1.234000e+02
1.234000e+02
1.234000e+02
1.222700e+02
1.222700e+02
1.235100e+02
1.235100e+02
1.228300e+02
1.228300e+02
1.228300e+02
1.230500e+02
1.230500e+02
1.233500e+02
1.233500e+02
1.233500e+02
1.233500e+02
1.233500e+02
1.238000e+02
1.238000e+02
1.241100e+02
1.241100e+02
1.234100e+02
1.234100e+02
1.234100e+02
1.230200e+02
1.230200e+02
1.226900e+02
1.226900e+02
1.226900e+02
1.226900e+02
1.226900e+02
1.223300e+02
1.223300e+02
1.218200e+02
1.218200e+02
1.204400e+02
1.204400e+02
1.204400e+02
1.204400e+02
1.204400e+02
1.204400e+02
1.204400e+02
1.204400e+02
1.204400e+02
1.204400e+02
1.204400e+02
1.204400e+02
1.220600e+02
1.220600e+02
1.219600e+02
1.219600e+02
1.219600e+02
1.219600e+02
1.219600e+02
1.226600e+02
1.226600e+02
1.226600e+02
1.226600e+02
1.226600e+02
1.234400e+02
1.234400e+02
1.239100e+02
1.239100e+02
1.238000e+02
1.238000e+02
1.238000e+02
1.238000e+02
1.238000e+02
1.238000e+02
1.238000e+02
1.238000e+02
1.238000e+02
1.238000e+02
2.237800e+02
2.237800e+02
2.237800e+02
2.237800e+02
2.237800e+02
2.237800e+02
2.237800e+02
2.237800e+02
2.237800e+02
2.237800e+02
2.237800e+02
1.242000e+02
1.242000e+02
1.242000e+02
1.242000e+02
1.242000e+02
1.242000e+02
1.242000e+02
1.242000e+02
1.242000e+02
1.242000e+02
1.242000e+02
1.242000e+02
1.242000e+02
1.242000e+02
1.242000e+02
1.242000e+02
1.242000e+02
1.242000e+02
1.242000e+02
1.242000e+02
1.242000e+02
1.242000e+02
1.242000e+02
1.242000e+02
1.242000e+02
1.242000e+02
1.242000e+02
1.242000e+02
1.242000e+02
1.242000e+02
1.242000e+02
1.242000e+02
1.242000e+02
1.242000e+02
1.242000e+02
1.088400e+02
1.088400e+02
1.088400e+02
1.228400e+02
1.228400e+02
1.215600e+02
1.215600e+02
1.209500e+02
1.209500e+02
1.209500e+02
1.358900e+02
1.358900e+02
1.358900e+02
1.358900e+02
1.225300e+02
1.225300e+02
1.225300e+02
1.215600e+02
1.215600e+02
1.207400e+02
1.207400e+02
1.218900e+02
1.218900e+02
1.218900e+02
1.229400e+02
1.229400e+02
1.212400e+02
1.212400e+02
1.252000e+02
1.252000e+02
1.252000e+02
1.210700e+02
1.210700e+02
1.210700e+02
1.210700e+02
1.226900e+02
1.226900e+02
1.226900e+02
1.233000e+02
1.233000e+02
1.487300e+02
1.487300e+02
1.296800e+02
1.296800e+02
1.296800e+02
1.274200e+02
1.274200e+02
1.256300e+02
1.256300e+02
1.244000e+02
1.244000e+02
1.244000e+02
1.255900e+02
1.255900e+02
1.265000e+02
1.265000e+02
1.265000e+02
1.265000e+02
1.265000e+02
1.252900e+02
1.252900e+02
1.237000e+02
1.237000e+02
1.236200e+02
1.236200e+02
1.236200e+02
1.237300e+02
1.237300e+02
1.244600e+02
1.244600e+02
1.250300e+02
1.250300e+02
1.250300e+02
1.255500e+02
1.255500e+02
1.263700e+02
1.263700e+02
1.265400e+02
1.265400e+02
1.265400e+02
1.281400e+02
1.281400e+02
1.281400e+02
1.281400e+02
1.252700e+02
1.252700e+02
1.252700e+02
1.253800e+02
1.253800e+02
1.243700e+02
1.243700e+02
1.250200e+02
1.250200e+02
1.250200e+02
1.250200e+02
1.250200e+02
1.250200e+02
1.250200e+02
1.250200e+02
1.250200e+02
1.250200e+02
1.235500e+02
1.235500e+02
1.231900e+02
1.231900e+02
1.231900e+02
1.231900e+02
1.231900e+02
1.235300e+02
1.235300e+02
1.246600e+02
1.246600e+02
195
195
195
1.244600e+02
1.244600e+02
1.235500e+02
1.235500e+02
1.227800e+02
1.227800e+02
1.227800e+02
1.235600e+02
1.235600e+02
1.241800e+02
1.241800e+02
1.241800e+02
