0
0
0
0
0
0
0
0
0
0
0
0
0
0
0
0
0
0
0
0
0
0
0
0
0
0
0
0
0
0
0
0
0
0
0
0
0
0
0
0
0
0
0
0
0
0
0
0
0
0
0
0
0
0
0
0
0
0
0
0
0
0
0
0
0
0
0
0
0
0
0
0
0
0
0
0
0
0
0
0
0
0
0
0
0
0
0
0
0
0
0
0
0
0
0
0
0
0
0
0
0
0
0
0
0
0
0
0
0
0
0
0
0
0
0
0
0
0
0
0
0
0
0
0
0
0
0
0
0
0
0
0
0
0
0
0
0
0
0
0
0
0
0
0
0
0
0
0
0
0
0
0
0
0
0
0
0
0
0
0
0
0
0
0
0
0
0
0
0
0
0
0
0
0
0
0
0
0
0
0
0
0
0
0
0
0
0
0
0
0
0
0
0
0
0
0
0
0
0
0
0
0
0
0
0
0
0
0
0
0
0
0
0
0
0
0
0
0
0
0
0
0
0
0
0
0
0
0
0
0
0
0
0
0
0
0
0
0
0
0
0
0
0
0
0
0
0
0
0
0
0
0
0
0
0
0
0
0
0
0
0
0
0
0
0
0
0
0
0
0
0
0
0
0
0
0
0
0
0
0
0
0
0
0
0
0
0
0
0
0
0
0
0
0
0
0
0
0
0
0
0
0
0
0
0
0
0
0
0
0
0
0
0
0
0
0
0
0
0
0
0
0
0
0
0
0
0
0
0
0
0
0
0
0
0
0
0
0
0
0
0
0
0
0
0
0
0
0
0
0
0
0
0
0
0
0
0
0
0
0
0
0
0
0
0
0
0
0
0
0
0
0
0
0
0
0
0
0
0
0
0
0
0
0
0
0
0
0
0
0
0
0
0
0
0
0
0
0
0
0
0
0
0
0
0
0
0
0
0
0
0
0
0
0
0
0
0
0
0
0
0
0
0
0
0
0
0
0
0
0
0
0
0
0
0
0
0
0
0
0
0
0
0
0
0
0
0
0
0
0
0
0
0
0
0
0
0
0
0
0
0
0
0
0
0
0
0
0
0
0
0
0
0
0
0
0
0
0
0
0
0
0
0
0
0
0
0
0
0
0
0
0
0
0
0
0
0
0
0
0
0
0
0
0
0
0
0
0
0
0
0
0
0
0
0
0
0
0
0
0
0
0
0
0
0
0
0
0
0
0
0
0
0
0
0
0
0
0
0
0
0
0
0
0
0
0
0
0
0
0
0
0
0
0
0
0
0
0
0
0
0
0
0
0
0
0
0
0
0
0
0
0
0
0
0
0
0
0
0
0
0
0
0
0
0
0
0
0
0
0
0
0
0
0
0
0
0
0
0
0
0
0
0
0
0
0
0
0
0
0
0
0
0
0
0
0
0
0
0
0
0
0
0
0
0
0
0
0
0
0
0
0
0
0
0
0
0
0
0
0
0
0
0
0
0
0
0
0
0
0
0
0
0
0
0
0
0
0
0
0
0
0
0
0
0
0
0
0
0
0
0
0
0
0
0
0
0
0
0
0
0
0
0
0
0
0
0
0
0
0
0
0
0
0
0
0
0
0
0
0
0
0
0
0
0
0
0
0
0
0
0
0
0
0
0
0
0
0
0
0
0
0
0
0
0
0
0
0
0
0
0
0
0
0
0
0
0
0
0
0
0
0
0
0
0
0
0
0
0
0
0
0
0
0
0
0
0
0
0
0
0
0
0
0
0
0
0
0
0
0
0
0
0
0
0
0
0
0
0
0
0
0
0
0
0
0
0
0
0
0
0
0
0
0
0
0
0
0
0
0
0
0
0
0
0
0
0
0
0
0
0
0
0
0
0
0
0
0
0
0
0
0
0
0
0
0
0
0
0
0
0
0
0
0
0
0
0
0
0
0
0
0
0
0
0
0
0
0
0
0
0
0
0
0
0
0
0
0
0
0
0
0
0
0
0
0
0
0
0
0
0
0
0
0
0
0
0
0
0
0
0
0
0
0
0
0
0
0
0
0
0
0
0
0
0
0
0
0
0
0
0
0
0
0
0
0
0
0
0
0
0
0
0
0
0
0
0
0
0
0
0
0
0
0
0
0
0
0
0
0
0
0
0
0
0
0
0
0
0
0
0
0
0
0
0
0
0
0
0
0
0
0
0
0
0
0
0
0
0
0
0
0
0
0
0
0
0
0
0
0
0
0
0
0
0
0
0
0
0
0
0
0
0
0
0
0
0
0
0
0
0
0
0
0
0
0
0
0
0
0
0
0
0
0
0
0
0
0
0
0
0
0
0
0
0
0
0
0
0
0
0
0
0
0
0
0
0
0
0
0
0
0
0
0
0
0
0
0
0
0
0
0
0
0
0
0
0
0
0
0
0
0
0
0
0
0
0
0
0
0
0
0
0
0
0
0
0
0
0
0
0
0
0
0
0
0
0
0
0
0
0
0
0
0
0
0
0
0
0
0
0
0
0
0
0
0
0
0
0
0
0
0
0
0
0
0
0
0
0
0
0
0
0
0
0
0
0
0
0
0
0
0
0
0
0
0
0
0
0
0
0
0
0
0
0
0
0
0
0
0
0
0
0
0
0
0
0
0
0
0
0
0
0
0
0
0
0
0
0
0
0
0
0
0
0
0
0
0
0
0
0
0
0
0
0
0
0
0
0
0
0
0
0
0
0
0
0
0
0
0
0
0
0
0
0
0
0
0
0
0
0
0
0
0
0
0
0
0
0
0
0
0
0
0
0
0
0
0
0
0
0
0
0
0
0
0
0
0
0
0
0
0
0
0
0
0
0
0
0
0
0
0
0
0
0
0
0
0
0
0
0
0
0
0
0
0
0
0
0
0
0
0
0
0
0
0
0
0
0
0
0
0
0
0
0
0
0
0
0
0
0
0
0
0
0
0
0
0
0
0
0
0
0
0
0
0
0
0
0
0
0
0
0
0
0
0
0
0
0
0
0
0
0
0
0
0
0
0
0
0
0
0
0
0
0
0
0
0
0
0
0
0
0
0
0
0
0
0
0
0
0
0
0
0
0
0
0
0
0
0
0
0
0
0
0
0
0
0
0
0
0
0
0
0
0
0
0
0
0
0
0
0
0
0
0
0
0
0
0
0
0
0
0
0
0
0
0
0
0
0
0
0
0
0
0
0
0
0
0
0
0
0
0
0
0
0
0
0
0
0
0
0
0
0
0
0
0
0
0
0
0
0
0
0
0
0
0
0
0
0
0
0
0
0
0
0
0
0
0
0
0
0
0
0
0
0
0
0
0
0
0
0
0
0
0
0
0
0
0
0
0
0
0
0
0
0
0
0
0
0
0
0
0
0
0
0
0
0
0
0
0
0
0
0
0
0
0
0
0
0
0
0
0
0
0
0
0
0
0
0
0
0
0
0
0
0
0
0
0
0
0
0
0
0
0
0
0
0
0
0
1.000000e-02
1.000000e-02
3.000000e-02
4.000000e-02
4.000000e-02
4.000000e-02
4.000000e-02
4.000000e-02
4.000000e-02
4.000000e-02
4.000000e-02
4.000000e-02
4.000000e-02
4.000000e-02
4.000000e-02
4.000000e-02
4.000000e-02
4.000000e-02
0
0
0
0
1.380000e+00
1.900000e-01
1.400000e-01
1.500000e-01
1.500000e-01
1.500000e-01
0
0
0
0
1.500000e-01
1.500000e-01
1.500000e-01
3.100000e-01
3.100000e-01
0
0
0
0
0
6.700000e-01
6.700000e-01
1.570000e+00
1.570000e+00
2.300000e+00
2.300000e+00
2.300000e+00
3.680000e+00
3.680000e+00
3.680000e+00
3.680000e+00
5.630000e+00
5.630000e+00
5.630000e+00
5.870000e+00
5.870000e+00
4
4
7.850000e+00
7.850000e+00
7.850000e+00
8.680000e+00
8.680000e+00
8.680000e+00
8.680000e+00
9.010000e+00
9.010000e+00
9.010000e+00
1.034000e+01
1.034000e+01
1.174000e+01
1.174000e+01
1.174000e+01
1.174000e+01
1.174000e+01
1.351000e+01
1.351000e+01
1.512000e+01
1.512000e+01
1.594000e+01
1.594000e+01
1.594000e+01
1.594000e+01
1.594000e+01
1.611000e+01
1.611000e+01
2.052000e+01
2.052000e+01
2.052000e+01
2.152000e+01
2.152000e+01
2.434000e+01
2.434000e+01
2.534000e+01
2.534000e+01
2.534000e+01
2.812000e+01
2.812000e+01
2.573000e+01
2.573000e+01
1.833000e+01
1.833000e+01
1.833000e+01
3.549000e+01
3.549000e+01
3.505000e+01
3.505000e+01
3.678000e+01
3.678000e+01
3.678000e+01
3.643000e+01
3.643000e+01
3.732000e+01
3.732000e+01
2.650000e+01
2.650000e+01
2.650000e+01
4.473000e+01
4.473000e+01
3.780000e+01
3.780000e+01
3.780000e+01
3.780000e+01
3.780000e+01
4.134000e+01
4.134000e+01
1.209000e+01
1.209000e+01
1.209000e+01
1.209000e+01
1.209000e+01
3.933000e+01
3.933000e+01
3.933000e+01
3.933000e+01
2.411000e+01
2.411000e+01
2.411000e+01
2.411000e+01
2.411000e+01
2.272000e+01
2.272000e+01
2.272000e+01
2.272000e+01
2.272000e+01
2.272000e+01
2.272000e+01
7.493000e+01
7.493000e+01
7.493000e+01
7.493000e+01
7.493000e+01
6
6
1.327000e+01
1.327000e+01
2.070000e+01
2.070000e+01
2.070000e+01
4.144000e+01
4.144000e+01
5.117000e+01
5.117000e+01
8.790000e+00
8.790000e+00
8.790000e+00
3.559000e+01
3.559000e+01
7.094000e+01
7.094000e+01
7.094000e+01
7.094000e+01
7.094000e+01
7.299000e+01
7.299000e+01
7.887000e+01
7.887000e+01
7.823000e+01
7.823000e+01
7.823000e+01
7.823000e+01
7.823000e+01
7.823000e+01
7.823000e+01
1.050100e+02
1.050100e+02
1.050100e+02
1.006000e+02
1.006000e+02
1.061100e+02
1.061100e+02
1.020700e+02
1.020700e+02
1.020700e+02
1.023600e+02
1.023600e+02
1.023600e+02
1.023600e+02
9.510000e+00
9.510000e+00
9.510000e+00
3.375000e+01
3.375000e+01
5.019000e+01
5.019000e+01
7.816000e+01
7.816000e+01
7.816000e+01
7.816000e+01
7.816000e+01
7.816000e+01
7.816000e+01
7.816000e+01
7.816000e+01
7.816000e+01
7.816000e+01
7.816000e+01
7.816000e+01
7.816000e+01
1.327900e+02
1.327900e+02
1.327900e+02
1.454400e+02
1.454400e+02
1.489700e+02
1.489700e+02
1.480200e+02
1.480200e+02
1.480200e+02
141
1.287100e+02
1.287100e+02
1.287100e+02
1.287100e+02
1.287100e+02
1.287100e+02
1.287100e+02
1.287100e+02
1.287100e+02
1.287100e+02
1.287100e+02
1.287100e+02
1.287100e+02
1.287100e+02
1.287100e+02
1.541400e+02
1.541400e+02
1.475600e+02
1.475600e+02
1.475600e+02
1.456000e+02
1.456000e+02
1.491200e+02
1.491200e+02
1.420300e+02
1.420300e+02
1.420300e+02
1.389100e+02
1.389100e+02
1.337000e+02
1.337000e+02
1.337000e+02
1.337000e+02
1.337000e+02
1.599300e+02
1.599300e+02
1.552100e+02
1.552100e+02
1.486000e+02
1.486000e+02
1.486000e+02
1.124400e+02
1.124400e+02
1.070100e+02
1.070100e+02
1.070100e+02
1.070100e+02
1.070100e+02
1.195900e+02
1.195900e+02
1.175200e+02
1.175200e+02
1.196000e+02
1.196000e+02
1.196000e+02
1.196000e+02
1.196000e+02
3.146000e+01
3.146000e+01
9.925000e+01
9.925000e+01
9.925000e+01
1.112300e+02
1.112300e+02
1.112300e+02
1.112300e+02
1.112300e+02
1.112300e+02
1.112300e+02
1.112300e+02
1.112300e+02
1.541100e+02
1.541100e+02
1.541100e+02
1.541100e+02
1.541100e+02
1.631500e+02
1.631500e+02
1.611400e+02
1.611400e+02
1.629600e+02
1.629600e+02
1.629600e+02
1.629600e+02
1.629600e+02
1.629600e+02
1.629600e+02
1.629600e+02
1.629600e+02
1.629600e+02
1.719900e+02
1.719900e+02
1.719900e+02
1.769900e+02
1.827100e+02
1.827100e+02
1.827100e+02
1.827100e+02
1.827100e+02
2.392000e+01
2.392000e+01
2.392000e+01
2.392000e+01
2.392000e+01
2.392000e+01
2.392000e+01
2.392000e+01
2.392000e+01
1.614000e+01
1.614000e+01
1.614000e+01
1.614000e+01
1.614000e+01
1.614000e+01
1.614000e+01
1.550000e+01
1.550000e+01
1.550000e+01
1.509000e+01
1.509000e+01
1.509000e+01
1.509000e+01
4.414000e+01
4.414000e+01
4.414000e+01
4.414000e+01
4.414000e+01
4.414000e+01
4.414000e+01
4.414000e+01
4.414000e+01
4.414000e+01
4.414000e+01
4.414000e+01
4.414000e+01
4.414000e+01
4.414000e+01
4.414000e+01
4.414000e+01
4.414000e+01
4.414000e+01
4.414000e+01
4.414000e+01
0
0
0
0
0
0
0
0
0
0
0
0
0
0
0
0
0
0
0
0
0
0
0
0
0
0
0
0
0
0
0
0
0
1.161000e+01
1.161000e+01
1.148000e+01
1.148000e+01
1.148000e+01
1.148000e+01
1.148000e+01
1.142000e+01
1.142000e+01
1.142000e+01
1.142000e+01
1.142000e+01
1.193000e+01
1.193000e+01
1.211000e+01
1.211000e+01
1.188000e+01
1.188000e+01
1.188000e+01
1.187000e+01
1.187000e+01
1.187000e+01
1.187000e+01
1.187000e+01
1.187000e+01
1.187000e+01
1.204000e+01
1.204000e+01
1.208000e+01
1.208000e+01
1.208000e+01
1.208000e+01
1.208000e+01
1.208000e+01
1.208000e+01
1.245000e+01
1.245000e+01
1.245000e+01
1.245000e+01
1.245000e+01
1.287000e+01
1.287000e+01
1.338000e+01
1.338000e+01
1.338000e+01
1.338000e+01
1.338000e+01
1.338000e+01
1.338000e+01
1.338000e+01
1.328000e+01
1.318000e+01
1.318000e+01
1.318000e+01
1.318000e+01
7.910000e+00
7.870000e+00
7.870000e+00
7.960000e+00
7.960000e+00
7.960000e+00
7.960000e+00
7.960000e+00
7.930000e+00
7.930000e+00
7.800000e+00
7.800000e+00
7.800000e+00
7.800000e+00
7.800000e+00
7.860000e+00
7.860000e+00
7.890000e+00
7.890000e+00
7.890000e+00
7.890000e+00
7.890000e+00
7.960000e+00
7.960000e+00
7.960000e+00
7.960000e+00
7.960000e+00
7.960000e+00
7.960000e+00
7.990000e+00
7.990000e+00
8.150000e+00
8.150000e+00
8.150000e+00
8.150000e+00
8.150000e+00
1.941000e+01
1.941000e+01
0
0
0
0
0
0
0
0
0
0
0
0
0
0
0
0
0
0
0
1.469000e+01
1.469000e+01
1.469000e+01
1.469000e+01
1.469000e+01
1.469000e+01
1.469000e+01
1.469000e+01
1.469000e+01
1.469000e+01
1.469000e+01
1.469000e+01
1.469000e+01
1.469000e+01
1.469000e+01
1.469000e+01
1.469000e+01
1.469000e+01
1.469000e+01
1.469000e+01
1.469000e+01
1.715900e+02
1.715900e+02
1.715900e+02
1.715900e+02
1.715900e+02
2.113700e+02
2.113700e+02
2.232900e+02
2.232900e+02
2.494800e+02
2.494800e+02
2.494800e+02
2.494800e+02
2.494800e+02
2.664600e+02
2.664600e+02
3.411800e+02
3.411800e+02
3.411800e+02
4.157900e+02
4.157900e+02
4.123800e+02
4.123800e+02
2.502000e+02
2.502000e+02
2.502000e+02
2.502000e+02
2.502000e+02
3.000400e+02
3.000400e+02
3.318100e+02
3.318100e+02
3.318100e+02
3.740500e+02
3.740500e+02
3.963000e+02
3.963000e+02
3.963000e+02
3.963000e+02
3.963000e+02
4.346000e+02
4.346000e+02
4.517700e+02
4.517700e+02
4.638700e+02
4.638700e+02
4.638700e+02
4.809200e+02
4.809200e+02
4.953200e+02
4.953200e+02
5.252700e+02
5.252700e+02
5.252700e+02
5.252700e+02
5.252700e+02
5.590100e+02
5.590100e+02
5.590100e+02
5.590100e+02
5.590100e+02
5.892000e+02
5.892000e+02
5.982800e+02
5.982800e+02
5.982800e+02
5.982800e+02
5.982800e+02
5.982800e+02
5.982800e+02
4.968500e+02
4.968500e+02
5.491000e+02
5.491000e+02
5.491000e+02
599
599
5.575800e+02
5.575800e+02
6.572900e+02
6.572900e+02
6.572900e+02
6.572900e+02
6.572900e+02
7.218900e+02
7.218900e+02
7.322200e+02
7.322200e+02
7.322200e+02
7.523000e+02
7.523000e+02
7.462200e+02
7.462200e+02
7.619800e+02
7.619800e+02
7.619800e+02
7.619800e+02
7.619800e+02
7.248700e+02
7.248700e+02
7.071700e+02
7.071700e+02
7.071700e+02
7.071700e+02
7.071700e+02
6.953700e+02
6.953700e+02
7.236400e+02
7.236400e+02
7.236400e+02
7.236400e+02
7.236400e+02
7.451600e+02
7.451600e+02
7.451600e+02
7.451600e+02
7.451600e+02
7.451600e+02
7.451600e+02
7.871200e+02
7.871200e+02
8.100400e+02
8.100400e+02
8.100400e+02
8.393800e+02
8.393800e+02
8.393800e+02
8.393800e+02
1.069800e+02
1.069800e+02
1.069800e+02
8.837300e+02
8.837300e+02
8.837300e+02
8.837300e+02
8.837300e+02
8.837300e+02
8.837300e+02
8.927000e+02
8.927000e+02
9.022500e+02
9.022500e+02
9.373100e+02
9.373100e+02
9.373100e+02
9.642000e+02
9.642000e+02
9.616600e+02
9.616600e+02
9.616600e+02
9.616600e+02
9.616600e+02
9.616600e+02
9.616600e+02
1.040130e+03
1.040130e+03
1.052260e+03
1.052260e+03
1.052260e+03
1.052260e+03
1.052260e+03
1.052260e+03
1.052260e+03
1.104430e+03
1.104430e+03
1.104430e+03
1.088210e+03
1.088210e+03
1.108900e+03
1.108900e+03
1.108900e+03
1.108900e+03
1.108900e+03
1.160690e+03
1.160690e+03
1.207200e+03
1.207200e+03
1.207200e+03
1.207200e+03
1.207200e+03
1.153110e+03
1.153110e+03
1.179920e+03
1.179920e+03
1.179920e+03
1.179920e+03
1.179920e+03
1.156410e+03
1.156410e+03
1.168700e+03
1.168700e+03
1.180160e+03
1.180160e+03
1.180160e+03
1.190650e+03
1.190650e+03
1.190650e+03
1.190650e+03
1.210160e+03
1.210160e+03
1.210160e+03
1.065300e+03
1.065300e+03
9.507700e+02
9.507700e+02
1.054700e+03
1.054700e+03
1.054700e+03
1.189650e+03
1.189650e+03
1.200790e+03
1.200790e+03
1.200790e+03
1.200790e+03
1.200790e+03
1.212480e+03
1.212480e+03
1.205540e+03
1.205540e+03
1.220750e+03
1.220750e+03
1.220750e+03
1.220750e+03
1.233980e+03
1.251580e+03
1.251580e+03
1.251580e+03
1.251580e+03
1.251580e+03
1.321790e+03
1.321790e+03
1.301440e+03
1.301440e+03
1.315950e+03
1.315950e+03
1.315950e+03
1.360990e+03
1.360990e+03
1.344410e+03
1.344410e+03
1.344410e+03
1.344410e+03
1.344410e+03
1.396650e+03
1.396650e+03
1.387750e+03
1.387750e+03
1.417590e+03
1.417590e+03
1.417590e+03
1.361020e+03
1.361020e+03
1.342480e+03
1.342480e+03
1.342480e+03
1.342480e+03
1.342480e+03
1.365570e+03
1.365570e+03
1.391100e+03
1.391100e+03
1.391100e+03
1.391100e+03
1.391100e+03
1.331740e+03
1.331740e+03
1.343240e+03
1.343240e+03
1.351580e+03
1.351580e+03
1.351580e+03
1.388330e+03
1.388330e+03
1.435310e+03
1.435310e+03
1.378450e+03
1.378450e+03
1.378450e+03
1.314610e+03
1.314610e+03
1.300200e+03
1.300200e+03
1.300200e+03
1.300200e+03
1.300200e+03
1.160650e+03
1.160650e+03
1.144840e+03
1.144840e+03
1.159550e+03
1.159550e+03
1.159550e+03
9.936700e+02
9.936700e+02
9.936700e+02
9.936700e+02
1.132480e+03
1.132480e+03
1.132480e+03
1.172180e+03
1.172180e+03
1.177330e+03
1.177330e+03
1.177330e+03
1.177330e+03
1.177330e+03
1.181350e+03
1.181350e+03
1.181350e+03
1.181350e+03
1.219420e+03
1.219420e+03
1.219420e+03
1.250150e+03
1.250150e+03
1.250150e+03
1.250150e+03
1.262500e+03
1.262500e+03
1.262500e+03
1.268220e+03
1.268220e+03
1.254640e+03
1.254640e+03
1.254640e+03
1.254640e+03
1.254640e+03
1.250840e+03
1.250840e+03
1.210100e+03
1.210100e+03
1.200200e+03
1.200200e+03
1.200200e+03
1.209800e+03
1.209800e+03
1.179570e+03
1.179570e+03
1.160420e+03
1.160420e+03
1.160420e+03
1.150540e+03
1.150540e+03
1.143380e+03
1.143380e+03
1.160450e+03
1.160450e+03
1.160450e+03
1.160450e+03
1.160450e+03
1.160450e+03
1.160450e+03
1.160450e+03
1.160450e+03
1.160450e+03
1.160450e+03
1.160450e+03
1.181070e+03
1.181070e+03
1.181070e+03
1.181070e+03
1.181070e+03
1.181070e+03
1.178540e+03
1.178720e+03
1.178720e+03
1.178720e+03
1.178720e+03
1.178720e+03
1.208470e+03
1.208470e+03
1.222900e+03
1.222900e+03
1.235360e+03
1.235360e+03
1.235360e+03
1.256130e+03
1.256130e+03
1.263520e+03
1.263520e+03
1.263520e+03
1.263520e+03
1.263520e+03
1.247600e+03
1.247600e+03
1.274500e+03
1.274500e+03
1.274500e+03
1.274500e+03
1.274500e+03
1290
1290
1.304070e+03
1.304070e+03
1.372580e+03
1.372580e+03
1.372580e+03
1.401240e+03
1.401240e+03
1.442210e+03
1.442210e+03
1.450440e+03
1.450440e+03
1.450440e+03
1.450440e+03
1.450440e+03
1.473390e+03
1.473390e+03
1.487890e+03
1.487890e+03
1.487890e+03
1.502140e+03
1.502140e+03
1.428660e+03
1.428660e+03
1.395530e+03
1.395530e+03
1.395530e+03
1.447750e+03
1.447750e+03
1.422310e+03
1.422310e+03
1.422310e+03
1.422310e+03
1.422310e+03
1.364510e+03
1.364510e+03
1.364960e+03
1.364960e+03
9.167600e+02
9.167600e+02
9.167600e+02
1.308390e+03
1.308390e+03
1.315720e+03
1.315720e+03
1.315720e+03
1.315720e+03
1.315720e+03
1.315720e+03
1.315720e+03
1.315720e+03
1.315720e+03
1.320010e+03
1.320010e+03
1.320010e+03
1.303680e+03
1.303680e+03
1.303680e+03
1.303680e+03
1.296280e+03
1.296280e+03
1.296280e+03
1.372730e+03
1.372730e+03
1.399770e+03
1.399770e+03
1.429690e+03
1.429690e+03
1.429690e+03
1.463110e+03
1.463110e+03
1.480900e+03
1.480900e+03
1.383500e+03
1.383500e+03
1.383500e+03
1.487650e+03
1.487650e+03
1.488090e+03
1.488090e+03
1.488090e+03
1.488090e+03
1.488090e+03
1.524800e+03
1.524800e+03
1.464340e+03
1.464340e+03
1.413390e+03
1.413390e+03
1.413390e+03
1.362150e+03
1.362150e+03
1.354290e+03
1.354290e+03
1.349670e+03
1.349670e+03
1.349670e+03
1.357470e+03
1.357470e+03
1.357470e+03
1.357470e+03
1.292840e+03
1.292840e+03
1.292840e+03
1.304720e+03
1.304720e+03
1.313900e+03
1.313900e+03
1.308780e+03
1.308780e+03
1.308780e+03
1.303870e+03
1.303870e+03
1.306900e+03
1.306900e+03
9.851200e+02
9.851200e+02
9.851200e+02
1.029610e+03
1.029610e+03
1.200320e+03
1.200320e+03
1.200320e+03
1.200320e+03
1.200320e+03
1.140270e+03
1.140270e+03
1.140270e+03
1.140270e+03
1.189560e+03
1.189560e+03
1.189560e+03
1.189560e+03
1.189560e+03
1.305010e+03
1.305010e+03
1.334290e+03
1.334290e+03
1.334290e+03
1.349470e+03
1.349470e+03
1.349470e+03
1.349470e+03
1.349470e+03
1.349470e+03
1.349470e+03
1.367930e+03
1.367930e+03
1.367930e+03
1.367930e+03
1.391120e+03
1.391120e+03
1.391120e+03
1.412480e+03
1.412480e+03
1.409880e+03
1.409880e+03
1.412820e+03
1.412820e+03
1.412820e+03
1.449810e+03
1.449810e+03
1.458650e+03
1.458650e+03
1.473860e+03
1.473860e+03
1.473860e+03
1.473860e+03
1.473860e+03
1483
1483
1.505750e+03
1.505750e+03
1.505750e+03
1.505490e+03
1.505490e+03
1.524940e+03
1.524940e+03
1.524940e+03
1.524940e+03
1.524940e+03
1.524940e+03
1.524940e+03
9.480800e+02
9.480800e+02
8.737500e+02
8.737500e+02
8.737500e+02
9.961200e+02
9.961200e+02
1.058930e+03
1.058930e+03
1.077450e+03
1.077450e+03
1.077450e+03
1.087300e+03
1.087300e+03
1.087300e+03
1.087300e+03
1.087300e+03
1.087300e+03
1.087300e+03
1.118670e+03
1.118670e+03
1155
1155
1.173950e+03
1.173950e+03
1.173950e+03
1.190360e+03
1.190360e+03
1.190360e+03
1.190360e+03
1.211250e+03
1.211250e+03
1.211250e+03
1.227510e+03
1.227510e+03
1.222190e+03
1.222190e+03
1245
1245
1245
1245
1245
1.241250e+03
1.241250e+03
1.241250e+03
1.241250e+03
1.241250e+03
1.266700e+03
1.266700e+03
1.277970e+03
1.277970e+03
1.277970e+03
1.277970e+03
1.277970e+03
1.297040e+03
1.297040e+03
1.297040e+03
1.297040e+03
1.297040e+03
1.297040e+03
1.297040e+03
1.353450e+03
1.353450e+03
1.353450e+03
1.353450e+03
1.353450e+03
1.353450e+03
1.353450e+03
1.353450e+03
1.353450e+03
1.490600e+03
1.490600e+03
1462
1462
1462
1462
1462
1462
1462
1.517550e+03
1.517550e+03
1.517550e+03
1.516840e+03
1.516840e+03
1.516840e+03
1.516840e+03
1608
1608
1608
1923
1923
1933
1933
1933
1933
1933
2025
2025
2025
2025
2113
2113
2113
2160
2160
2193
2193
2193
2193
2193
2194
2194
2192
2192
2194
2194
2194
2.407820e+03
2.407820e+03
2862
2862
2888
2888
2888
2803
2803
2810
2810
2799
2799
2799
2810
2810
2819
2819
2.831150e+03
2.831150e+03
2.831150e+03
2834
2834
2858
2858
2868
2868
2868
2883
2883
2917
2917
2.930100e+03
2.930100e+03
2.930100e+03
2.930100e+03
2.930100e+03
2925
2925
2962
2962
2962
2962
2962
2962
2962
2962
2962
2962
2.995510e+03
2.995510e+03
3013
3013
3061
3061
3061
3068
3068
3089
3089
3101
3101
3101
3106
3106
3111
3111
3126
3126
3126
3127
3127
3263
3263
3263
