0
0
0
0
0
0
0
0
0
0
0
0
0
0
0
0
0
0
0
0
0
0
0
0
0
0
0
0
0
0
0
0
0
0
0
0
0
0
0
0
0
0
0
0
0
0
0
0
0
0
0
0
0
0
0
0
0
0
0
0
0
0
0
0
0
0
0
0
0
0
0
0
0
0
0
0
0
0
0
0
0
0
0
0
0
0
0
0
0
0
0
0
0
0
0
0
0
0
0
0
0
0
0
0
0
0
0
0
0
0
0
0
0
0
0
0
0
0
0
0
0
0
0
0
0
0
0
0
0
0
0
0
0
0
0
0
0
0
0
0
0
0
0
0
0
0
0
0
0
0
0
0
0
0
0
0
0
0
0
0
0
0
0
0
0
0
0
0
0
0
0
0
0
0
0
0
0
0
0
0
0
0
0
0
0
0
0
0
0
0
0
0
0
0
0
0
0
0
0
0
0
0
0
0
0
0
0
0
0
0
0
0
0
0
0
0
0
0
0
0
0
0
0
0
0
0
0
0
0
0
0
0
0
0
0
0
0
0
0
0
0
0
0
0
0
0
0
0
0
0
0
0
0
0
0
0
0
0
0
0
0
0
0
0
0
0
0
0
0
0
0
0
0
0
0
0
0
0
0
0
0
0
0
0
0
0
0
0
0
0
0
0
0
0
0
0
0
0
0
0
0
0
0
0
0
0
0
0
0
0
0
0
0
0
0
0
0
0
0
0
0
0
0
0
0
0
0
0
0
0
0
0
0
0
0
0
0
0
0
0
0
0
0
0
0
0
0
0
0
0
0
0
0
0
0
0
0
0
0
0
0
0
0
0
0
0
0
0
0
0
0
0
0
0
0
0
0
0
0
0
0
0
0
0
0
0
0
0
0
0
0
0
0
0
0
0
0
0
0
0
0
0
0
0
0
0
0
0
0
0
0
0
0
0
0
0
0
0
0
0
0
0
0
0
0
0
0
0
0
0
0
0
0
0
0
0
0
0
0
0
0
0
0
0
0
0
0
0
0
0
0
0
0
0
0
0
0
0
0
0
0
0
0
0
0
0
0
0
0
0
0
0
0
0
0
0
0
0
0
0
0
0
0
0
0
0
0
0
0
0
0
0
0
0
0
0
0
0
0
0
0
0
0
0
0
0
0
0
0
0
0
0
0
0
0
0
0
0
0
0
0
0
0
0
0
0
0
0
0
0
0
0
0
0
0
0
0
0
0
0
0
0
0
0
0
0
0
0
0
0
0
0
0
0
0
0
0
0
0
0
0
0
0
0
0
0
0
0
0
0
0
0
0
0
0
0
0
0
0
0
0
0
0
0
0
0
0
0
0
0
0
0
0
0
0
0
0
0
0
0
0
0
0
0
0
0
0
0
0
0
0
0
0
0
0
0
0
0
0
0
0
0
0
0
0
0
0
0
0
0
0
0
0
0
0
0
0
0
0
0
0
0
0
0
0
0
0
0
0
0
0
0
0
0
0
0
0
0
0
0
0
0
0
0
0
0
0
0
0
0
0
0
0
0
0
0
0
0
0
0
0
0
0
0
0
0
0
0
0
0
0
0
0
0
0
0
0
0
0
0
0
0
0
0
0
0
0
0
0
0
0
0
0
0
0
0
0
0
0
0
0
0
0
0
0
0
0
0
0
0
0
0
0
0
0
0
0
0
0
0
0
0
0
0
0
0
0
0
0
0
0
0
0
0
0
0
0
0
0
0
0
0
0
0
0
0
0
0
0
0
0
0
0
0
0
0
0
0
0
0
0
0
0
0
0
0
0
0
0
0
0
0
0
0
0
0
0
0
0
0
0
0
0
0
0
0
0
0
0
0
0
0
0
0
0
0
0
0
0
0
0
0
0
0
0
0
0
0
0
0
0
0
0
0
0
0
0
0
0
0
0
0
0
0
0
0
0
0
0
0
0
0
0
0
0
0
0
0
0
0
0
0
0
0
0
0
0
0
0
0
0
0
0
0
0
0
0
0
0
0
0
0
0
0
0
0
0
0
0
0
0
0
0
0
0
0
0
0
0
0
0
0
0
0
0
0
0
0
0
0
0
0
0
0
0
0
0
0
0
0
0
0
0
0
0
0
0
0
0
0
0
0
0
0
0
0
0
0
0
0
0
0
0
0
0
0
0
0
0
0
0
0
0
0
0
0
0
0
0
0
0
0
0
0
0
0
0
0
0
0
0
0
0
0
0
0
0
0
0
0
0
0
0
0
0
0
0
0
0
0
0
0
0
0
0
0
0
0
0
0
0
0
0
0
0
0
0
0
0
0
0
0
0
0
0
0
0
0
0
0
0
0
0
0
0
0
0
0
0
0
0
0
0
0
0
0
0
0
0
0
0
0
0
0
0
0
0
0
0
0
0
0
0
0
0
0
0
0
0
0
0
0
0
0
0
0
0
0
0
0
0
0
0
0
0
0
0
0
0
0
0
0
0
0
0
0
0
0
0
0
0
0
0
0
0
0
0
0
0
0
0
0
0
0
0
0
0
0
0
0
0
0
0
0
0
0
0
0
0
0
0
0
0
0
0
0
0
0
0
0
0
0
0
0
0
0
0
0
0
0
0
0
0
0
0
0
0
0
0
0
0
0
0
0
0
0
0
0
0
0
0
0
0
0
0
0
0
0
0
0
0
0
0
0
0
0
0
0
0
0
0
0
0
0
0
0
0
0
0
0
0
0
0
0
0
0
0
0
0
0
0
0
0
0
0
0
0
0
0
0
0
0
0
0
0
0
0
0
0
0
0
0
0
0
0
0
0
0
0
0
0
0
0
0
0
0
0
0
0
0
0
0
0
0
0
0
0
0
0
0
0
0
0
0
0
0
0
0
0
0
0
0
0
0
0
0
0
0
0
0
0
0
0
0
0
0
0
0
0
0
0
0
0
0
0
0
0
0
0
0
0
0
0
0
0
0
0
0
0
0
0
0
0
0
0
0
0
0
0
0
0
0
0
0
0
0
0
0
0
0
0
0
0
0
0
0
0
0
0
0
0
0
0
0
0
0
0
0
0
0
0
0
0
0
0
0
0
0
0
0
0
0
0
0
0
0
0
0
0
0
0
0
0
0
0
0
0
0
0
0
0
0
0
0
0
0
0
0
0
0
0
0
0
0
0
0
0
0
0
0
0
0
0
0
0
0
0
0
0
0
0
0
0
0
0
0
0
0
0
0
0
0
0
0
0
0
0
0
0
0
0
0
0
0
0
0
0
0
0
0
0
0
0
0
0
0
0
0
0
0
0
0
0
0
0
0
8.970000e+00
1.236000e+01
1.236000e+01
1.236000e+01
2.161000e+01
2.550000e+01
2.988000e+01
3.553000e+01
4.097000e+01
4.097000e+01
4.097000e+01
5.898000e+01
6.408000e+01
6.408000e+01
6.408000e+01
6.408000e+01
6.408000e+01
6.408000e+01
1.064600e+02
1.135400e+02
9.236000e+01
1.334700e+02
1.458100e+02
1.458100e+02
1.458100e+02
1.748100e+02
1.827000e+02
1.919000e+02
2.067900e+02
2.089800e+02
2.089800e+02
2.089800e+02
1.934700e+02
1.928300e+02
1.903100e+02
1.861000e+02
1.852900e+02
1.852900e+02
1.852900e+02
1.856600e+02
1.856600e+02
1.882700e+02
1.890900e+02
1.898800e+02
1.898800e+02
1.898800e+02
1.874500e+02
1.842900e+02
1.835300e+02
1.848200e+02
1.861900e+02
1.861900e+02
1.861900e+02
1.943900e+02
1.966400e+02
1.970700e+02
1.972500e+02
1.981600e+02
1.981600e+02
1.981600e+02
2.049300e+02
2.051300e+02
2.078400e+02
2.101200e+02
2.155500e+02
2.155500e+02
2.155500e+02
2.165100e+02
2.177000e+02
2.176700e+02
2.189800e+02
2.174300e+02
2.174300e+02
2.174300e+02
2.285400e+02
2.322000e+02
2.353700e+02
2.379900e+02
2.379900e+02
2.379900e+02
2.379900e+02
2.507300e+02
2.533600e+02
2.551000e+02
2.561500e+02
2.590900e+02
2.590900e+02
2.590900e+02
2.619600e+02
262
2.563900e+02
2.536800e+02
2.360700e+02
2.360700e+02
2.360700e+02
2.507300e+02
1.740300e+02
2.201600e+02
2.590700e+02
2.734300e+02
2.734300e+02
2.734300e+02
2.715200e+02
2.715200e+02
2.715200e+02
2.715200e+02
2.715200e+02
2.715200e+02
2.715200e+02
2.535700e+02
2.535700e+02
2.517400e+02
2.517400e+02
2.503700e+02
2.503700e+02
2.503700e+02
2.468600e+02
2.468600e+02
2.434900e+02
2.434900e+02
2.556700e+02
2.556700e+02
2.556700e+02
2.523700e+02
2.523700e+02
2.523700e+02
2.523700e+02
2.495500e+02
2.495500e+02
2.495500e+02
2.448500e+02
2.448500e+02
2.465800e+02
2.465800e+02
2.419900e+02
2.419900e+02
2.419900e+02
2.364700e+02
2.364700e+02
2.364700e+02
2.364700e+02
2.348100e+02
2.348100e+02
2.348100e+02
2.304900e+02
2.304900e+02
2.321500e+02
2.321500e+02
2.321500e+02
2.321500e+02
2.321500e+02
2.227900e+02
2.227900e+02
2.030700e+02
2.030700e+02
4.539000e+01
4.539000e+01
4.539000e+01
4.539000e+01
4.539000e+01
4.978000e+01
4.978000e+01
4.547000e+01
4.547000e+01
4.547000e+01
4.052000e+01
4.052000e+01
4.002000e+01
4.002000e+01
3.958000e+01
3.958000e+01
3.958000e+01
3.537000e+01
3.537000e+01
3.437000e+01
3.437000e+01
3.497000e+01
3.497000e+01
3.497000e+01
3.344000e+01
3.344000e+01
3.407000e+01
3.407000e+01
3.205000e+01
3.205000e+01
3.205000e+01
3.039000e+01
3.039000e+01
2.857000e+01
2.857000e+01
2.883000e+01
2.883000e+01
2.883000e+01
2.622000e+01
2.622000e+01
2.622000e+01
2.622000e+01
2.722000e+01
2.822000e+01
2.922000e+01
2.447000e+01
2.447000e+01
2.308000e+01
2.308000e+01
2.308000e+01
2.308000e+01
2.308000e+01
1.844000e+01
1.844000e+01
1.844000e+01
1.844000e+01
1.844000e+01
1.844000e+01
1.844000e+01
1.844000e+01
1.844000e+01
1.844000e+01
1.844000e+01
1.844000e+01
1.844000e+01
1.844000e+01
1.844000e+01
1.844000e+01
1.844000e+01
1.844000e+01
1.844000e+01
1.844000e+01
1.844000e+01
1.305100e+02
1.305100e+02
70
70
70
70
70
70
70
2.086000e+01
2.086000e+01
2.086000e+01
2.086000e+01
2.086000e+01
2.086000e+01
2.086000e+01
2.086000e+01
2.086000e+01
2.086000e+01
2.086000e+01
2.086000e+01
1.877000e+01
1.877000e+01
20
20
2.082000e+01
2.082000e+01
2.082000e+01
2.082000e+01
2.082000e+01
2.082000e+01
2.082000e+01
1.358000e+01
1.358000e+01
1.358000e+01
1.241000e+01
1.241000e+01
1.481000e+01
1.481000e+01
1.516000e+01
1.516000e+01
1.516000e+01
1.612000e+01
1.612000e+01
1.612000e+01
1.612000e+01
1.452000e+01
1.452000e+01
1.452000e+01
1.356000e+01
1.356000e+01
1.643000e+01
1.643000e+01
1.591000e+01
1.591000e+01
1.591000e+01
1.591000e+01
1.591000e+01
1.591000e+01
1.591000e+01
1.591000e+01
1.591000e+01
1.591000e+01
1.591000e+01
1.591000e+01
1.591000e+01
1.591000e+01
1.098000e+01
1.098000e+01
1.098000e+01
9.430000e+00
9.430000e+00
1.173000e+01
1.173000e+01
1.014000e+01
1.014000e+01
1.014000e+01
1.014000e+01
1.014000e+01
1.014000e+01
1.014000e+01
1.296000e+01
1.296000e+01
1.296000e+01
1.296000e+01
1.296000e+01
1.296000e+01
1.296000e+01
1.080500e+02
1.080500e+02
1.080500e+02
1.080500e+02
1.080500e+02
8.873000e+01
8.873000e+01
8.966000e+01
8.966000e+01
8.966000e+01
9.016000e+01
9.016000e+01
9.354000e+01
9.354000e+01
1.008900e+02
1.008900e+02
1.008900e+02
9.026000e+01
9.026000e+01
0
0
1.222200e+02
1.222200e+02
1.222200e+02
1.222200e+02
1.222200e+02
1.538800e+02
1.538800e+02
1.703200e+02
1.703200e+02
1.703200e+02
1.994200e+02
1.994200e+02
2.136000e+02
2.136000e+02
2.132200e+02
2.132200e+02
2.132200e+02
2.132200e+02
2.132200e+02
2.078400e+02
2.078400e+02
2.035900e+02
2.035900e+02
2.035900e+02
2.054000e+02
2.054000e+02
2.074600e+02
2.074600e+02
2.097400e+02
2.097400e+02
2.097400e+02
2.097400e+02
2.097400e+02
2.097400e+02
2.097400e+02
2.097400e+02
2.097400e+02
2.097400e+02
2.089400e+02
2.089400e+02
2.122500e+02
2.122500e+02
2.113100e+02
2.113100e+02
2.113100e+02
2.113100e+02
2.113100e+02
2.113100e+02
2.113100e+02
2.074500e+02
2.074500e+02
2.074500e+02
4.812000e+01
4.812000e+01
4.812000e+01
4.812000e+01
4.812000e+01
4.812000e+01
4.812000e+01
4.812000e+01
4.812000e+01
4.812000e+01
4.410000e+01
4.385000e+01
4.385000e+01
4.385000e+01
0
0
4.208000e+01
4.208000e+01
0
0
0
0
0
2.827000e+02
2.827000e+02
2.469800e+02
2.469800e+02
2.469800e+02
2.171800e+02
2.171800e+02
2.171800e+02
2.171800e+02
2.196000e+02
2.196000e+02
2.196000e+02
2.196000e+02
2.196000e+02
2.253000e+02
2.253000e+02
2.242800e+02
2.242800e+02
2.242800e+02
2.350500e+02
2.350500e+02
2.419200e+02
2.419200e+02
239
239
239
239
239
2.300600e+02
2.300600e+02
2.300600e+02
2.300600e+02
2.300600e+02
2.230600e+02
2.230600e+02
2.230600e+02
2.230600e+02
217
217
217
217
217
2.132600e+02
2.132600e+02
2.132600e+02
2.132600e+02
2.132600e+02
2.132600e+02
2.132600e+02
1.973000e+02
1.973000e+02
3.402000e+01
3.402000e+01
3.402000e+01
3.402000e+01
3.402000e+01
2.879000e+02
2.879000e+02
2.190300e+02
2.190300e+02
2.190300e+02
2.190300e+02
2.190300e+02
2.119200e+02
2.119200e+02
2.119200e+02
2.119200e+02
2.119200e+02
2.041800e+02
2.041800e+02
2.016900e+02
2.016900e+02
1.991700e+02
1.991700e+02
1.991700e+02
1.991700e+02
1.991700e+02
1.991700e+02
1.991700e+02
1.899000e+02
1.899000e+02
1.899000e+02
1.899000e+02
1.899000e+02
1.821700e+02
1.821700e+02
1.830100e+02
1.830100e+02
1.830100e+02
1.081100e+02
1.081100e+02
1.081100e+02
1.081100e+02
1.081100e+02
1.081100e+02
1.081100e+02
1.081100e+02
1.081100e+02
43
43
4.210000e+01
4.210000e+01
4.210000e+01
4.210000e+01
4.210000e+01
4.210000e+01
4.210000e+01
3.478000e+01
3.478000e+01
3.478000e+01
3.478000e+01
3.478000e+01
3.454000e+01
3.454000e+01
3.396000e+01
3.396000e+01
3.396000e+01
3.362000e+01
3.362000e+01
3.067000e+01
3.067000e+01
3.188000e+01
3.188000e+01
3.188000e+01
3.188000e+01
3.188000e+01
3.245000e+01
3.245000e+01
3.212000e+01
3.212000e+01
3.212000e+01
3.148000e+01
3.148000e+01
3.109000e+01
3.109000e+01
3.020000e+01
3.020000e+01
3.020000e+01
3.020000e+01
3.020000e+01
3.003000e+01
3.003000e+01
2.976000e+01
2.976000e+01
2.976000e+01
2.976000e+01
2.976000e+01
2.920000e+01
2.920000e+01
2.920000e+01
2.920000e+01
2.920000e+01
2.920000e+01
2.920000e+01
2.932000e+01
2.932000e+01
2.923000e+01
2.923000e+01
2.923000e+01
2.861000e+01
2.861000e+01
2.861000e+01
2.861000e+01
2.861000e+01
2.861000e+01
2.861000e+01
2.861000e+01
2.861000e+01
2.861000e+01
2.861000e+01
2.861000e+01
2.861000e+01
2.861000e+01
2.861000e+01
2.861000e+01
2.861000e+01
2.861000e+01
2.861000e+01
2.861000e+01
2.861000e+01
2.861000e+01
2.861000e+01
2.861000e+01
2.685000e+01
2.685000e+01
2.685000e+01
2.685000e+01
2.685000e+01
2.685000e+01
2.685000e+01
2.685000e+01
2.685000e+01
2.685000e+01
2.685000e+01
2.685000e+01
2.638000e+01
2.638000e+01
2.638000e+01
2.638000e+01
2.638000e+01
2.638000e+01
2.638000e+01
2.638000e+01
2.777000e+01
2.777000e+01
2.777000e+01
2.777000e+01
2.777000e+01
2.777000e+01
2.777000e+01
2.680000e+01
2.680000e+01
2.726000e+01
2.726000e+01
2.726000e+01
2.660000e+01
2.660000e+01
2.541000e+01
2.541000e+01
2.602000e+01
2.602000e+01
2.602000e+01
2.602000e+01
2.602000e+01
2.701000e+01
2.701000e+01
2.689000e+01
2.689000e+01
2.689000e+01
2.812000e+01
2.812000e+01
2.812000e+01
2.812000e+01
2.599000e+01
2.599000e+01
2.599000e+01
2.599000e+01
2.599000e+01
2.721000e+01
2.721000e+01
2.721000e+01
2.721000e+01
2.721000e+01
2.454000e+01
2.454000e+01
2.413000e+01
2.413000e+01
2.413000e+01
2.413000e+01
2.413000e+01
2.413000e+01
2.413000e+01
2.535000e+01
2.535000e+01
2.530000e+01
2.530000e+01
2.530000e+01
2.439000e+01
2.439000e+01
2.483000e+01
2.483000e+01
2.483000e+01
2.483000e+01
2.483000e+01
2.483000e+01
2.483000e+01
2.407000e+01
2.407000e+01
2.411000e+01
2.411000e+01
2.411000e+01
2.394000e+01
2.394000e+01
2.460000e+01
2.460000e+01
2.460000e+01
2.460000e+01
2.460000e+01
2.423000e+01
2.423000e+01
2.365000e+01
2.365000e+01
2.417000e+01
2.417000e+01
2.417000e+01
2.468000e+01
2.468000e+01
2.439000e+01
2.439000e+01
2.521000e+01
2.521000e+01
2.521000e+01
2.478000e+01
2.478000e+01
2.478000e+01
2.478000e+01
2.447000e+01
2.447000e+01
2.447000e+01
2.365000e+01
2.365000e+01
2.353000e+01
2.353000e+01
2.357000e+01
2.357000e+01
2.357000e+01
2.357000e+01
2.357000e+01
2.333000e+01
2.333000e+01
2.244000e+01
2.244000e+01
2.244000e+01
2.127000e+01
2.127000e+01
2.173000e+01
2.173000e+01
2.319000e+01
2.319000e+01
2.319000e+01
2.319000e+01
2.319000e+01
2.265000e+01
2.265000e+01
2.265000e+01
2.265000e+01
2.265000e+01
2.285000e+01
2.285000e+01
2.208000e+01
2.208000e+01
2.271000e+01
2.271000e+01
2.271000e+01
2.271000e+01
2.271000e+01
2.271000e+01
2.271000e+01
2.210000e+01
2.210000e+01
2.210000e+01
2.250000e+01
2.250000e+01
2.241000e+01
2.241000e+01
2.256000e+01
2.256000e+01
2.256000e+01
2.256000e+01
2.256000e+01
2.236000e+01
2.236000e+01
2.236000e+01
2.236000e+01
2.236000e+01
2.236000e+01
2.236000e+01
2.346000e+01
2.346000e+01
2.331000e+01
2.331000e+01
2.331000e+01
2.331000e+01
2.331000e+01
2.281000e+01
2.281000e+01
2.293000e+01
2.293000e+01
2.293000e+01
2.247000e+01
2.247000e+01
2.189000e+01
2.189000e+01
2.373000e+01
2.373000e+01
2.373000e+01
2.373000e+01
2.373000e+01
2.276000e+01
2.276000e+01
2.276000e+01
2.276000e+01
2.276000e+01
2.293000e+01
2.293000e+01
2.354000e+01
2.322000e+01
2.322000e+01
2.322000e+01
2.322000e+01
2.322000e+01
2.322000e+01
2.360000e+01
2.360000e+01
2.422000e+01
2.422000e+01
2.422000e+01
2.418000e+01
2.418000e+01
2.418000e+01
2.389000e+01
2.404000e+01
2.404000e+01
2.404000e+01
2.378000e+01
2.378000e+01
2.427000e+01
2.427000e+01
2.389000e+01
2.389000e+01
2.389000e+01
2.409000e+01
2.409000e+01
2.494000e+01
2.494000e+01
2.544000e+01
2.544000e+01
2.544000e+01
2.495000e+01
2.495000e+01
2.486000e+01
2.486000e+01
2.486000e+01
2.486000e+01
2.486000e+01
2.458000e+01
2.458000e+01
2.485000e+01
2.485000e+01
2.485000e+01
2.485000e+01
2.485000e+01
2.444000e+01
2.444000e+01
2.422000e+01
2.422000e+01
2.452000e+01
2.452000e+01
2.452000e+01
2.594000e+01
2.594000e+01
2.594000e+01
2.594000e+01
2.586000e+01
2.586000e+01
2.586000e+01
2.611000e+01
2.611000e+01
2.606000e+01
2.606000e+01
2.486000e+01
2.486000e+01
2.486000e+01
2.447000e+01
2.447000e+01
2.557000e+01
2.557000e+01
2.557000e+01
2.557000e+01
2.557000e+01
2.557000e+01
2.557000e+01
2.802000e+01
2.802000e+01
2.802000e+01
2.802000e+01
2.802000e+01
2.660000e+01
2.660000e+01
2.699000e+01
2.699000e+01
2.699000e+01
2.699000e+01
2.699000e+01
2.699000e+01
2.699000e+01
2.771000e+01
2.771000e+01
2.747000e+01
2.747000e+01
2.747000e+01
2.782000e+01
2.782000e+01
2.760000e+01
2.760000e+01
2.811000e+01
2.811000e+01
2.811000e+01
2.705000e+01
2.705000e+01
2.618000e+01
2.618000e+01
2.796000e+01
2.796000e+01
2.796000e+01
2.755000e+01
2.755000e+01
1.843000e+01
1.843000e+01
2.891000e+01
2.891000e+01
2.891000e+01
2.891000e+01
2.891000e+01
2.891000e+01
2.891000e+01
2.891000e+01
2.891000e+01
2.891000e+01
2.792000e+01
2.792000e+01
2.890000e+01
2.890000e+01
2.776000e+01
2.776000e+01
2.776000e+01
2.776000e+01
2.776000e+01
2.776000e+01
2.776000e+01
2.664000e+01
2.664000e+01
2.664000e+01
2.664000e+01
2.664000e+01
2.664000e+01
2.664000e+01
2.664000e+01
2.664000e+01
2.664000e+01
2.664000e+01
2.664000e+01
2.732000e+01
2.732000e+01
2.726000e+01
2.726000e+01
2.726000e+01
2.726000e+01
2.726000e+01
2.754000e+01
2.754000e+01
2.719000e+01
2.719000e+01
2.719000e+01
2.710000e+01
2.710000e+01
2.738000e+01
2.738000e+01
2.790000e+01
2.790000e+01
2.790000e+01
2.847000e+01
2.847000e+01
2.847000e+01
2.847000e+01
2.847000e+01
2.847000e+01
2.847000e+01
2.847000e+01
2.847000e+01
2.638000e+01
2.638000e+01
2.638000e+01
2.638000e+01
2.638000e+01
2.740000e+01
2.740000e+01
2.633000e+01
2.633000e+01
2.633000e+01
2.633000e+01
2.633000e+01
2.633000e+01
2.633000e+01
2.826000e+01
2.826000e+01
2.829000e+01
2.829000e+01
2.829000e+01
2.863000e+01
2.863000e+01
2.791000e+01
2.791000e+01
2.837000e+01
2.837000e+01
2.837000e+01
2.837000e+01
2.837000e+01
2.795000e+01
2.795000e+01
2.795000e+01
2.795000e+01
2.795000e+01
2.795000e+01
2.795000e+01
2.885000e+01
2.885000e+01
2.885000e+01
2.885000e+01
2.885000e+01
2.706000e+01
2.706000e+01
2.837000e+01
2.837000e+01
2.880000e+01
2.880000e+01
2.880000e+01
2.880000e+01
2.880000e+01
2.880000e+01
2.880000e+01
2.880000e+01
2.880000e+01
2.880000e+01
2.856000e+01
2.856000e+01
2.616000e+01
2.616000e+01
2.591000e+01
2.591000e+01
2.591000e+01
2.591000e+01
2.591000e+01
2.866000e+01
2.866000e+01
2.869000e+01
2.869000e+01
2.869000e+01
2.702000e+01
2.702000e+01
2.799000e+01
2.799000e+01
2.793000e+01
2.793000e+01
2.793000e+01
2.814000e+01
2.814000e+01
2.815000e+01
2.815000e+01
2.815000e+01
2.815000e+01
2.815000e+01
2.815000e+01
2.815000e+01
2.815000e+01
2.815000e+01
2.715000e+01
2.715000e+01
2.715000e+01
2.727000e+01
2.727000e+01
2.727000e+01
2.727000e+01
1.987500e+02
1.987500e+02
1.987500e+02
1.987500e+02
1.987500e+02
1.987500e+02
1.987500e+02
1.987500e+02
1.987500e+02
1.987500e+02
3.293000e+01
3.293000e+01
3.713000e+01
3.713000e+01
5.617000e+01
5.617000e+01
5.617000e+01
5.617000e+01
5.617000e+01
6.242000e+01
6.242000e+01
6.242000e+01
6.242000e+01
6.242000e+01
6.783000e+01
6.783000e+01
6.878000e+01
6.878000e+01
7.039000e+01
7.039000e+01
7.039000e+01
7.098000e+01
7.098000e+01
7.131000e+01
7.131000e+01
7.131000e+01
7.131000e+01
7.131000e+01
6.822000e+01
6.822000e+01
6.822000e+01
6.822000e+01
6.572000e+01
6.572000e+01
6.572000e+01
7.616000e+01
7.616000e+01
7.663000e+01
7.663000e+01
7.903000e+01
7.903000e+01
7.903000e+01
8.549000e+01
8.549000e+01
8.549000e+01
8.549000e+01
9.581000e+01
9.581000e+01
9.581000e+01
9.887000e+01
9.887000e+01
1.017600e+02
1.017600e+02
1.017600e+02
1.017600e+02
1.017600e+02
1.043200e+02
1.043200e+02
1.043200e+02
1.043200e+02
1.011600e+02
1.011600e+02
1.011600e+02
1.021700e+02
1.021700e+02
1.021100e+02
1.021100e+02
1.022300e+02
1.022300e+02
1.022300e+02
1.012900e+02
1.012900e+02
1.044800e+02
1.044800e+02
1.062200e+02
1.062200e+02
1.062200e+02
1.069400e+02
1.069400e+02
1.072800e+02
1.072800e+02
1.067700e+02
1.067700e+02
1.067700e+02
1.082700e+02
1.082700e+02
1.082700e+02
1.082700e+02
1.129800e+02
1.129800e+02
1.129800e+02
1.127400e+02
1.127400e+02
1.127400e+02
1.127400e+02
1.152000e+02
1.152000e+02
1.152000e+02
1.152000e+02
1.152000e+02
1.153000e+02
1.153000e+02
1.161100e+02
1.161100e+02
1.161100e+02
1.164700e+02
1.164700e+02
1.185700e+02
1.185700e+02
1.191500e+02
1.191500e+02
1.191500e+02
1.191500e+02
1.191500e+02
1.191500e+02
1.191500e+02
1.191000e+02
1.191000e+02
1.191000e+02
1.191000e+02
1.191000e+02
1.198400e+02
1.198400e+02
1.201000e+02
1.201000e+02
1.201000e+02
1.201000e+02
1.201000e+02
1.201000e+02
1.201000e+02
1.201000e+02
1.201000e+02
1.201000e+02
1.201000e+02
1.201000e+02
1.211400e+02
1.211400e+02
1.218400e+02
1.218400e+02
1.218400e+02
1.222700e+02
1.222700e+02
1.222700e+02
1.222700e+02
1.245100e+02
1.245100e+02
1.245100e+02
1.247600e+02
1.247600e+02
1.258800e+02
1.258800e+02
1.264300e+02
1.264300e+02
1.264300e+02
1.264300e+02
1.264300e+02
1.267200e+02
1.267200e+02
1.276500e+02
1.276500e+02
1.276500e+02
1.293800e+02
1.293800e+02
1.288200e+02
1.288200e+02
1.288200e+02
1.288200e+02
1.288200e+02
1.319500e+02
1.319500e+02
131
131
131
131
131
131
131
1.348400e+02
1.348400e+02
1.348400e+02
1.348400e+02
1.348400e+02
1.348400e+02
1.348400e+02
1.348400e+02
1.348400e+02
1.373600e+02
1.373600e+02
1.373600e+02
1.373600e+02
1.373600e+02
1.373600e+02
1.373600e+02
1.379900e+02
1.379900e+02
1.379900e+02
1.376500e+02
1.376500e+02
1.376500e+02
1.376500e+02
1.376500e+02
1.376500e+02
1.376500e+02
1.376500e+02
1.376500e+02
1.372900e+02
1.372900e+02
1.372900e+02
1.372900e+02
1.372900e+02
1.372900e+02
1.372900e+02
137
137
137
137
137
1.389800e+02
1.389800e+02
1.391200e+02
1.391200e+02
1.394400e+02
1.394400e+02
1.394400e+02
1.376000e+02
1.376000e+02
1.376000e+02
1.376000e+02
1.376000e+02
1.376000e+02
1.376000e+02
1.348500e+02
1.348500e+02
1.348500e+02
1.348500e+02
1.336400e+02
1.336400e+02
1.336400e+02
1.334600e+02
1.334600e+02
1.361200e+02
1.361200e+02
1.361200e+02
1.361200e+02
1.361200e+02
1.351300e+02
1.351300e+02
1.357100e+02
1.357100e+02
1.356900e+02
1.356900e+02
1.356900e+02
1.342600e+02
1.342600e+02
1.331800e+02
1.331800e+02
1.342500e+02
1.342500e+02
1.342500e+02
1.375900e+02
1.375900e+02
1.335300e+02
1.335300e+02
1.320700e+02
1.320700e+02
1.320700e+02
8.943000e+01
8.943000e+01
4.614000e+01
4.614000e+01
6.028000e+01
6.028000e+01
6.028000e+01
6.028000e+01
6.028000e+01
6.028000e+01
6.028000e+01
6.028000e+01
6.028000e+01
6.028000e+01
4.197000e+01
4.197000e+01
4.131000e+01
4.131000e+01
4.131000e+01
4.131000e+01
4.131000e+01
4.002000e+01
4.002000e+01
4.072000e+01
4.072000e+01
4.010000e+01
4.010000e+01
4.010000e+01
3.884000e+01
3.884000e+01
3.790000e+01
3.790000e+01
3.798000e+01
3.798000e+01
3.798000e+01
38
38
3.727000e+01
3.727000e+01
3.727000e+01
