0
0
0
0
0
0
0
0
0
0
0
0
0
0
0
0
0
0
0
0
0
0
0
0
0
0
0
0
0
0
0
0
0
0
0
0
0
0
0
0
0
0
0
0
0
0
0
0
0
0
0
0
0
0
0
0
0
0
0
0
0
0
0
0
0
0
0
0
0
0
0
0
0
0
0
0
0
0
0
0
0
0
0
0
0
0
0
0
0
0
0
0
0
0
0
0
0
0
0
0
0
0
0
0
0
0
0
0
0
0
0
0
0
0
0
0
0
0
0
0
0
0
0
0
0
0
0
0
0
0
0
0
0
0
0
0
0
0
0
0
0
0
0
0
0
0
0
0
0
0
0
0
0
0
0
0
0
0
0
0
0
0
0
0
0
0
0
0
0
0
0
0
0
0
0
0
0
0
0
0
0
0
0
0
0
0
0
0
0
0
0
0
0
0
0
0
0
0
0
0
0
0
0
0
0
0
0
0
0
0
0
0
0
0
0
0
0
0
0
0
0
0
0
0
0
0
0
0
0
0
0
0
0
0
0
0
0
0
0
0
0
0
0
0
0
0
0
0
0
0
0
0
0
0
0
0
0
0
0
0
0
0
0
0
0
0
0
0
0
0
0
0
0
0
0
0
0
0
0
0
0
0
0
0
0
0
0
0
0
0
0
0
0
0
0
0
0
0
0
0
0
0
0
0
0
0
0
0
0
0
0
0
0
0
0
0
0
0
0
0
0
0
0
0
0
0
0
0
0
0
0
0
0
0
0
0
0
0
0
0
0
0
0
0
0
0
0
0
0
0
0
0
0
0
0
0
0
0
0
0
0
0
0
0
0
0
0
0
0
0
0
0
0
0
0
0
0
0
0
0
0
0
0
0
0
0
0
0
0
0
0
0
0
0
0
0
0
0
0
0
0
0
0
0
0
0
0
0
0
0
0
0
0
0
0
0
0
0
0
0
0
0
0
0
0
0
0
0
0
0
0
0
0
0
0
0
0
0
0
0
0
0
0
0
0
0
0
0
0
0
0
0
0
0
0
0
0
0
0
0
0
0
0
0
0
0
0
0
0
0
0
0
0
0
0
0
0
0
0
0
0
0
0
0
0
0
0
0
0
0
0
0
0
0
0
0
0
0
0
0
0
0
0
0
0
0
0
0
0
0
0
0
0
0
0
0
0
0
0
0
0
0
0
0
0
0
0
0
0
0
0
0
0
0
0
0
0
0
0
0
0
0
0
0
0
0
0
0
0
0
0
0
0
0
0
0
0
0
0
0
0
0
0
0
0
0
0
0
0
0
0
0
0
0
0
0
0
0
0
0
0
0
0
0
0
0
0
0
0
0
0
0
0
0
0
0
0
0
0
0
0
0
0
0
0
0
0
0
0
0
0
0
0
0
0
0
0
0
0
0
0
0
0
0
0
0
0
0
0
0
0
0
0
0
0
0
0
0
0
0
0
0
0
0
0
0
0
0
0
0
0
0
0
0
0
0
0
0
0
0
0
0
0
0
0
0
0
0
0
0
0
0
0
0
0
0
0
0
0
0
0
0
0
0
0
0
0
0
0
0
0
0
0
0
0
0
0
0
0
0
0
0
0
0
0
0
0
0
0
0
0
0
0
0
0
0
0
0
0
0
0
0
0
0
0
0
0
0
0
0
0
0
0
0
0
0
0
0
0
0
0
0
0
0
0
0
0
0
0
0
0
0
0
0
0
0
0
0
0
0
0
0
0
0
0
0
0
0
0
0
0
0
0
0
0
0
0
0
0
0
0
0
0
0
0
0
0
0
0
0
0
0
0
0
0
0
0
0
0
0
0
0
0
0
0
0
0
0
0
0
0
0
0
0
0
0
0
0
0
0
0
0
0
0
0
0
0
0
0
0
0
0
0
0
0
0
0
0
0
0
0
0
0
0
0
0
0
0
0
0
0
0
0
0
0
0
0
0
0
0
0
0
0
0
0
0
0
0
0
0
0
0
0
0
0
0
0
0
0
0
0
0
0
0
0
0
0
0
0
0
0
0
0
0
0
0
0
0
0
0
0
0
0
0
0
0
0
0
0
0
0
0
0
0
0
0
0
0
0
0
0
0
0
0
0
0
0
0
0
0
0
0
0
0
0
0
0
0
0
0
0
0
0
0
0
0
0
0
0
0
0
0
0
0
0
0
0
0
0
0
0
0
0
0
0
0
0
0
0
0
0
0
0
0
0
0
0
0
0
0
0
0
0
0
0
0
0
0
0
0
0
0
0
0
0
0
0
0
0
0
0
0
0
0
0
0
0
0
0
0
0
0
0
0
0
0
0
0
0
0
0
0
0
0
0
0
0
0
0
0
0
0
0
0
0
0
0
0
0
0
0
0
0
0
0
0
0
0
0
0
0
0
0
0
0
0
0
0
0
0
0
0
0
0
0
0
0
0
0
0
0
0
0
0
0
0
0
0
0
0
0
0
0
0
0
0
0
0
0
0
0
0
0
0
0
0
0
0
0
0
0
0
0
0
0
0
0
0
0
0
0
0
0
0
0
0
0
0
0
0
0
0
0
0
0
0
0
0
0
0
0
0
0
0
0
0
0
0
0
0
0
0
0
0
0
0
0
0
0
0
0
0
0
0
0
0
0
0
0
0
0
0
0
0
0
0
0
0
0
0
0
0
0
0
0
0
0
0
0
0
0
0
0
0
0
0
0
0
0
0
0
0
0
0
0
0
0
0
0
0
0
0
0
0
0
0
0
0
0
0
0
0
0
0
0
0
0
0
0
0
0
0
0
0
0
0
0
0
0
0
0
0
0
0
0
0
0
0
0
0
0
0
0
0
0
0
0
0
0
0
0
0
0
0
0
0
0
0
0
0
0
0
0
0
0
0
0
0
0
0
0
0
0
0
0
0
0
0
0
0
0
0
0
0
0
0
0
0
0
0
0
0
0
0
0
0
0
0
0
0
0
0
0
0
0
0
0
0
0
0
0
0
0
0
0
0
0
0
0
0
0
0
0
0
0
0
0
0
0
0
0
0
0
0
0
0
0
0
0
0
0
0
0
0
0
0
0
0
0
0
0
0
0
0
0
0
0
0
0
0
0
0
0
0
0
0
0
0
0
0
0
0
0
0
0
0
0
0
0
0
0
0
0
0
0
0
0
0
0
0
0
0
0
0
0
0
0
0
0
0
0
0
0
0
0
0
0
0
0
0
0
0
0
0
0
0
0
0
0
0
0
0
0
0
0
0
0
0
0
0
0
0
0
0
0
0
0
0
0
0
0
0
0
0
0
0
0
0
0
0
0
0
0
4.100000e-01
1.240000e+00
1.240000e+00
1.240000e+00
3.110000e+00
3.110000e+00
7.750000e+00
7.750000e+00
7.750000e+00
7.750000e+00
7.750000e+00
1.270000e+01
1.270000e+01
9.004000e+01
3.571000e+01
4.850000e+01
4.850000e+01
4.850000e+01
9.630000e+01
1.192200e+02
1.445300e+02
8.430000e+00
1.000000e-01
1.000000e-01
1.000000e-01
1.000000e-01
1.000000e-01
1.000000e-01
1.000000e-01
1.218000e+01
1.218000e+01
1.218000e+01
2.110900e+02
2.703300e+02
2.830100e+02
2.817000e+02
2.913200e+02
2.913200e+02
2.913200e+02
3.763000e+02
4.209100e+02
4.564500e+02
5.079100e+02
3.929700e+02
3.929700e+02
3.929700e+02
4.179300e+02
4.658800e+02
4.744800e+02
4.817800e+02
4.962800e+02
4.962800e+02
4.962800e+02
5.152700e+02
5.228800e+02
3.178300e+02
3.619700e+02
4.193800e+02
4.193800e+02
4.193800e+02
6.662400e+02
7.024900e+02
7.024900e+02
7.024900e+02
7.183200e+02
7.183200e+02
7.183200e+02
7.069300e+02
7.098500e+02
7.072200e+02
7.036200e+02
7.096100e+02
7.096100e+02
7.096100e+02
6.402700e+02
6.402700e+02
6.919200e+02
6.919200e+02
6.919200e+02
6.919200e+02
6.919200e+02
6.775600e+02
6.860400e+02
6.921400e+02
6.948700e+02
6.992900e+02
6.992900e+02
6.992900e+02
6.867900e+02
6.867900e+02
6.867900e+02
6.867900e+02
6.867900e+02
6.867900e+02
6.867900e+02
6.694100e+02
6.694100e+02
6.694100e+02
6.578100e+02
6.578100e+02
6.578100e+02
6.578100e+02
6.463100e+02
6.463100e+02
6.463100e+02
6.463100e+02
6.463100e+02
6.463100e+02
6.463100e+02
2.862000e+02
2.862000e+02
2.862000e+02
3.927700e+02
2.712700e+02
2.712700e+02
2.712700e+02
2.041000e+02
2.041000e+02
2.041000e+02
2.041000e+02
2.041000e+02
2.041000e+02
2.041000e+02
3.066700e+02
3.066700e+02
3.385400e+02
3.385400e+02
3.361800e+02
3.361800e+02
3.361800e+02
3.492900e+02
3.492900e+02
3.492900e+02
3.492900e+02
3.492900e+02
3.492900e+02
3.492900e+02
4.048200e+02
4.048200e+02
4.223500e+02
4.223500e+02
4.223500e+02
4.223500e+02
4.223500e+02
4.517900e+02
4.517900e+02
4.181700e+02
4.181700e+02
4.122100e+02
4.122100e+02
4.122100e+02
4.122100e+02
4.122100e+02
3.108600e+02
3.108600e+02
2.932900e+02
2.932900e+02
2.932900e+02
2.595300e+02
2.595300e+02
2.523900e+02
2.523900e+02
2.463200e+02
2.463200e+02
2.463200e+02
2.357500e+02
2.357500e+02
2.285300e+02
2.285300e+02
2.236500e+02
2.236500e+02
2.236500e+02
2.195000e+02
2.195000e+02
2.178000e+02
2.178000e+02
2.133100e+02
2.133100e+02
2.133100e+02
2.091800e+02
2.091800e+02
2.061700e+02
2.061700e+02
2.061700e+02
2.061700e+02
2.061700e+02
2.033800e+02
2.033800e+02
2.008300e+02
2.008300e+02
2.008300e+02
2.008300e+02
2.008300e+02
2.008300e+02
2.008300e+02
1.982800e+02
1.982800e+02
1.964000e+02
1.964000e+02
1.964000e+02
1.942000e+02
1.942000e+02
1.934700e+02
1.934700e+02
1.929700e+02
1.929700e+02
1.929700e+02
1.929700e+02
1.929700e+02
1.929700e+02
1.929700e+02
1.929700e+02
1.929700e+02
1.929700e+02
1.929700e+02
1.929700e+02
1.423100e+02
1.423100e+02
1.423100e+02
1.423100e+02
1.423100e+02
1.874000e+02
1.874000e+02
1.865400e+02
1.865400e+02
1.909400e+02
1.909400e+02
1.909400e+02
1.941700e+02
1.941700e+02
1.847500e+02
1.847500e+02
1.961100e+02
1.961100e+02
1.961100e+02
1.983100e+02
1.983100e+02
1.996600e+02
1.996600e+02
2.024400e+02
2.024400e+02
2.024400e+02
2.057000e+02
2.057000e+02
2.068900e+02
2.068900e+02
2.068900e+02
2.068900e+02
2.068900e+02
2.068900e+02
2.068900e+02
1.184000e+01
1.184000e+01
1.184000e+01
1.184000e+01
1.184000e+01
1.808000e+02
1.808000e+02
1.791400e+02
1.791400e+02
1.609200e+02
1.609200e+02
1.609200e+02
1.795400e+02
1.795400e+02
1.795400e+02
1.795400e+02
1.649500e+02
1.649500e+02
1.649500e+02
1.812200e+02
1.812200e+02
1.837300e+02
1.837300e+02
1.720300e+02
1.720300e+02
1.720300e+02
1.884700e+02
1.884700e+02
1.884700e+02
1.884700e+02
1.884700e+02
1.884700e+02
1.884700e+02
1.884700e+02
1.884700e+02
1.884700e+02
1.884700e+02
1.821500e+02
1.821500e+02
1.821500e+02
1.915000e+02
1.915000e+02
1.475700e+02
1.475700e+02
2.010600e+02
2.010600e+02
2.010600e+02
0
0
0
0
0
0
0
0
0
1.818900e+02
1.818900e+02
1.695900e+02
1.695900e+02
1.695900e+02
2.089000e+02
2.089000e+02
2.210500e+02
2.210500e+02
2.324600e+02
2.324600e+02
2.324600e+02
2.559900e+02
2.559900e+02
1.028800e+02
1.028800e+02
2.104500e+02
2.104500e+02
2.104500e+02
2.716200e+02
2.716200e+02
2.716200e+02
2.716200e+02
3.209300e+02
3.209300e+02
3.209300e+02
3.495300e+02
3.495300e+02
3.681800e+02
3.681800e+02
3.681800e+02
3.681800e+02
3.681800e+02
4.172800e+02
4.172800e+02
4.368300e+02
4.368300e+02
4.368300e+02
4.368300e+02
4.368300e+02
4.753200e+02
4.753200e+02
5.333700e+02
5.333700e+02
5.834000e+02
5.834000e+02
5.834000e+02
6.268700e+02
6.268700e+02
6.268700e+02
6.268700e+02
6.268700e+02
6.268700e+02
6.268700e+02
7.043800e+02
7.043800e+02
7.043800e+02
7.043800e+02
7.043800e+02
7.043800e+02
7.043800e+02
7.648000e+02
7.648000e+02
7.753000e+02
7.753000e+02
7.753000e+02
7.753000e+02
7.753000e+02
7.753000e+02
7.753000e+02
7.412700e+02
7.412700e+02
7.412700e+02
7.412700e+02
7.412700e+02
2.653500e+02
2.653500e+02
2.653500e+02
2.653500e+02
2.653500e+02
2.653500e+02
2.653500e+02
1.580400e+02
1.580400e+02
1.580400e+02
1.580400e+02
1.580400e+02
1.580400e+02
1.580400e+02
4.011000e+02
4.011000e+02
1.353600e+02
1.353600e+02
1.226200e+02
1.226200e+02
1.226200e+02
1.066700e+02
1.066700e+02
1.066700e+02
1.066700e+02
1.066700e+02
1.066700e+02
1.066700e+02
1.066700e+02
1.066700e+02
3.276500e+02
3.276500e+02
3.276500e+02
3.294000e+02
3.294000e+02
3.294000e+02
3.318700e+02
3.318700e+02
3.318700e+02
3.318700e+02
3.318700e+02
3.318700e+02
3.807600e+02
3.807600e+02
3.834100e+02
3.834100e+02
3.930400e+02
3.930400e+02
3.930400e+02
4.246700e+02
4.246700e+02
4.246700e+02
4.246700e+02
4.246700e+02
4.246700e+02
4.246700e+02
5.349600e+02
5.349600e+02
5.349600e+02
5.349600e+02
5.927900e+02
5.927900e+02
5.927900e+02
6.354700e+02
6.354700e+02
6.354700e+02
6.354700e+02
6.354700e+02
6.354700e+02
6.354700e+02
6.354700e+02
6.354700e+02
6.354700e+02
6.624000e+02
6.624000e+02
6.624000e+02
6.624000e+02
6.622900e+02
6.622900e+02
6.622900e+02
6.622900e+02
6.622900e+02
6.622900e+02
6.622900e+02
6.622900e+02
6.622900e+02
6.314500e+02
6.314500e+02
6.314500e+02
6.314500e+02
6.314500e+02
6.194700e+02
6.194700e+02
6.194700e+02
6.194700e+02
6.194700e+02
6.194700e+02
6.194700e+02
6.194700e+02
6.194700e+02
6.194700e+02
6.194700e+02
6.194700e+02
6.194700e+02
6.194700e+02
5.686400e+02
5.686400e+02
5.864500e+02
5.864500e+02
5.864500e+02
5.864500e+02
5.864500e+02
5.799100e+02
5.799100e+02
5.799100e+02
5.799100e+02
5.799100e+02
5.799100e+02
5.799100e+02
5.632700e+02
5.632700e+02
5.632700e+02
5.632700e+02
5.632700e+02
5.632700e+02
5.632700e+02
5.379900e+02
5.379900e+02
5.445100e+02
5.445100e+02
5.461700e+02
5.461700e+02
5.461700e+02
5.435300e+02
5.435300e+02
5.232700e+02
5.232700e+02
5.345200e+02
5.345200e+02
5.345200e+02
5.214900e+02
5.214900e+02
5.188000e+02
5.188000e+02
5.175300e+02
5.175300e+02
5.175300e+02
5.275600e+02
5.275600e+02
5.275600e+02
5.275600e+02
5.275600e+02
5.275600e+02
5.275600e+02
5.080500e+02
5.080500e+02
5.112500e+02
5.112500e+02
5.058600e+02
5.058600e+02
5.058600e+02
5.058600e+02
5.058600e+02
5.058600e+02
5.058600e+02
5.013600e+02
5.013600e+02
5.013600e+02
4.957800e+02
4.957800e+02
5.074700e+02
5.074700e+02
5.074700e+02
5.074700e+02
5.074700e+02
5.074700e+02
5.074700e+02
5.074700e+02
5.074700e+02
5.074700e+02
5.074700e+02
5.074700e+02
5.074700e+02
5.074700e+02
4.909900e+02
4.909900e+02
4.909900e+02
4.909900e+02
4.909900e+02
4.909900e+02
4.909900e+02
4.909900e+02
4.909900e+02
4.909900e+02
4.909900e+02
4.909900e+02
4.909900e+02
4.909900e+02
4.909900e+02
4.909900e+02
4.909900e+02
4.909900e+02
4.909900e+02
4.909900e+02
4.909900e+02
4.790400e+02
4.790400e+02
4.790400e+02
4.790400e+02
4.790400e+02
4.790400e+02
4.790400e+02
4.790400e+02
4.790400e+02
4.790400e+02
4.790400e+02
4.790400e+02
4.790400e+02
4.704700e+02
4.704700e+02
4.704700e+02
4.704700e+02
4.704700e+02
4.704700e+02
4.642200e+02
4.642200e+02
4.636900e+02
4.636900e+02
4.636900e+02
4.636900e+02
4.636900e+02
4.591800e+02
4.591800e+02
4.591800e+02
4.591800e+02
4.591800e+02
4.591800e+02
4.591800e+02
4.630700e+02
4.630700e+02
3.865100e+02
3.865100e+02
4.748100e+02
4.748100e+02
4.748100e+02
4.550100e+02
4.550100e+02
4.550100e+02
4.550100e+02
4.550100e+02
4.550100e+02
4.550100e+02
4.490500e+02
4.490500e+02
4.461700e+02
4.461700e+02
4.486400e+02
4.486400e+02
4.486400e+02
4.513800e+02
4.513800e+02
4.513800e+02
4.513800e+02
4.513800e+02
4.513800e+02
4.513800e+02
4.420300e+02
4.420300e+02
4.512500e+02
4.512500e+02
4.508100e+02
4.508100e+02
4.508100e+02
4.471500e+02
4.471500e+02
4.471500e+02
4.471500e+02
4.471500e+02
4.471500e+02
4.471500e+02
4.471500e+02
4.471500e+02
4.471500e+02
4.471500e+02
4.471500e+02
4.471500e+02
4.471500e+02
4.404400e+02
4.404400e+02
4.408400e+02
4.408400e+02
4.393200e+02
4.393200e+02
4.393200e+02
4.384800e+02
4.384800e+02
4.373500e+02
4.373500e+02
441
441
441
4.398000e+02
4.398000e+02
4.398000e+02
4.398000e+02
4.398000e+02
4.398000e+02
4.398000e+02
4.374300e+02
4.374300e+02
4.354800e+02
4.354800e+02
4.370900e+02
4.370900e+02
4.370900e+02
4.347800e+02
4.347800e+02
4.347800e+02
4.347800e+02
2.844400e+02
2.844400e+02
2.844400e+02
4.513800e+02
4.513800e+02
4.445000e+02
4.445000e+02
4.353300e+02
4.353300e+02
4.353300e+02
4.353300e+02
4.353300e+02
4.353300e+02
4.353300e+02
4.358000e+02
4.358000e+02
4.358000e+02
4.358000e+02
4.358000e+02
4.346200e+02
4.346200e+02
434
434
434
4.362800e+02
4.362800e+02
4.375500e+02
4.375500e+02
4.375500e+02
4.375500e+02
4.375500e+02
3.129600e+02
3.129600e+02
4.532000e+02
4.532000e+02
4.436500e+02
4.436500e+02
4.436500e+02
4.428300e+02
4.428300e+02
4.428300e+02
4.428300e+02
4.404500e+02
4.404500e+02
4.404500e+02
4.405000e+02
4.405000e+02
4.323600e+02
4.323600e+02
4.378700e+02
4.378700e+02
4.378700e+02
4.381800e+02
4.381800e+02
4.407900e+02
4.407900e+02
4.407900e+02
4.407900e+02
4.407900e+02
4.404300e+02
4.404300e+02
4.404200e+02
4.404200e+02
4.329700e+02
4.329700e+02
4.329700e+02
4.372100e+02
4.372100e+02
4.306000e+02
4.306000e+02
4.824200e+02
4.824200e+02
4.824200e+02
2.245900e+02
2.245900e+02
2.245900e+02
2.245900e+02
4.453600e+02
4.453600e+02
4.453600e+02
4.383100e+02
4.383100e+02
4.511200e+02
4.511200e+02
4.511200e+02
4.511200e+02
4.511200e+02
4.483100e+02
4.483100e+02
4.439600e+02
4.439600e+02
4.484100e+02
4.484100e+02
4.484100e+02
4.584800e+02
4.584800e+02
4.614200e+02
4.614200e+02
4.617400e+02
4.617400e+02
4.617400e+02
4.751100e+02
4.751100e+02
4.751100e+02
4.677200e+02
4.666900e+02
4.666900e+02
4.666900e+02
4.668600e+02
4.668600e+02
4.668600e+02
4.668600e+02
4.668600e+02
4.668600e+02
4.668600e+02
4.681100e+02
4.681100e+02
4.687400e+02
4.687400e+02
4.737500e+02
4.737500e+02
4.737500e+02
4.723100e+02
4.723100e+02
4.735800e+02
4.735800e+02
4.741400e+02
4.741400e+02
4.741400e+02
4.737800e+02
4.737800e+02
4.748500e+02
4.748500e+02
4.745600e+02
4.745600e+02
4.745600e+02
4.758400e+02
4.758400e+02
4.763500e+02
4.763500e+02
4.742000e+02
4.742000e+02
4.742000e+02
4.788000e+02
4.788000e+02
4.841600e+02
4.841600e+02
4.842900e+02
4.842900e+02
4.842900e+02
4.769900e+02
4.769900e+02
4.735200e+02
4.735200e+02
4.740400e+02
4.740400e+02
4.740400e+02
4.734700e+02
4.734700e+02
4.717900e+02
4.717900e+02
4.708400e+02
4.708400e+02
4.708400e+02
4.724500e+02
4.724500e+02
469
469
469
469
469
4.662900e+02
4.662900e+02
4.660300e+02
4.660300e+02
4.635200e+02
4.635200e+02
4.626700e+02
4.626700e+02
4.606600e+02
4.606600e+02
4.586700e+02
4.586700e+02
4.586700e+02
4.586700e+02
4.541100e+02
4.541100e+02
6.484000e+01
6.484000e+01
6.484000e+01
6.484000e+01
6.484000e+01
4.646500e+02
4.646500e+02
4.647500e+02
4.647500e+02
4.664800e+02
4.664800e+02
4.664800e+02
4.497000e+02
4.497000e+02
4.493900e+02
4.493900e+02
4.483700e+02
4.483700e+02
4.483700e+02
4.488800e+02
4.488800e+02
4.488800e+02
4.488800e+02
4.488800e+02
4.488800e+02
4.488800e+02
4.465300e+02
4.465300e+02
4.475000e+02
4.475000e+02
4.460400e+02
4.460400e+02
4.460400e+02
4.476200e+02
4.476200e+02
4.476200e+02
4.476200e+02
4.464100e+02
4.464100e+02
4.464100e+02
4.537700e+02
4.537700e+02
4.543200e+02
4.543200e+02
4.543200e+02
4.543200e+02
4.543200e+02
4.527000e+02
4.527000e+02
4.242400e+02
4.242400e+02
4.559100e+02
4.559100e+02
4.559100e+02
4.598600e+02
4.598600e+02
4.613000e+02
4.613000e+02
4.607200e+02
4.607200e+02
4.607200e+02
4.628000e+02
4.628000e+02
4.644100e+02
4.644100e+02
4.655900e+02
4.655900e+02
4.655900e+02
4.651200e+02
4.651200e+02
4.651200e+02
4.651200e+02
4.658700e+02
4.658700e+02
4.658700e+02
4.670500e+02
4.670500e+02
4.670500e+02
4.670500e+02
4.670500e+02
4.670500e+02
4.670500e+02
471
471
4.730900e+02
4.730900e+02
4.730900e+02
4.730900e+02
4.730900e+02
4.703300e+02
4.703300e+02
4.722400e+02
4.722400e+02
4.719400e+02
4.719400e+02
4.719400e+02
4.858400e+02
4.858400e+02
5.035400e+02
5.035400e+02
5.192500e+02
5.192500e+02
5.192500e+02
4.968900e+02
4.968900e+02
5.360600e+02
5.360600e+02
5.360600e+02
5.360600e+02
5.360600e+02
5.360600e+02
5.360600e+02
5.581500e+02
5.581500e+02
5.581500e+02
5.581500e+02
5.581500e+02
5.663000e+02
5.663000e+02
5.683200e+02
5.683200e+02
5.673700e+02
5.673700e+02
5.673700e+02
5.697300e+02
5.697300e+02
5.709600e+02
5.709600e+02
5.728200e+02
5.728200e+02
5.728200e+02
5.734000e+02
5.734000e+02
5.737900e+02
5.737900e+02
5.737900e+02
5.737900e+02
5.737900e+02
5.755600e+02
5.755600e+02
5.710900e+02
5.710900e+02
5.710900e+02
5.710900e+02
5.710900e+02
5.795400e+02
5.795400e+02
5.814600e+02
5.814600e+02
5.828400e+02
5.828400e+02
5.828400e+02
5.978300e+02
5.978300e+02
6.024900e+02
6.024900e+02
6.024900e+02
6.024900e+02
6.024900e+02
6.024900e+02
6.024900e+02
6.412700e+02
6.412700e+02
6.520300e+02
6.520300e+02
6.520300e+02
6.624000e+02
6.624000e+02
6.665800e+02
6.665800e+02
6.665800e+02
6.665800e+02
6.665800e+02
6.724400e+02
6.724400e+02
6.721500e+02
6.721500e+02
6.727900e+02
6.727900e+02
6.727900e+02
6.749200e+02
6.749200e+02
6.748600e+02
6.748600e+02
6.748600e+02
6.748600e+02
6.748600e+02
6.722800e+02
6.722800e+02
6.734000e+02
6.734000e+02
6.734000e+02
6.734000e+02
6.734000e+02
6.770500e+02
6.770500e+02
6.769700e+02
6.769700e+02
6.769700e+02
6.769700e+02
6.769700e+02
6.797300e+02
6.797300e+02
6.748400e+02
6.748400e+02
6.748400e+02
6.748400e+02
6.748400e+02
7.307400e+02
7.307400e+02
6.897700e+02
6.897700e+02
6.897700e+02
6.897700e+02
6.897700e+02
6.868400e+02
6.868400e+02
6.868400e+02
6.868400e+02
8.219900e+02
8.219900e+02
8.219900e+02
6.896200e+02
6.896200e+02
6.854100e+02
6.854100e+02
6.854100e+02
6.854100e+02
6.854100e+02
6.854100e+02
6.854100e+02
6.848100e+02
6.848100e+02
6.848100e+02
6.848100e+02
6.848100e+02
6.809400e+02
6.809400e+02
6.809400e+02
6.809400e+02
6.781400e+02
6.781400e+02
6.781400e+02
6.782100e+02
6.782100e+02
6.663700e+02
6.663700e+02
6.951100e+02
6.951100e+02
6.951100e+02
6.774600e+02
6.774600e+02
6.764500e+02
6.764500e+02
6.764500e+02
6.764500e+02
6.764500e+02
6.901500e+02
6.901500e+02
6.916400e+02
6.916400e+02
6.920500e+02
6.920500e+02
6.920500e+02
7.082000e+02
7.082000e+02
7.085000e+02
7.085000e+02
7.085000e+02
7.085000e+02
7.085000e+02
7.164500e+02
7.164500e+02
7.244500e+02
7.244500e+02
7.305100e+02
7.305100e+02
7.305100e+02
7.305100e+02
7.305100e+02
7.305100e+02
7.305100e+02
7.305100e+02
7.305100e+02
7.305100e+02
7.290800e+02
7.290800e+02
7.249800e+02
7.249800e+02
7.295600e+02
7.295600e+02
7.295600e+02
7.295600e+02
7.295600e+02
7.361700e+02
7.361700e+02
7.361700e+02
7.361700e+02
7.361700e+02
7.395300e+02
7.395300e+02
7.441800e+02
7.441800e+02
7.455100e+02
7.455100e+02
7.455100e+02
7.455100e+02
7.455100e+02
7.455100e+02
7.455100e+02
7.455100e+02
7.455100e+02
7.455100e+02
7.397100e+02
7.397100e+02
7.397100e+02
7.397100e+02
7.152100e+02
7.152100e+02
7.152100e+02
7.012500e+02
7.012500e+02
6.932800e+02
6.932800e+02
6.859100e+02
6.859100e+02
6.859100e+02
681
681
685
685
682
682
682
682
682
686
686
692
692
692
717
717
724
724
724
724
724
748
748
748
748
748
748
748
6.989000e+02
6.989000e+02
6.997000e+02
6.997000e+02
6.960100e+02
6.960100e+02
6.960100e+02
6.914900e+02
6.914900e+02
7.201900e+02
7.201900e+02
6.949400e+02
6.949400e+02
6.949400e+02
6.892200e+02
6.892200e+02
6.892200e+02
6.892200e+02
6.910300e+02
6.910300e+02
6.910300e+02
6.876400e+02
6.876400e+02
6.856900e+02
6.856900e+02
6.818800e+02
6.818800e+02
6.818800e+02
6.861100e+02
6.861100e+02
6.831700e+02
6.831700e+02
6.836200e+02
6.836200e+02
6.836200e+02
6.823700e+02
6.823700e+02
6.823700e+02
6.823700e+02
6.822400e+02
6.822400e+02
6.822400e+02
6.799200e+02
6.799200e+02
6.800800e+02
6.800800e+02
6.782100e+02
6.782100e+02
6.782100e+02
6.783000e+02
6.783000e+02
6.776100e+02
6.776100e+02
6.778700e+02
6.778700e+02
6.778700e+02
6.785900e+02
6.785900e+02
6.795600e+02
6.795600e+02
6.795600e+02
6.795600e+02
6.795600e+02
6.703100e+02
6.703100e+02
6.782900e+02
6.782900e+02
6.787400e+02
6.787400e+02
6.787400e+02
6.775100e+02
6.775100e+02
6.773800e+02
6.773800e+02
6.779800e+02
6.779800e+02
6.779800e+02
6.659000e+02
6.659000e+02
6.663900e+02
6.663900e+02
6.702100e+02
6.702100e+02
6.702100e+02
6.697300e+02
6.697300e+02
6.697300e+02
6.697300e+02
6.851500e+02
6.851500e+02
6.851500e+02
7.060200e+02
7.060200e+02
6.742400e+02
6.742400e+02
6.687400e+02
6.687400e+02
6.687400e+02
6.687400e+02
6.687400e+02
6.687400e+02
6.687400e+02
6.687400e+02
6.687400e+02
6.687400e+02
7.656400e+02
7.656400e+02
7.319200e+02
7.319200e+02
7.319200e+02
7.319200e+02
7.319200e+02
7.269800e+02
7.269800e+02
7.233100e+02
7.233100e+02
7.196900e+02
7.196900e+02
7.196900e+02
7.116400e+02
7.116400e+02
7.063600e+02
7.063600e+02
7.023700e+02
7.023700e+02
7.023700e+02
6.949900e+02
6.949900e+02
6.892700e+02
6.892700e+02
6.892700e+02
