0
0
0
0
0
0
0
0
0
0
0
0
0
0
0
0
0
0
0
0
0
0
0
0
0
0
0
0
0
0
0
0
0
0
0
0
0
0
0
0
0
0
0
0
0
0
0
0
0
0
0
0
0
0
0
0
0
0
0
0
0
0
0
0
0
0
0
0
0
0
0
0
0
0
0
0
0
0
0
0
0
0
0
0
0
0
0
0
0
0
0
0
0
0
0
0
0
0
0
0
0
0
0
0
0
0
0
0
0
0
0
0
0
0
0
0
0
0
0
0
0
0
0
0
0
0
0
0
0
0
0
0
0
0
0
0
0
0
0
0
0
0
0
0
0
0
0
0
0
0
0
0
0
0
0
0
0
0
0
0
0
0
0
0
0
0
0
0
0
0
0
0
0
0
0
0
0
0
0
0
0
0
0
0
0
0
0
0
0
0
0
0
0
0
0
0
0
0
0
0
0
0
0
0
0
0
0
0
0
0
0
0
0
0
0
0
0
0
0
0
0
0
0
0
0
0
0
0
0
0
0
0
0
0
0
0
0
0
0
0
0
0
0
0
0
0
0
0
0
0
0
0
0
0
0
0
0
0
0
0
0
0
0
0
0
0
0
0
0
0
0
0
0
0
0
0
0
0
0
0
0
0
0
0
0
0
0
0
0
0
0
0
0
0
0
0
0
0
0
0
0
0
0
0
0
0
0
0
0
0
0
0
0
0
0
0
0
0
0
0
0
0
0
0
0
0
0
0
0
0
0
0
0
0
0
0
0
0
0
0
0
0
0
0
0
0
0
0
0
0
0
0
0
0
0
0
0
0
0
0
0
0
0
0
0
0
0
0
0
0
0
0
0
0
0
0
0
0
0
0
0
0
0
0
0
0
0
0
0
0
0
0
0
0
0
0
0
0
0
0
0
0
0
0
0
0
0
0
0
0
0
0
0
0
0
0
0
0
0
0
0
0
0
0
0
0
0
0
0
0
0
0
0
0
0
0
0
0
0
0
0
0
0
0
0
0
0
0
0
0
0
0
0
0
0
0
0
0
0
0
0
0
0
0
0
0
0
0
0
0
0
0
0
0
0
0
0
0
0
0
0
0
0
0
0
0
0
0
0
0
0
0
0
0
0
0
0
0
0
0
0
0
0
0
0
0
0
0
0
0
0
0
0
0
0
0
0
0
0
0
0
0
0
0
0
0
0
0
0
0
0
0
0
0
0
0
0
0
0
0
0
0
0
0
0
0
0
0
0
0
0
0
0
0
0
0
0
0
0
0
0
0
0
0
0
0
0
0
0
0
0
0
0
0
0
0
0
0
0
0
0
0
0
0
0
0
0
0
0
0
0
0
0
0
0
0
0
0
0
0
0
0
0
0
0
0
0
0
0
0
0
0
0
0
0
0
0
0
0
0
0
0
0
0
0
0
0
0
0
0
0
0
0
0
0
0
0
0
0
0
0
0
0
0
0
0
0
0
0
0
0
0
0
0
0
0
0
0
0
0
0
0
0
0
0
0
0
0
0
0
0
0
0
0
0
0
0
0
0
0
0
0
0
0
0
0
0
0
0
0
0
0
0
0
0
0
0
0
0
0
0
0
0
0
0
0
0
0
0
0
0
0
0
0
0
0
0
0
0
0
0
0
0
0
0
0
0
0
0
0
0
0
0
0
0
0
0
0
0
0
0
0
0
0
0
0
0
0
0
0
0
0
0
0
0
0
0
0
0
0
0
0
0
0
0
0
0
0
0
0
0
0
0
0
0
0
0
0
0
0
0
0
0
0
0
0
0
0
0
0
0
0
0
0
0
0
0
0
0
0
0
0
0
0
0
0
0
0
0
0
0
0
0
0
0
0
0
0
0
0
0
0
0
0
0
0
0
0
0
0
0
0
0
0
0
0
0
0
0
0
0
0
0
0
0
0
0
0
0
0
0
0
0
0
0
0
0
0
0
0
0
0
0
0
0
0
0
0
0
0
0
0
0
0
0
0
0
0
0
0
0
0
0
0
0
0
0
0
0
0
0
0
0
0
0
0
0
0
0
0
0
0
0
0
0
0
0
0
0
0
0
0
0
0
0
0
0
0
0
0
0
0
0
0
0
0
0
0
0
0
0
0
0
0
0
0
0
0
0
0
0
0
0
0
0
0
0
0
0
0
0
0
0
0
0
0
0
0
0
0
0
0
0
0
0
0
0
0
0
0
0
0
0
0
0
0
0
0
0
0
0
0
0
0
0
0
0
0
0
0
0
0
0
0
0
0
0
0
0
0
0
0
0
0
0
0
0
0
0
0
0
0
0
0
0
0
0
0
0
0
0
0
0
0
0
0
0
0
0
0
0
0
0
0
0
0
0
0
0
0
0
0
0
0
0
0
0
0
0
0
0
0
0
0
0
0
0
0
0
0
0
0
0
0
0
0
0
0
0
0
0
0
0
0
0
0
0
0
0
0
0
0
0
0
0
0
0
0
0
0
0
0
0
0
0
0
0
0
0
0
0
0
0
0
0
0
0
0
0
0
0
0
0
0
0
0
0
0
0
0
0
0
0
0
0
0
0
0
0
0
0
0
0
0
0
0
0
0
0
0
0
0
0
0
0
0
0
0
0
0
0
0
0
0
0
0
0
0
0
0
0
0
0
0
0
0
0
0
0
0
0
0
0
0
0
0
0
0
0
0
0
0
0
0
0
0
0
0
0
0
0
0
0
0
0
0
0
0
0
0
0
0
0
0
0
0
0
0
0
0
0
0
0
0
0
0
0
0
0
0
0
0
0
0
0
0
0
0
0
0
0
0
0
0
0
0
0
0
0
0
0
0
0
0
0
0
0
0
0
0
0
0
0
0
0
0
0
0
0
0
0
0
0
0
0
0
0
0
0
0
0
0
0
0
0
0
0
0
0
0
0
0
0
0
0
0
0
0
0
0
0
0
0
0
0
0
0
0
0
0
0
0
0
0
0
0
0
0
0
0
0
0
0
0
0
0
0
0
0
0
0
0
0
0
0
0
0
0
0
0
0
0
0
0
0
0
0
0
0
0
0
0
0
0
0
0
0
0
0
0
0
0
0
0
0
0
0
0
0
0
0
0
0
0
0
0
0
0
0
0
0
0
0
0
0
0
0
0
0
0
0
0
0
0
0
0
0
0
0
0
0
0
0
0
0
0
0
0
0
0
0
0
0
0
0
0
0
0
0
0
0
0
0
0
0
0
0
0
0
0
0
0
0
0
0
0
0
0
0
0
0
0
0
0
0
0
0
0
0
0
0
0
0
0
0
0
0
0
0
0
0
0
0
234
308
308
308
320
320
349
349
349
349
349
370
370
469
384
679
679
679
708
722
722
722
722
722
722
722
722
722
988
988
988
988
670
696
696
696
776
776
776
795
699
680
691
708
708
708
756
572
572
396
396
396
396
758
490
470
476
482
482
482
460
604
604
604
604
604
604
549
540
498
523
489
489
489
461
461
461
461
461
461
461
461
446
442
456
446
446
446
422
422
422
422
422
422
422
439
439
439
408
408
408
408
408
408
408
408
408
408
408
408
408
408
408
408
408
408
408
408
408
408
408
408
408
361
361
361
361
375
375
375
401
401
401
401
401
401
401
322
322
322
322
322
322
322
322
322
314
314
346
346
346
346
346
242
242
240
240
240
211
211
211
211
211
211
211
212
212
204
204
217
217
217
206
206
217
217
217
217
217
222
222
204
204
204
204
204
221
221
220
220
220
220
220
220
220
265
265
270
270
270
270
270
265
265
220
220
220
220
220
220
220
220
220
220
220
220
220
220
220
220
220
311
311
305
305
318
318
318
322
322
322
322
272
272
272
329
329
329
329
282
282
282
332
332
332
332
332
332
332
332
332
332
332
332
332
332
332
332
286
286
280
280
280
259
259
259
259
260
260
260
294
294
286
286
302
302
302
286
286
286
286
286
286
286
286
286
286
286
310
310
310
310
310
310
310
310
310
310
310
310
310
310
310
310
310
310
310
310
310
286
286
286
280
280
280
280
418
418
418
340
340
340
340
328
328
328
329
329
329
329
280
280
280
269
269
340
340
340
340
340
326
326
326
326
326
326
326
362
362
357
357
357
357
357
354
354
354
354
354
354
354
368
368
368
368
368
368
368
473
473
473
473
473
473
473
473
473
473
473
473
473
473
473
473
473
473
473
473
473
473
473
473
473
473
473
473
375
375
375
375
375
375
375
375
375
375
375
375
375
375
375
375
375
375
375
388
388
388
372
372
372
372
372
372
368
368
368
368
368
368
368
360
360
360
360
360
360
360
473
473
473
473
486
486
486
468
468
468
468
468
468
468
468
468
468
350
350
350
350
468
468
468
468
468
468
468
468
468
455
455
455
455
455
455
455
455
455
455
455
455
455
455
455
455
455
455
455
455
455
455
455
455
455
455
455
455
455
455
455
455
455
473
473
473
473
473
473
473
460
460
411
411
397
397
397
426
426
426
426
426
426
426
426
426
388
388
354
354
354
338
338
338
338
338
338
338
338
338
372
372
392
392
392
392
392
392
392
392
392
392
418
418
408
408
408
408
408
408
408
408
408
408
408
408
408
408
362
362
362
362
362
362
362
362
362
362
362
362
362
362
362
362
362
362
362
362
362
362
362
362
362
362
362
362
362
362
362
362
362
362
365
365
365
365
365
365
365
365
365
365
365
365
365
348
348
348
348
348
348
348
342
342
342
342
350
350
350
357
357
357
357
357
357
357
345
345
345
345
340
340
340
494
494
494
494
494
494
494
494
494
476
476
452
452
452
452
452
452
452
452
452
452
452
452
452
452
452
452
452
776
776
776
776
776
776
776
375
375
375
375
366
366
366
366
366
366
366
366
366
366
351
351
344
344
334
334
334
344
344
344
344
344
344
344
327
327
327
327
327
327
327
327
327
327
327
327
327
327
327
327
453
453
422
422
422
435
435
418
418
418
418
418
418
418
329
329
317
317
317
295
295
295
295
295
295
295
375
375
362
362
348
348
348
311
311
311
311
311
311
311
272
272
256
256
244
244
244
246
246
246
246
246
246
246
246
246
246
246
246
246
246
246
246
246
246
246
246
246
311
311
302
302
302
302
302
297
297
297
297
297
297
297
274
274
274
285
285
285
285
285
285
285
285
285
285
285
274
274
275
275
270
270
270
270
270
270
270
270
270
270
261
261
255
255
252
252
252
450
450
450
450
450
450
450
243
243
243
243
227
227
227
279
279
279
279
279
279
279
764
764
760
760
728
728
728
740
740
740
740
740
740
740
286
286
280
280
277
277
262
262
262
262
262
262
262
262
262
262
275
275
275
275
275
275
275
315
315
315
315
315
315
315
320
320
311
311
311
316
316
316
316
316
316
316
311
311
311
311
297
297
297
297
297
297
297
297
297
297
277
277
277
277
277
277
277
277
277
277
277
277
277
277
266
266
250
250
250
250
250
240
240
240
240
240
240
240
220
220
220
220
220
220
220
220
220
220
220
220
220
220
185
185
185
185
185
185
185
185
185
185
185
185
185
185
210
210
210
210
280
280
280
297
297
297
297
297
297
297
297
297
310
310
310
310
310
388
388
382
382
374
374
374
382
382
376
376
376
376
376
376
376
365
365
365
365
365
365
365
366
366
366
366
366
366
366
352
352
352
352
352
348
348
348
348
348
348
348
348
348
346
346
346
346
346
341
341
341
341
341
341
341
322
322
322
322
322
322
322
280
280
266
266
266
266
266
247
247
247
247
247
247
247
255
255
255
255
255
255
255
247
247
247
247
247
247
247
233
233
233
233
233
233
233
211
211
211
211
201
201
201
184
184
184
184
184
184
184
184
184
184
184
184
184
184
184
184
184
184
184
184
184
177
177
177
177
177
177
177
152
152
152
152
152
152
152
152
152
152
152
152
152
152
162
162
162
162
162
162
162
362
362
374
374
350
350
350
350
350
350
350
350
350
350
350
350
346
346
346
346
346
346
346
346
346
346
346
346
352
352
352
352
352
352
352
352
352
352
352
352
352
352
352
352
352
352
352
352
352
352
352
352
352
352
352
352
352
352
352
352
352
352
352
352
352
352
352
352
352
352
352
352
352
352
352
352
352
352
352
352
352
352
352
352
352
352
403
403
403
403
403
403
403
388
388
388
388
388
370
370
370
370
370
370
370
370
370
370
370
360
360
360
360
360
360
360
360
360
360
360
360
360
360
360
360
360
311
311
311
311
311
311
311
311
311
288
288
288
288
288
300
300
300
300
300
300
300
300
300
300
300
290
290
290
320
320
320
320
320
320
320
338
338
338
338
338
338
338
296
296
296
296
296
296
296
296
296
296
296
296
296
296
296
296
296
296
296
296
296
296
296
296
296
296
296
296
305
305
305
305
305
305
305
305
305
305
305
276
276
276
276
276
276
276
276
