0
0
0
0
0
0
0
0
0
0
0
0
0
0
0
0
0
0
0
0
0
0
0
0
0
0
0
0
0
0
0
0
0
0
0
0
0
0
0
0
0
0
0
0
0
0
0
0
0
0
0
0
0
0
0
0
0
0
0
0
0
0
0
0
0
0
0
0
0
0
0
0
0
0
0
0
0
0
0
0
0
0
0
0
0
0
0
0
0
0
0
0
0
0
0
0
0
0
0
0
0
0
0
0
0
0
0
0
0
0
0
0
0
0
0
0
0
0
0
0
0
0
0
0
0
0
0
0
0
0
0
0
0
0
0
0
0
0
0
0
0
0
0
0
0
0
0
0
0
0
0
0
0
0
0
0
0
0
0
0
0
0
0
0
0
0
0
0
0
0
0
0
0
0
0
0
0
0
0
0
0
0
0
0
0
0
0
0
0
0
0
0
0
0
0
0
0
0
0
0
0
0
0
0
0
0
0
0
0
0
0
0
0
0
0
0
0
0
0
0
0
0
0
0
0
0
0
0
0
0
0
0
0
0
0
0
0
0
0
0
0
0
0
0
0
0
0
0
0
0
0
0
0
0
0
0
0
0
0
0
0
0
0
0
0
0
0
0
0
0
0
0
0
0
0
0
0
0
0
0
0
0
0
0
0
0
0
0
0
0
0
0
0
0
0
0
0
0
0
0
0
0
0
0
0
0
0
0
0
0
0
0
0
0
0
0
0
0
0
0
0
0
0
0
0
0
0
0
0
0
0
0
0
0
0
0
0
0
0
0
0
0
0
0
0
0
0
0
0
0
0
0
0
0
0
0
0
0
0
0
0
0
0
0
0
0
0
0
0
0
0
0
0
0
0
0
0
0
0
0
0
0
0
0
0
0
0
0
0
0
0
0
0
0
0
0
0
0
0
0
0
0
0
0
0
0
0
0
0
0
0
0
0
0
0
0
0
0
0
0
0
0
0
0
0
0
0
0
0
0
0
0
0
0
0
0
0
0
0
0
0
0
0
0
0
0
0
0
0
0
0
0
0
0
0
0
0
0
0
0
0
0
0
0
0
0
0
0
0
0
0
0
0
0
0
0
0
0
0
0
0
0
0
0
0
0
0
0
0
0
0
0
0
0
0
0
0
0
0
0
0
0
0
0
0
0
0
0
0
0
0
0
0
0
0
0
0
0
0
0
0
0
0
0
0
0
0
0
0
0
0
0
0
0
0
0
0
0
0
0
0
0
0
0
0
0
0
0
0
0
0
0
0
0
0
0
0
0
0
0
0
0
0
0
0
0
0
0
0
0
0
0
0
0
0
0
0
0
0
0
0
0
0
0
0
0
0
0
0
0
0
0
0
0
0
0
0
0
0
0
0
0
0
0
0
0
0
0
0
0
0
0
0
0
0
0
0
0
0
0
0
0
0
0
0
0
0
0
0
0
0
0
0
0
0
0
0
0
0
0
0
0
0
0
0
0
0
0
0
0
0
0
0
0
0
0
0
0
0
0
0
0
0
0
0
0
0
0
0
0
0
0
0
0
0
0
0
0
0
0
0
0
0
0
0
0
0
0
0
0
0
2.200000e-01
0
0
0
0
0
0
0
0
0
0
0
0
0
0
0
0
0
0
0
0
0
0
0
0
0
0
0
0
0
0
0
0
0
0
0
0
0
0
0
0
0
0
0
0
0
0
0
0
0
0
0
0
0
0
0
0
0
0
0
0
0
0
0
0
0
0
0
0
0
0
0
0
0
0
0
0
0
0
0
0
0
0
0
0
0
0
0
0
0
0
0
0
0
0
0
0
0
0
0
0
0
0
0
0
0
0
0
0
0
0
0
0
0
0
0
0
0
0
0
0
0
0
0
0
0
0
0
0
0
0
0
0
0
0
0
0
2.000000e-02
0
0
0
0
0
0
0
0
0
0
0
0
0
0
0
0
0
0
0
0
0
0
0
0
0
0
0
0
0
0
0
0
5.000000e-02
0
0
0
0
0
0
0
0
0
0
0
0
0
0
0
0
0
0
0
2.040000e+00
4.800000e+00
8.750000e+00
1.016000e+01
1.122000e+01
1.016000e+01
1.355000e+01
1.487000e+01
1.637000e+01
1.680000e+01
1.795000e+01
1.819000e+01
1.919000e+01
1.912000e+01
2.175000e+01
2.187000e+01
2.710000e+01
2.917000e+01
2.903000e+01
3.382000e+01
3.438000e+01
3.438000e+01
3.438000e+01
3.965000e+01
3.548000e+01
4.475000e+01
4.455000e+01
4.035000e+01
5.215000e+01
5.428000e+01
5.808000e+01
6.147000e+01
5.999000e+01
6.318000e+01
5.936000e+01
5.936000e+01
5.785000e+01
6.722000e+01
6.888000e+01
7.607000e+01
7.607000e+01
8.461000e+01
7.870000e+01
8.159000e+01
8.371000e+01
9.538000e+01
8.265000e+01
8.992000e+01
8.518000e+01
7.777000e+01
8.214000e+01
2.052000e+01
2.052000e+01
2.052000e+01
2.092000e+01
3.429000e+01
5.537000e+01
6.945000e+01
9.073000e+01
9.073000e+01
9.085000e+01
8.962000e+01
8.980000e+01
8.839000e+01
8.882000e+01
8.782000e+01
8.270000e+01
4.629000e+01
5.000000e-02
6.000000e-02
9.000000e-02
2.000000e-02
4.900000e-01
2.000000e-02
2.000000e-02
7.000000e-02
1.000000e-02
0
1.700000e-01
2.800000e-01
2.500000e-01
8.000000e-02
2.000000e-02
0
4.000000e-02
0
1.000000e-02
0
0
0
0
0
0
0
0
0
0
4.000000e-02
4.000000e-02
5.000000e-02
1.200000e-01
5.000000e-02
7.000000e-02
6.000000e-02
6.000000e-02
0
1.200000e-01
1.500000e-01
1.500000e-01
2.200000e-01
3.400000e-01
7.600000e-01
1.630000e+00
2.390000e+00
2.510000e+00
2.770000e+00
2.850000e+00
3.620000e+00
7.450000e+00
9.090000e+00
1.008000e+01
1.225000e+01
1.439000e+01
1.528000e+01
1.861000e+01
1.993000e+01
2.229000e+01
2.426000e+01
2.580000e+01
2.687000e+01
2.869000e+01
3.133000e+01
3.299000e+01
3.666000e+01
3.758000e+01
4.166000e+01
4.488000e+01
4.904000e+01
5.340000e+01
5.730000e+01
5.840000e+01
6.418000e+01
6.849000e+01
7.378000e+01
7.342000e+01
7.742000e+01
7.948000e+01
8.608000e+01
8.290000e+01
9.158000e+01
9.265000e+01
9.167000e+01
9.508000e+01
96
1.098600e+02
1.093600e+02
1.123200e+02
1.176300e+02
1.228000e+02
1.282000e+02
1.305300e+02
1.306300e+02
1.311800e+02
1.272400e+02
1.283700e+02
1.329600e+02
1.272400e+02
1.409000e+02
1.369200e+02
1.393100e+02
1.342700e+02
1.323500e+02
1.303500e+02
1.296100e+02
1.284200e+02
1.270200e+02
1.245700e+02
1.235400e+02
1.205900e+02
1.190100e+02
1.169700e+02
1.199700e+02
1.152129e+02
1.135946e+02
1.119763e+02
1.202600e+02
1.211800e+02
1.239000e+02
1.217800e+02
1.217800e+02
1.217800e+02
1.235900e+02
1.240400e+02
1.245700e+02
1.245200e+02
1.218200e+02
1.218200e+02
1.218200e+02
1.338500e+02
1.351100e+02
1.370800e+02
1.354800e+02
1.359700e+02
1.359700e+02
1.359700e+02
1.372400e+02
1.329700e+02
1.164900e+02
1.156800e+02
1.203600e+02
1.203600e+02
1.203600e+02
4.668000e+01
4.976000e+01
6.532000e+01
9.717000e+01
9.943000e+01
9.943000e+01
9.943000e+01
9.943000e+01
1.035400e+02
1.035400e+02
1.074200e+02
1.109600e+02
1.109600e+02
1.109600e+02
5.758000e+01
6.810000e+00
6.780000e+00
5.041000e+01
8.208000e+01
8.422000e+01
7.799000e+01
8.050000e+01
8.690000e+01
9.114000e+01
9.389000e+01
9.661000e+01
8.584000e+01
4.656000e+01
9.284000e+01
9.869000e+01
1.006000e+02
1.192000e+02
1.422800e+02
1.608400e+02
1.708900e+02
1.742400e+02
1.742400e+02
1.810600e+02
1.796800e+02
1.764700e+02
1.764700e+02
1.764700e+02
1.410300e+02
1.441600e+02
1.441300e+02
1.490400e+02
1.519900e+02
1.519900e+02
1.519900e+02
1.626000e+02
1.633400e+02
1.164900e+02
1.164900e+02
1.674800e+02
1.674800e+02
1.674800e+02
1.752900e+02
1.778100e+02
1.810800e+02
1.737100e+02
1.692000e+01
1.692000e+01
1.692000e+01
1.311600e+02
1.414500e+02
1.443400e+02
1.413700e+02
1.432100e+02
1.432100e+02
1.432100e+02
9.480000e+01
1.508700e+02
1.550600e+02
1.603200e+02
1.669000e+02
1.669000e+02
1.669000e+02
1.651000e+01
6.203000e+01
1.026600e+02
7.037000e+01
1.159400e+02
1.159400e+02
1.159400e+02
1.389900e+02
1.413300e+02
1.413300e+02
1.497000e+02
1.573200e+02
1.573200e+02
1.573200e+02
1.781300e+02
1.843700e+02
1.969700e+02
1.939600e+02
2.059200e+02
2.059200e+02
2.059200e+02
2.219100e+02
2.251900e+02
2.126400e+02
2.099400e+02
2.066000e+02
2.066000e+02
2.066000e+02
3.125400e+02
2.118000e+02
2.090500e+02
2.087600e+02
2.100500e+02
2.100500e+02
2.100500e+02
2.100500e+02
2.112500e+02
2.128600e+02
2.161400e+02
2.154800e+02
2.154800e+02
2.154800e+02
2.356300e+02
2.310400e+02
2.313600e+02
2.337400e+02
2.309700e+02
2.309700e+02
2.309700e+02
2.303500e+02
2.303500e+02
2.263600e+02
2.258400e+02
2.228400e+02
2.228400e+02
2.228400e+02
2.211000e+02
2.221000e+02
2.221000e+02
2.221000e+02
2.221000e+02
2.221000e+02
2.221000e+02
2.202500e+02
2.197300e+02
2.203900e+02
2.181900e+02
2.179300e+02
2.179300e+02
2.179300e+02
2.179300e+02
2.208500e+02
2.210500e+02
2.215900e+02
2.227400e+02
2.227400e+02
2.227400e+02
2.214200e+02
2.223300e+02
2.226300e+02
2.226300e+02
2.215300e+02
2.215300e+02
2.215300e+02
2.370800e+02
2.279900e+02
2.237000e+02
2.237000e+02
2.200100e+02
2.200100e+02
2.200100e+02
2.160700e+02
2.160700e+02
2.160700e+02
2.160700e+02
2.161400e+02
2.161400e+02
2.161400e+02
2.147900e+02
2.141800e+02
2.151000e+02
2.148600e+02
2.136900e+02
2.136900e+02
2.136900e+02
2.176600e+02
2.199300e+02
2.169300e+02
2.169300e+02
2.169300e+02
2.169300e+02
2.169300e+02
2.198100e+02
2.198100e+02
2.198100e+02
2.164100e+02
2.147900e+02
2.147900e+02
2.147900e+02
2.147900e+02
2.145300e+02
2.138100e+02
2.138100e+02
2.128100e+02
2.128100e+02
2.128100e+02
2.093400e+02
2.091800e+02
2.070700e+02
2.070700e+02
2.070700e+02
2.070700e+02
2.070700e+02
2.070700e+02
2.070700e+02
2.070700e+02
2.070700e+02
2.070700e+02
2.070700e+02
2.070700e+02
1.955800e+02
193
1.979400e+02
1.979400e+02
1.979400e+02
1.979400e+02
1.979400e+02
1.957800e+02
1.987000e+02
198
196
196
196
196
196
1.909700e+02
1.956300e+02
2.081000e+02
2.273400e+02
2.273400e+02
2.273400e+02
2.273400e+02
2.220900e+02
2.204900e+02
2.204900e+02
1.980000e+01
1.980000e+01
1.980000e+01
1.980000e+01
1.980000e+01
1.980000e+01
0
0
0
0
0
0
0
0
0
0
0
0
20
20
77
77
77
77
77
77
1.129300e+02
1.163000e+02
1.163000e+02
1.163000e+02
1.163000e+02
1.319600e+02
1.222600e+02
1.222600e+02
1.222600e+02
1.222600e+02
1.222600e+02
1.222600e+02
1.222600e+02
1.222600e+02
1.008300e+02
1.133800e+02
1.133800e+02
1.133800e+02
1.133800e+02
121
1.203200e+02
1.216800e+02
1.216300e+02
1.216300e+02
1.216300e+02
1.216300e+02
1.231400e+02
1.273900e+02
1.277700e+02
81
1.275400e+02
1.275400e+02
1.275400e+02
1.210700e+02
1.225400e+02
1.296600e+02
1.329800e+02
1.329200e+02
1.329200e+02
1.329200e+02
1.419500e+02
1.437600e+02
1.428900e+02
1.428900e+02
1.385200e+02
1.385200e+02
1.385200e+02
1.443900e+02
1.465300e+02
1.474100e+02
1.488700e+02
1.452600e+02
1.452600e+02
1.452600e+02
1.487000e+02
1.397300e+02
1.386700e+02
1.373400e+02
1.404900e+02
1.404900e+02
1.404900e+02
1.431900e+02
1.405900e+02
1.474600e+02
1.454100e+02
1.317200e+02
1.317200e+02
1.317200e+02
4.450000e+00
6.398000e+01
1.077400e+02
1.222500e+02
1.296900e+02
1.296900e+02
1.296900e+02
1.386400e+02
1.395900e+02
1.390300e+02
1.420800e+02
1.430600e+02
1.430600e+02
1.430600e+02
1.440600e+02
1.454200e+02
1.454200e+02
0
0
0
0
4.410000e+01
7.603000e+01
9.271000e+01
1.029100e+02
1.092100e+02
1.092100e+02
1.092100e+02
1.163900e+02
1.205900e+02
1.205900e+02
9.134000e+01
1.324000e+02
1.324000e+02
1.324000e+02
1.454600e+02
1.420100e+02
1.429200e+02
1.534200e+02
1.592900e+02
1.592900e+02
1.592900e+02
1.739400e+02
1.767000e+02
1.771900e+02
1.803600e+02
1.809400e+02
1.809400e+02
1.809400e+02
1.957600e+02
1.871100e+02
1.881200e+02
1.851600e+02
1.840700e+02
1.840700e+02
1.840700e+02
1.845100e+02
1.845100e+02
1.856100e+02
1.752000e+02
9.787000e+01
9.787000e+01
9.787000e+01
1.801300e+02
1.917100e+02
1.997200e+02
2.033000e+02
1.830100e+02
1.830100e+02
1.830100e+02
2.128200e+02
2.149500e+02
2.156500e+02
2.166200e+02
2.203400e+02
2.203400e+02
2.203400e+02
2.214400e+02
2.234700e+02
2.240100e+02
2.277600e+02
2.263700e+02
2.263700e+02
2.263700e+02
7.389000e+01
3.403000e+01
1.442200e+02
1.713000e+02
1.811500e+02
1.811500e+02
1.811500e+02
1.000000e-02
1.000000e-02
1.000000e-02
1.000000e-02
1.000000e-02
1.000000e-02
1.000000e-02
7.000000e-02
2.104000e+01
5.304000e+01
5.304000e+01
9.683000e+01
9.683000e+01
9.683000e+01
1.263300e+02
1.306500e+02
1.356800e+02
1.401900e+02
1.432600e+02
1.432600e+02
1.432600e+02
1.590600e+02
1.638900e+02
4.473000e+01
4.439000e+01
1.179100e+02
1.179100e+02
1.179100e+02
2.120000e+01
2.120000e+01
2.120000e+01
2.120000e+01
1.911000e+01
1.911000e+01
1.911000e+01
1.990000e+01
1.990000e+01
2.178000e+01
2.178000e+01
2.135000e+01
2.135000e+01
2.135000e+01
2.082000e+01
2.082000e+01
2.082000e+01
2.082000e+01
1.923000e+01
1.923000e+01
1.923000e+01
2.040000e+01
2.040000e+01
2.040000e+01
2.040000e+01
2.209000e+01
2.209000e+01
2.209000e+01
2.262000e+01
2.262000e+01
1.832000e+01
1.832000e+01
1.784000e+01
1.784000e+01
1.784000e+01
1.855000e+01
1.855000e+01
1.855000e+01
1.855000e+01
1.889000e+01
1.889000e+01
1.889000e+01
1.889000e+01
1.889000e+01
2.047000e+01
2.047000e+01
2.047000e+01
2.047000e+01
2.047000e+01
2.669000e+01
2.669000e+01
3.153000e+01
3.153000e+01
3.743000e+01
3.743000e+01
3.743000e+01
3.743000e+01
3.743000e+01
0
0
1.948000e+01
1.948000e+01
1.948000e+01
1.970000e+01
1.970000e+01
2.047000e+01
2.047000e+01
2.120000e+01
2.120000e+01
2.120000e+01
1.990000e+01
1.990000e+01
2.112000e+01
2.112000e+01
1.976000e+01
1.976000e+01
1.976000e+01
2.007000e+01
2.007000e+01
2.319000e+01
2.319000e+01
2.325000e+01
2.325000e+01
2.325000e+01
2.186000e+01
2.186000e+01
2.060000e+01
2.060000e+01
2.042000e+01
2.042000e+01
2.042000e+01
2.149000e+01
2.149000e+01
2.149000e+01
2.149000e+01
2.249000e+01
2.349000e+01
2.449000e+01
2.353000e+01
2.353000e+01
2.429000e+01
2.429000e+01
2.429000e+01
2.429000e+01
2.429000e+01
2.102000e+01
2.102000e+01
2.102000e+01
2.102000e+01
2.102000e+01
2.102000e+01
2.102000e+01
2.102000e+01
2.102000e+01
2.102000e+01
2.102000e+01
2.102000e+01
2.102000e+01
2.102000e+01
2.102000e+01
2.102000e+01
2.102000e+01
2.102000e+01
2.102000e+01
2.102000e+01
2.102000e+01
2.437000e+01
2.437000e+01
2.437000e+01
2.437000e+01
2.437000e+01
2.437000e+01
2.437000e+01
2.437000e+01
2.437000e+01
2.437000e+01
2.437000e+01
2.437000e+01
2.437000e+01
2.437000e+01
2.437000e+01
2.437000e+01
2.437000e+01
2.437000e+01
2.437000e+01
2.437000e+01
2.437000e+01
2.576000e+01
2.576000e+01
2.594000e+01
2.594000e+01
2.574000e+01
2.574000e+01
2.574000e+01
2.574000e+01
2.574000e+01
2.574000e+01
2.574000e+01
2.317000e+01
2.317000e+01
2.317000e+01
2.391000e+01
2.391000e+01
2.431000e+01
2.431000e+01
2.582000e+01
2.582000e+01
2.582000e+01
2.723000e+01
2.723000e+01
2.723000e+01
2.723000e+01
2.452000e+01
2.452000e+01
2.452000e+01
2.540000e+01
2.540000e+01
2.805000e+01
2.805000e+01
2.519000e+01
2.519000e+01
2.519000e+01
2.638000e+01
2.638000e+01
2.638000e+01
2.638000e+01
2.638000e+01
2.638000e+01
2.638000e+01
2.638000e+01
2.638000e+01
2.638000e+01
2.638000e+01
2.721000e+01
2.721000e+01
2.721000e+01
2.626000e+01
2.626000e+01
2.738000e+01
2.738000e+01
2.780000e+01
2.564000e+01
2.564000e+01
2.564000e+01
2.564000e+01
2.564000e+01
2.564000e+01
2.564000e+01
2.564000e+01
2.564000e+01
2.564000e+01
2.564000e+01
2.801000e+01
2.801000e+01
2.757000e+01
2.757000e+01
2.757000e+01
2.757000e+01
2.757000e+01
2.897000e+01
2.897000e+01
2.976000e+01
2.976000e+01
2.976000e+01
3.148000e+01
3.148000e+01
3.105000e+01
3.105000e+01
2.997000e+01
2.997000e+01
2.997000e+01
3.005000e+01
3.005000e+01
3.013000e+01
3.013000e+01
3.062000e+01
3.062000e+01
3.062000e+01
3.062000e+01
3.062000e+01
3.172000e+01
3.172000e+01
3.131000e+01
3.131000e+01
3.131000e+01
3.184000e+01
3.184000e+01
3.141000e+01
3.141000e+01
3.165000e+01
3.165000e+01
3.165000e+01
3.165000e+01
3.165000e+01
3.213000e+01
3.213000e+01
3.312000e+01
3.312000e+01
3.312000e+01
3.243000e+01
3.243000e+01
3.108000e+01
3.108000e+01
3.134000e+01
3.134000e+01
3.134000e+01
3.134000e+01
3.134000e+01
3.134000e+01
3.134000e+01
3.134000e+01
3.134000e+01
3.134000e+01
3.349000e+01
3.349000e+01
3.271000e+01
3.271000e+01
3.334000e+01
3.334000e+01
3.334000e+01
3.334000e+01
3.334000e+01
3.334000e+01
3.334000e+01
3.364000e+01
3.364000e+01
3.364000e+01
3.375000e+01
3.375000e+01
3.375000e+01
3.375000e+01
3.375000e+01
3.375000e+01
3.375000e+01
3.375000e+01
3.375000e+01
3.375000e+01
3.278000e+01
3.287000e+01
3.287000e+01
3.287000e+01
3.374000e+01
3.374000e+01
3.228000e+01
3.228000e+01
3.317000e+01
3.317000e+01
3.317000e+01
3.317000e+01
3.317000e+01
3.230000e+01
3.230000e+01
3.275000e+01
3.275000e+01
3.275000e+01
3.285000e+01
3.285000e+01
3.285000e+01
3.285000e+01
3.314000e+01
3.314000e+01
3.314000e+01
3.314000e+01
3.314000e+01
3.285000e+01
3.285000e+01
3.429000e+01
3.429000e+01
3.429000e+01
3.267000e+01
3.267000e+01
3.287000e+01
3.287000e+01
3.255000e+01
3.255000e+01
3.255000e+01
3.255000e+01
3.255000e+01
3.250000e+01
3.250000e+01
3.250000e+01
3.250000e+01
3.250000e+01
3.263000e+01
3.263000e+01
3.263000e+01
3.263000e+01
3.321000e+01
3.321000e+01
3.321000e+01
3.321000e+01
3.321000e+01
3.302000e+01
3.302000e+01
3.302000e+01
3.302000e+01
3.302000e+01
3.302000e+01
3.302000e+01
3.339000e+01
3.339000e+01
3.266000e+01
3.266000e+01
3.266000e+01
3.266000e+01
3.266000e+01
3.303000e+01
3.303000e+01
3.346000e+01
3.346000e+01
3.346000e+01
3.346000e+01
3.346000e+01
3.346000e+01
3.346000e+01
3.346000e+01
3.346000e+01
3.346000e+01
3.346000e+01
3.346000e+01
3.289000e+01
3.289000e+01
3.303000e+01
3.303000e+01
3.303000e+01
3.303000e+01
3.303000e+01
3.303000e+01
3.303000e+01
3.248000e+01
3.248000e+01
3.248000e+01
3.248000e+01
3.248000e+01
3.347000e+01
3.347000e+01
3.307000e+01
3.307000e+01
3.307000e+01
3.182000e+01
3.182000e+01
3.182000e+01
3.182000e+01
3.198000e+01
3.198000e+01
3.198000e+01
3.198000e+01
3.198000e+01
3.216000e+01
3.216000e+01
3.248000e+01
3.248000e+01
3.248000e+01
3.248000e+01
3.248000e+01
3.280000e+01
3.280000e+01
3.248000e+01
3.248000e+01
3.248000e+01
3.248000e+01
3.248000e+01
3.409000e+01
3.409000e+01
3.316000e+01
3.316000e+01
3.316000e+01
3.380000e+01
3.380000e+01
3.372000e+01
3.372000e+01
3.341000e+01
3.341000e+01
3.341000e+01
3.341000e+01
3.341000e+01
3.395000e+01
3.395000e+01
3.413000e+01
3.413000e+01
3.413000e+01
3.382000e+01
3.382000e+01
3.335000e+01
3.335000e+01
3.333000e+01
3.333000e+01
3.333000e+01
3.333000e+01
3.333000e+01
3.397000e+01
3.397000e+01
3.446000e+01
3.446000e+01
3.446000e+01
3.446000e+01
3.446000e+01
3.411000e+01
3.411000e+01
3.411000e+01
3.411000e+01
3.411000e+01
3.411000e+01
3.411000e+01
3.355000e+01
3.355000e+01
3.386000e+01
3.386000e+01
3.386000e+01
3.404000e+01
3.404000e+01
3.404000e+01
3.404000e+01
3.404000e+01
3.404000e+01
3.404000e+01
3.404000e+01
3.404000e+01
3.404000e+01
3.404000e+01
3.404000e+01
3.404000e+01
3.404000e+01
3.404000e+01
3.404000e+01
3.404000e+01
3.404000e+01
3.404000e+01
3.404000e+01
3.404000e+01
3.404000e+01
3.404000e+01
3.404000e+01
3.498000e+01
3.498000e+01
3.498000e+01
3.498000e+01
3.498000e+01
3.498000e+01
3.498000e+01
3.498000e+01
3.498000e+01
3.498000e+01
3.498000e+01
3.498000e+01
3.468000e+01
3.468000e+01
3.468000e+01
3.468000e+01
3.468000e+01
3.468000e+01
3.468000e+01
3.468000e+01
3.710000e+01
3.710000e+01
3.710000e+01
3.710000e+01
3.710000e+01
3.710000e+01
3.710000e+01
3.620000e+01
3.620000e+01
3.625000e+01
3.625000e+01
3.625000e+01
3.622000e+01
3.622000e+01
3.460000e+01
3.460000e+01
3.505000e+01
3.505000e+01
3.505000e+01
3.505000e+01
3.505000e+01
3.639000e+01
3.639000e+01
3.668000e+01
3.668000e+01
3.668000e+01
3.883000e+01
3.883000e+01
3.883000e+01
3.883000e+01
3.594000e+01
3.594000e+01
3.594000e+01
3.594000e+01
3.594000e+01
3.834000e+01
3.834000e+01
3.834000e+01
3.834000e+01
3.834000e+01
3.576000e+01
3.576000e+01
3.515000e+01
3.515000e+01
3.515000e+01
3.515000e+01
3.515000e+01
3.515000e+01
3.515000e+01
3.662000e+01
3.662000e+01
3.623000e+01
3.623000e+01
3.623000e+01
3.623000e+01
3.623000e+01
3.490000e+01
3.490000e+01
3.490000e+01
3.490000e+01
3.490000e+01
3.490000e+01
3.490000e+01
3.624000e+01
3.624000e+01
3.625000e+01
3.625000e+01
3.625000e+01
3.649000e+01
3.649000e+01
3.649000e+01
3.649000e+01
3.649000e+01
3.649000e+01
3.649000e+01
3.612000e+01
3.612000e+01
3.694000e+01
3.694000e+01
3.666000e+01
3.666000e+01
3.666000e+01
3.652000e+01
3.652000e+01
3.635000e+01
3.635000e+01
3.629000e+01
3.629000e+01
3.629000e+01
3.655000e+01
3.655000e+01
3.655000e+01
3.655000e+01
3.651000e+01
3.651000e+01
3.651000e+01
3.639000e+01
3.639000e+01
3.656000e+01
3.656000e+01
3.651000e+01
3.651000e+01
3.651000e+01
3.651000e+01
3.651000e+01
3.659000e+01
3.659000e+01
3.640000e+01
3.640000e+01
3.640000e+01
3.647000e+01
3.647000e+01
3.657000e+01
3.657000e+01
3.622000e+01
3.622000e+01
3.622000e+01
3.622000e+01
3.622000e+01
3.667000e+01
3.667000e+01
3.667000e+01
3.667000e+01
3.667000e+01
3.611000e+01
3.611000e+01
3.611000e+01
3.611000e+01
3.610000e+01
3.610000e+01
3.610000e+01
3.610000e+01
3.610000e+01
3.610000e+01
3.610000e+01
3.756000e+01
3.756000e+01
3.756000e+01
3.560000e+01
3.560000e+01
3.659000e+01
3.659000e+01
3.640000e+01
3.640000e+01
3.640000e+01
3.640000e+01
3.640000e+01
3.631000e+01
3.631000e+01
3.631000e+01
3.631000e+01
3.631000e+01
3.631000e+01
3.631000e+01
3.643000e+01
3.643000e+01
3.660000e+01
3.660000e+01
3.660000e+01
3.660000e+01
3.660000e+01
3.683000e+01
3.683000e+01
3.693000e+01
3.693000e+01
3.693000e+01
3.733000e+01
3.733000e+01
3.552000e+01
3.552000e+01
3.554000e+01
3.554000e+01
3.554000e+01
3.554000e+01
3.554000e+01
3.531000e+01
3.531000e+01
3.531000e+01
3.531000e+01
3.531000e+01
3.492000e+01
3.492000e+01
3.538000e+01
3.542000e+01
3.542000e+01
3.542000e+01
3.542000e+01
3.542000e+01
3.542000e+01
3.520000e+01
3.520000e+01
3.572000e+01
3.572000e+01
3.572000e+01
3.563000e+01
3.563000e+01
3.563000e+01
3.563000e+01
3.494000e+01
3.494000e+01
3.494000e+01
3.562000e+01
3.562000e+01
3.580000e+01
3.580000e+01
3.579000e+01
3.579000e+01
3.579000e+01
3.574000e+01
3.574000e+01
3.579000e+01
3.579000e+01
3.581000e+01
3.581000e+01
3.581000e+01
3.596000e+01
3.596000e+01
3.485000e+01
3.485000e+01
3.485000e+01
3.485000e+01
3.485000e+01
3.536000e+01
3.536000e+01
3.542000e+01
3.542000e+01
3.542000e+01
3.542000e+01
3.542000e+01
3.564000e+01
3.564000e+01
3.546000e+01
3.546000e+01
3.526000e+01
3.526000e+01
3.526000e+01
3.518000e+01
3.518000e+01
3.518000e+01
3.518000e+01
3.527000e+01
3.527000e+01
3.527000e+01
3.594000e+01
3.594000e+01
3.604000e+01
3.604000e+01
3.559000e+01
3.559000e+01
3.559000e+01
3.555000e+01
3.555000e+01
3.640000e+01
3.640000e+01
3.640000e+01
3.640000e+01
3.640000e+01
3.640000e+01
3.640000e+01
3.304000e+01
3.304000e+01
3.304000e+01
3.304000e+01
3.304000e+01
3.304000e+01
3.304000e+01
3.165000e+01
3.165000e+01
3.165000e+01
3.165000e+01
3.165000e+01
3.165000e+01
3.165000e+01
3.125000e+01
3.125000e+01
3.064000e+01
3.064000e+01
3.064000e+01
3.047000e+01
3.047000e+01
3.140000e+01
3.140000e+01
3.140000e+01
3.140000e+01
3.140000e+01
3.140000e+01
3.140000e+01
3.519000e+01
3.519000e+01
3.124000e+01
3.124000e+01
3.124000e+01
3.140000e+01
3.140000e+01
3.144000e+01
3.144000e+01
3.165000e+01
3.165000e+01
3.165000e+01
3.165000e+01
3.165000e+01
3.165000e+01
3.165000e+01
3.165000e+01
3.165000e+01
3.165000e+01
3.149000e+01
3.149000e+01
3.173000e+01
3.173000e+01
3.225000e+01
3.225000e+01
3.225000e+01
3.225000e+01
3.225000e+01
3.225000e+01
3.225000e+01
3.419000e+01
3.419000e+01
3.419000e+01
3.419000e+01
3.419000e+01
3.419000e+01
3.419000e+01
3.419000e+01
3.419000e+01
3.419000e+01
3.419000e+01
3.419000e+01
3.197000e+01
3.197000e+01
3.197000e+01
3.197000e+01
3.197000e+01
3.197000e+01
3.197000e+01
3.191000e+01
3.191000e+01
3.173000e+01
3.173000e+01
3.173000e+01
3.162000e+01
3.162000e+01
3.197000e+01
3.197000e+01
3.197000e+01
3.197000e+01
3.197000e+01
3.098000e+01
3.098000e+01
3.098000e+01
3.098000e+01
3.098000e+01
3.098000e+01
3.098000e+01
3.098000e+01
3.098000e+01
3.066000e+01
3.066000e+01
3.066000e+01
3.066000e+01
3.066000e+01
3.029000e+01
3.029000e+01
3.090000e+01
3.090000e+01
3.090000e+01
3.090000e+01
3.090000e+01
3.090000e+01
3.090000e+01
2.965000e+01
2.965000e+01
3.077000e+01
3.077000e+01
3.077000e+01
3.035000e+01
3.035000e+01
3.061000e+01
3.061000e+01
3.061000e+01
3.061000e+01
3.061000e+01
3.061000e+01
3.061000e+01
3.061000e+01
3.061000e+01
3.061000e+01
3.061000e+01
3.061000e+01
2.990000e+01
2.990000e+01
3.096000e+01
3.096000e+01
2.988000e+01
2.988000e+01
2.988000e+01
2.905000e+01
2.905000e+01
3.944000e+01
3.944000e+01
2.947000e+01
2.947000e+01
2.947000e+01
2.949000e+01
2.949000e+01
3.009000e+01
3.009000e+01
2.989000e+01
2.989000e+01
2.989000e+01
2.970000e+01
2.970000e+01
3.014000e+01
3.014000e+01
2.946000e+01
2.946000e+01
2.946000e+01
2.904000e+01
2.904000e+01
6.600000e-01
6.600000e-01
2.936000e+01
2.936000e+01
2.936000e+01
2.946000e+01
2.946000e+01
2.956000e+01
2.956000e+01
2.952000e+01
2.952000e+01
2.952000e+01
2.973000e+01
2.973000e+01
3.071000e+01
3.071000e+01
3.071000e+01
3.071000e+01
3.071000e+01
3.071000e+01
3.071000e+01
3.071000e+01
3.071000e+01
3.045000e+01
3.045000e+01
3.045000e+01
3.022000e+01
3.022000e+01
3.026000e+01
3.026000e+01
3.055000e+01
3.055000e+01
3.055000e+01
3.106000e+01
3.106000e+01
3.137000e+01
3.137000e+01
3.115000e+01
3.115000e+01
3.115000e+01
3.069000e+01
3.069000e+01
3.069000e+01
3.069000e+01
3.074000e+01
3.074000e+01
3.074000e+01
3.074000e+01
3.074000e+01
3.151000e+01
3.151000e+01
3.151000e+01
3.151000e+01
3.151000e+01
3.192000e+01
3.192000e+01
3.246000e+01
3.246000e+01
3.188000e+01
3.188000e+01
3.188000e+01
3.197000e+01
3.197000e+01
3.202000e+01
3.202000e+01
3.202000e+01
3.202000e+01
3.202000e+01
3.253000e+01
3.253000e+01
3.253000e+01
3.253000e+01
3.249000e+01
3.249000e+01
3.249000e+01
3.242000e+01
3.242000e+01
3.327000e+01
3.327000e+01
3.282000e+01
3.282000e+01
3.282000e+01
3.317000e+01
3.317000e+01
3.317000e+01
3.317000e+01
3.341000e+01
3.341000e+01
3.341000e+01
1.014000e+01
1.014000e+01
3.417000e+01
3.417000e+01
3.417000e+01
3.417000e+01
3.417000e+01
3.358000e+01
3.358000e+01
3.358000e+01
3.358000e+01
3.341000e+01
3.341000e+01
3.341000e+01
3.232000e+01
3.232000e+01
3.349000e+01
3.349000e+01
3.343000e+01
3.343000e+01
3.343000e+01
3.338000e+01
3.338000e+01
3.358000e+01
3.358000e+01
3.367000e+01
3.367000e+01
3.367000e+01
3.370000e+01
3.370000e+01
3.380000e+01
3.380000e+01
3.318000e+01
3.318000e+01
3.318000e+01
3.350000e+01
3.350000e+01
3.350000e+01
3.350000e+01
3.360000e+01
3.360000e+01
3.360000e+01
3.382000e+01
3.382000e+01
3.382000e+01
3.382000e+01
3.359000e+01
3.359000e+01
3.359000e+01
3.359000e+01
3.359000e+01
3.392000e+01
3.392000e+01
3.384000e+01
3.384000e+01
3.384000e+01
3.403000e+01
3.403000e+01
3.370000e+01
3.370000e+01
3.367000e+01
3.367000e+01
3.367000e+01
3.367000e+01
3.367000e+01
3.367000e+01
3.367000e+01
3.366000e+01
3.366000e+01
3.366000e+01
3.366000e+01
3.366000e+01
3.369000e+01
3.369000e+01
3.345000e+01
3.345000e+01
3.345000e+01
3.345000e+01
3.345000e+01
3.345000e+01
3.345000e+01
3.345000e+01
3.345000e+01
3.345000e+01
3.345000e+01
3.345000e+01
3.326000e+01
3.326000e+01
3.288000e+01
3.288000e+01
3.288000e+01
3.512000e+01
3.512000e+01
3.512000e+01
3.512000e+01
3.347000e+01
3.347000e+01
3.347000e+01
3.321000e+01
3.321000e+01
3.335000e+01
3.335000e+01
3.320000e+01
3.320000e+01
3.320000e+01
3.320000e+01
3.320000e+01
3.275000e+01
3.275000e+01
3.304000e+01
3.304000e+01
3.304000e+01
3.315000e+01
3.315000e+01
3.537000e+01
3.537000e+01
3.537000e+01
3.537000e+01
3.537000e+01
3.263000e+01
3.263000e+01
32
32
32
32
32
32
32
3.309000e+01
3.309000e+01
3.309000e+01
3.309000e+01
3.309000e+01
3.309000e+01
3.309000e+01
3.309000e+01
3.309000e+01
31
31
31
31
31
31
31
3.175000e+01
3.175000e+01
3.175000e+01
3.275000e+01
3.275000e+01
3.275000e+01
3.275000e+01
3.275000e+01
3.275000e+01
3.275000e+01
3.275000e+01
3.275000e+01
32
32
32
32
32
32
32
31
31
31
31
31
3.227000e+01
3.227000e+01
3.209000e+01
3.209000e+01
3.194000e+01
3.194000e+01
3.194000e+01
3.178000e+01
3.178000e+01
3.178000e+01
3.178000e+01
3.178000e+01
3.178000e+01
3.178000e+01
3.288000e+01
3.288000e+01
3.288000e+01
3.288000e+01
3.216000e+01
3.216000e+01
3.216000e+01
3.180000e+01
3.180000e+01
3.179000e+01
3.179000e+01
3.179000e+01
3.179000e+01
3.179000e+01
3.228000e+01
3.228000e+01
3.208000e+01
3.208000e+01
3.294000e+01
3.294000e+01
3.294000e+01
3.328000e+01
3.328000e+01
3.324000e+01
3.324000e+01
3.401000e+01
3.401000e+01
3.401000e+01
3.441000e+01
3.441000e+01
3.410000e+01
3.410000e+01
3.369000e+01
3.369000e+01
3.369000e+01
3.310000e+01
3.310000e+01
3.283000e+01
3.283000e+01
3.327000e+01
3.327000e+01
3.327000e+01
3.327000e+01
3.327000e+01
3.327000e+01
3.327000e+01
3.327000e+01
3.327000e+01
3.327000e+01
3.252000e+01
3.252000e+01
3.248000e+01
3.248000e+01
3.248000e+01
3.248000e+01
3.248000e+01
3.242000e+01
3.242000e+01
3.292000e+01
3.292000e+01
3.283000e+01
3.283000e+01
3.283000e+01
3.305000e+01
3.305000e+01
3.267000e+01
3.267000e+01
3.253000e+01
3.253000e+01
3.253000e+01
3.301000e+01
3.301000e+01
3.301000e+01
3.301000e+01
3.301000e+01
