0
0
0
0
0
0
0
0
0
0
0
0
0
0
0
0
0
0
0
0
0
0
0
0
0
0
0
0
0
0
0
0
0
0
0
0
0
0
0
0
0
0
0
0
0
0
0
0
0
0
0
0
0
0
0
0
0
0
0
0
0
0
0
0
0
0
0
0
0
0
0
0
0
0
0
0
0
0
0
0
0
0
0
0
0
0
0
0
0
0
0
0
0
0
0
0
0
0
0
0
0
0
0
0
0
0
0
0
0
0
0
0
0
0
0
0
0
0
0
0
0
0
0
0
0
0
0
0
0
0
0
0
0
0
0
0
0
0
0
0
0
0
0
0
0
0
0
0
0
0
0
0
0
0
0
0
0
0
0
0
0
0
0
0
0
0
0
0
0
0
0
0
0
0
0
0
0
0
0
0
0
0
0
0
0
0
0
0
0
0
0
0
0
0
0
0
0
0
0
0
0
0
0
0
0
0
0
0
0
0
0
0
0
0
0
0
0
0
0
0
0
0
0
0
0
0
0
0
0
0
0
0
0
0
0
0
0
0
0
0
0
0
0
0
0
0
0
0
0
0
0
0
0
0
0
0
0
0
0
0
0
0
0
0
0
0
0
0
0
0
0
0
0
0
0
0
0
0
0
0
0
0
0
0
0
0
0
0
0
0
0
0
0
0
0
0
0
0
0
0
0
0
0
0
0
0
0
0
0
0
0
0
0
0
0
0
0
0
0
0
0
0
0
0
0
0
0
0
0
0
0
0
0
0
0
0
0
0
0
0
0
0
0
0
0
0
0
0
0
0
0
0
0
0
0
0
0
0
0
0
0
0
0
0
0
0
0
0
0
0
0
0
0
0
0
0
0
0
0
0
0
0
0
0
0
0
0
0
0
0
0
0
0
0
0
0
0
0
0
0
0
0
0
0
0
0
0
0
0
0
0
0
0
0
0
0
0
0
0
0
0
0
0
0
0
0
0
0
0
0
0
0
0
0
0
0
0
0
0
0
0
0
0
0
0
0
0
0
0
0
0
0
0
0
0
0
0
0
0
0
0
0
0
0
0
0
0
0
0
0
0
0
0
0
0
0
0
0
0
0
0
0
0
0
0
0
0
0
0
0
0
0
0
0
0
0
0
0
0
0
0
0
0
0
0
0
0
0
0
0
0
0
0
0
0
0
0
0
0
0
0
0
0
0
0
0
0
0
0
0
0
0
0
0
0
0
0
0
0
0
0
0
0
0
0
0
0
0
0
0
0
0
0
0
0
0
0
0
0
0
0
0
0
0
0
0
0
0
0
0
0
0
0
0
0
0
0
0
0
0
0
0
0
0
0
0
0
0
0
0
0
0
0
0
0
0
0
0
0
0
0
0
0
0
0
0
0
0
0
0
0
0
0
0
0
0
0
0
0
0
0
0
0
0
0
0
0
0
0
0
0
0
0
0
0
0
0
0
0
0
0
0
0
0
0
0
0
0
0
0
0
0
0
0
0
0
0
0
0
0
0
0
0
0
0
0
0
0
0
0
0
0
0
0
0
0
0
0
0
0
0
0
0
0
0
0
0
0
0
724
639
639
765
765
701
679
724
776
701
687
617
724
836
863
749
776
776
724
749
836
876
855
805
787
769
836
840
945
863
1087
1087
1087
1055
1102
1177
1191
1252
1220
1235
834
990
1242
1312
1314
1321
1308
1322
1314
1320
1320
1403
1395
1395
1391
1394
1395
1464
1444
1462
1461
1469
1469
1469
1467
1466
1465
1.105610e+03
1465
1466
1462
1463
1455
1457
1461
1458
1528
1531
1531
1521
1521
1517
1517
1422
1425
1422
1421
1426
1419
1420
1420
1422
1421
1410
1414
1419
1419
1418
1420
1419
1420
1424
1423
1425
1422
1513
1511
1581
1585
1586
1583
1619
1618
1618
1619
1620
1620
1620
1620
1706
1699
1697
1698
1703
1695
1722
1736
1743
1748
1741
1742
1745
1745
1745
1745
1742
1744
1818
1819
1819
1856
1857
1853
1858
1945
1940
1928
1923
1940
2014
2006
2015
2012
2008
2001
1990
2015
2055
2056
2062
2059
2052
2092
2085
2120
2119
2122
2121
2193
2194
2178
2226
2225
2219
2219
2259
2255
2263
2258
2268
2265
2348
2395
2478
2529
2556
2548
2548
2618
2590
2670
1919
2716
2767
2876
2876
2931
2876
2926
2787
3003
3017
2995
3015
3033
3032
3013
2937
3024
3017
2920
3007
3009
3009
3009
2991
2978
2993
2986
2972
2991
2979
2871
2489
2712
2624
2252
2252
2780
2780
1945
2257
2257
2371
2642
2701
2327
2358
2547
2478
2584
2388
2197
2590
2590
2590
2754
2629
2137
2511
2433
2433
2366
2302
2327
2336
2316
2301
2101
16
1087
1120
1162
1132
725
1553
1449
1279
1358
1235
1235
1169
1087
1221
1279
1270
1198
1217
1221
1221
1221
1221
1579
1277
1309
1476
1476
1476
1476
1731
1741
1719
1730
1567
1729
1728
1726
1726
1726
1726
1724
1899
1880
1875
1881
1864
1872
1764
1906
1889
1863
1881
1854
1823
1832
1838
1851
1809
1816
1834
1832
1827
1806
1798
1815
1615
1790
1790
1786
1824
1795
1806
1801
1791
1784
1802
1786
1778
1763
1743
1805
1752
1770
1764
1770
1734
1741
1749
1747
1745
1748
1740
1754
1602
1766
2003
1919
1881
1765
1926
1881
1784
1858
1795
1889
1857
1837
1742
1541
1762
1770
1766
1774
1770
1.717780e+03
1.708475e+03
1.699169e+03
1.768000e+01
1820
1869
1761
1761
1761
1842
1741
1754
1724
1724
1724
1724
1885
1877
1803
1799
1870
1870
1870
1823
1859
1890
1896
1884
1884
1884
1950
1950
1950
1950
1960
1960
1960
1960
1940
1940
1989
1895
1895
1895
1895
56
2043
1845
1956
1975
2132
1799
2037
2062
1982
2008
2008
2176
2140
2.039000e+01
2038
2007
2029
2013
1960
2028
2028
1937
1915
1915
1915
1915
2028
1998
1966
1954
2010
2010
2010
2022
1990
2017
2017
1973
1973
1973
1960
1957
2268
2268
1620
1620
1620
1811
1786
2291
2180
2374
2374
2374
1786
2180
1672
1668
1640
1640
1640
1640
1672
1672
1679
1650
1650
1650
1811
1855
1855
1780
1780
1780
1780
1821
1790
1735
1720
1715
1715
1715
1720
1705
1811
1760
1811
1811
1811
1672
1652
1652
1553
1530
1530
1530
1530
1638
1650
1644
1746
1746
1746
1741
1741
1741
1.751000e+01
1783
1783
1783
1719
1719
1722
1870
2377
2377
2377
1867
1811
1811
1811
1811
1811
1811
1683
1719
1574
1521
1588
1588
1588
1588
1585
1710
1700
1694
1694
1694
1647
1635
1668
1668
1625
1625
1625
1634
1600
1610
1610
1563
1563
1563
1476
1476
1476
1476
1438
1438
1438
1422
1471
1456
1435
1431
1431
1431
1414
1422
1434
1434
1434
1434
1434
1391
1391
1391
1460
1427
1427
1427
1427
1416
1415
1415
1425
1425
1425
1339
1375
1375
1375
1375
1375
1375
1375
1375
1375
1375
1375
1375
1375
1.376100e+02
1352
1340
1340
1340
1340
1340
1.274000e+01
1283
1294
1341
1311
1311
1311
1278
1281
1325
1206
1351
1351
1351
1351
1298
1291
1291
1291
1291
1291
1291
1291
1291
1291
1291
1291
1291
1291
1291
1291
1291
1291
1291
1291
1291
1291
1291
1593
1593
1593
1593
1593
1593
1507
1554
1554
1554
1554
1500
1481
1481
1481
1481
1481
1481
1481
1481
1573
1503
1503
1503
1503
1543
1546
1534
1495
1495
1495
1495
1434
1436
1424
1136
1386
1386
1386
1379
1384
1445
1441
1396
1396
1396
1470
1450
1423
1423
1423
1423
1423
1376
1363
1372
1443
1811
1811
1811
1811
1351
1338
1333
1356
1356
1356
1553
1358
1358
1358
1489
1489
1489
1448
1553
1480
1480
1480
1480
1480
1553
1553
1553
1585
1585
1585
1585
1585
1358
1358
1358
1585
1585
1585
1358
1283
1358
1358
1238
1238
1238
1238
1238
1238
1238
1358
1358
1358
1328
1328
1328
1328
1328
1328
1328
1328
1371
1371
1371
1510
1510
1510
1358
1358
1358
1208
1208
1208
1208
1208
1208
1208
1208
1208
1208
1208
1404
1404
1361
1361
1361
1361
1361
1361
1361
1496
1496
1482
1482
1482
1135
1135
1120
1120
1018
1018
1018
1018
1018
1018
1441
1441
1441
1441
1441
1441
1441
1441
1441
1441
1441
1441
1460
1460
1460
1460
1460
1460
1460
1460
1460
1460
1460
1460
1460
1460
1460
1460
1460
1460
1460
1460
1460
1460
1460
1460
1460
1460
1460
1460
1460
1460
1460
1460
1460
1460
1460
1460
1460
1460
1460
1460
1460
1460
1460
1460
1460
1460
1460
1460
1460
1460
1087
1087
1087
1087
1087
1087
1087
1087
1087
1087
1087
1087
1087
1087
1087
1087
1087
1087
1087
1087
1087
1087
1087
1087
1087
1087
1087
1087
1087
1087
1087
1087
1087
1087
1087
1087
1087
1087
1087
1087
1087
1087
1087
1087
1087
1087
1087
1087
1087
1087
1087
1087
1087
1087
1087
1087
1087
1087
1087
1087
1087
1087
1087
1087
1087
1087
1087
1087
1087
1087
1087
1087
1087
1087
1087
1087
1087
1087
1087
1087
1087
1087
1087
1087
1087
1087
1087
1087
1087
1087
1087
1087
1087
1087
1087
1087
1087
1087
1087
1087
1087
1087
1087
1087
1087
1087
1087
1087
1087
1087
1087
1087
1087
1087
1087
1087
1087
776
776
760
760
760
760
760
760
760
760
760
760
760
760
760
760
760
760
760
760
760
906
906
906
906
906
906
906
906
906
906
906
906
906
906
906
906
906
906
906
906
906
906
906
906
906
906
906
906
906
906
906
906
906
906
906
906
906
906
906
906
906
906
906
906
906
906
906
906
906
906
906
906
906
906
906
906
679
679
979
979
976
976
976
976
976
976
976
976
976
976
976
976
976
976
976
976
976
976
976
979
979
979
979
979
979
979
979
979
979
979
979
979
979
979
979
979
979
979
979
979
979
979
979
979
979
979
979
979
979
979
979
979
979
979
979
979
979
979
979
979
979
979
979
979
979
979
979
979
979
979
979
979
979
1208
1208
1208
1208
1208
1208
1208
1208
1208
1208
1208
1208
1208
1208
1208
1208
1208
1208
1208
1208
1208
1208
1208
1208
1208
1208
1208
1208
1208
1208
1208
1208
1208
1208
1208
1208
1208
1208
1208
1208
1208
1208
1208
1208
1208
1208
1208
1208
1208
1208
1208
1208
1208
1208
1208
1208
1208
1208
1208
1208
1208
1208
1208
1208
1208
1208
1208
1208
1208
1208
1208
1208
1208
1208
1208
1208
1208
1208
1208
1208
1208
1208
1208
1208
1208
1208
1208
1208
1208
1208
1208
1208
1208
1208
1208
1208
1208
1208
1208
1208
1208
1208
1208
1208
1208
1208
1208
1208
1208
1208
1208
1208
1208
1208
1208
1208
1208
1208
1208
1208
1208
1208
1208
1208
1208
1208
1208
1208
1208
1208
1208
1208
1208
1208
1208
1647
1647
1647
1647
1647
1411
1411
1430
1430
1430
1430
1430
1430
1430
1430
1430
1430
1430
1430
1430
1430
1430
1430
1430
1430
1430
1430
1430
1430
1430
1430
1430
1430
988
988
988
988
988
988
988
988
988
988
988
988
988
988
988
988
988
988
988
988
988
988
988
988
1449
1449
1449
1449
1449
1449
1449
1449
1449
1449
1449
1449
1449
1449
1449
1449
1449
1449
1449
1449
1449
1449
1449
1449
1449
1449
1449
1449
1449
1449
1449
1449
1430
1430
1421
1421
1490
1490
1490
1490
1490
1575
1575
1598
1598
1598
1647
1647
1647
1647
1647
1647
1647
1647
1647
1650
1650
1650
1650
1650
1650
1650
1553
1553
1553
1553
1553
1553
1553
1560
1560
1560
1560
1560
1560
1560
1598
1598
1598
1598
1598
1598
1598
1598
1598
1575
1575
1575
1575
1575
1575
1575
1575
1575
1575
1575
1575
1575
1575
1575
1575
1575
1575
1575
1575
1575
1575
1575
1575
1575
1575
1575
1575
1575
1575
1575
1575
1575
1575
1575
1575
1575
1575
1575
1575
1575
1575
1575
1575
1575
1575
1575
1575
1575
1575
1575
1575
1575
1575
1575
1575
1575
1575
1575
1575
1575
1575
1575
1575
1575
1575
1575
1575
1575
1575
1575
1575
1575
1575
1575
1575
1575
1575
1575
1575
1575
1575
1575
1575
1575
1575
1575
1575
1575
1575
1575
1575
1575
1575
1575
1575
1575
1575
1575
1575
1575
1575
1575
1575
1575
1575
1575
1575
1575
1575
1575
1575
1575
1575
1575
1575
1575
1575
1575
1575
1575
1575
1575
1575
1575
1575
1575
1575
1575
1575
1575
1575
1575
1575
1575
1575
1575
1575
1575
1575
1575
1575
1575
1575
1575
1575
1575
1575
1575
1575
1575
1575
1575
1575
1575
1575
1575
1575
1575
1575
1575
1575
1575
1575
1575
1575
1575
1575
1575
1575
1575
1575
1575
1575
1575
1575
1575
1575
1575
1575
1575
1575
1575
1575
1575
1575
1575
1575
1575
1575
1575
1575
1575
1575
1575
1575
1575
1575
1575
1575
1575
1575
1575
1575
1575
1575
1575
1575
1575
1575
1575
1575
1575
1575
1575
1575
1575
1575
1575
1575
1575
1575
1575
1575
1575
1575
1575
1575
1575
1575
1575
1575
1575
1575
1575
1575
1575
1575
1575
1575
1575
1575
1575
1575
1575
1575
1575
1575
1575
1575
1575
1575
1575
1575
1575
1575
1575
1575
1575
1575
1575
1575
1575
1575
1575
1575
1575
1575
1575
1575
1575
1575
1575
1575
1575
1575
1575
1575
1575
1575
1575
1575
1575
1575
1575
1575
1575
1575
1575
1575
1575
1575
1575
1575
1575
1575
1575
1575
1575
1575
1575
1575
1575
1575
1575
1575
1575
1575
1575
1575
1575
1575
1575
1575
1575
1575
1575
1575
1575
1575
1575
1575
1575
1575
1575
1575
1575
1575
1575
1575
1575
1575
1575
1575
1575
1575
1575
1575
1575
1575
1575
1575
1575
1575
1575
1575
1575
1575
1575
1575
1575
1575
1575
1575
1575
1575
1575
1575
1575
1575
1575
1575
1575
1575
1575
1575
1575
1575
1575
1575
1575
1575
1575
1575
1575
1575
1575
1575
1575
1575
1575
1575
1575
1575
1575
1575
1575
1575
1575
1575
1575
1575
1575
1575
1575
1575
1575
1575
1575
1575
1575
1575
1575
1575
1575
1575
1575
1575
1575
1575
1575
1575
1575
1575
1575
1575
1575
1575
1575
1575
1575
1575
1575
1575
1575
1575
1575
1575
1575
1575
1575
1575
1575
1575
1575
1575
1575
1575
1575
1575
1575
1575
1575
1575
1575
1575
1575
1575
1575
1575
1575
1575
1575
1575
1575
1575
1575
1575
1575
1575
1575
1575
1575
1575
1575
1575
1575
1575
1575
1575
1575
1575
1575
1575
1575
1575
1575
1575
1575
1575
1575
1575
1575
1575
1575
1575
1575
1575
1575
1575
1575
1575
1575
1575
1575
1575
1575
1575
1575
1575
1575
1575
1575
1575
1575
1575
1575
1575
1575
1575
1575
1575
1575
1575
1575
1575
1575
1575
1575
1575
1575
1575
1575
1575
1575
1575
1575
1575
1575
1575
1575
1575
1575
1575
1575
1575
1575
1575
1575
1575
1575
1575
1575
1575
1575
1575
1575
1575
1575
1575
1575
1575
1575
1575
1575
1575
1575
1575
1575
1575
1575
1575
1575
1575
1575
1575
1575
1575
1575
1575
1575
1575
1575
1575
1575
1575
1575
1575
1575
1575
1575
1575
1575
1575
1575
1575
1575
1575
1575
1575
1575
1575
1575
1575
1575
1575
1575
1575
1575
1575
1575
1575
1575
1575
1575
1575
1575
1575
1575
1575
1575
1575
1575
1575
1575
1575
1575
1575
1575
1575
1575
1575
1575
1575
1575
1575
1575
1575
1575
1575
1575
1575
1575
1575
1575
1575
1575
1575
1575
1575
1575
1575
1575
1575
1575
1575
1575
1575
1575
1575
1575
1575
1575
1575
1575
1575
1575
1575
1575
1575
1575
1575
1575
1575
1575
1575
1575
1575
1575
1575
1575
1575
1575
1575
1575
1575
1575
1575
1575
1575
1575
1575
1575
1575
1575
1575
1575
1575
1575
1575
1575
1575
1575
1575
1575
1575
1575
1575
1575
1575
1575
