0
0
0
0
0
0
0
0
0
0
0
0
0
0
0
0
0
0
0
0
0
0
0
0
0
0
0
0
0
0
0
0
0
0
0
0
0
0
0
0
0
0
0
0
0
0
0
0
0
0
0
0
0
0
0
0
0
0
0
0
0
0
0
0
0
0
0
0
0
0
0
0
0
0
0
0
0
0
0
0
0
0
0
0
0
0
0
0
0
0
0
0
0
0
0
0
0
0
0
0
0
0
0
0
0
0
0
0
0
0
0
0
0
0
0
0
0
0
0
0
0
0
0
0
0
0
0
0
0
0
0
0
0
0
0
0
0
0
0
0
0
0
0
0
0
0
0
0
0
0
0
0
0
0
0
0
0
0
0
0
0
0
0
0
0
0
0
0
0
0
0
0
0
0
0
0
0
0
0
0
0
0
0
0
0
0
0
0
0
0
0
0
0
0
0
0
0
0
0
0
0
0
0
0
0
0
0
0
0
0
0
0
0
0
0
0
0
0
0
0
0
0
0
0
0
0
0
0
0
0
0
0
0
0
0
0
0
0
0
0
0
0
0
0
0
0
0
0
0
0
0
0
0
0
0
0
0
0
0
0
0
0
0
0
0
0
0
0
0
0
0
0
0
0
0
0
0
0
0
0
0
0
0
0
0
0
0
0
0
0
0
0
0
0
0
0
0
0
0
0
0
0
0
0
0
0
0
0
0
0
0
0
0
0
0
0
0
0
0
0
0
0
0
0
0
0
0
0
0
0
0
0
0
0
0
0
0
0
0
0
0
0
0
0
0
0
0
0
0
0
0
0
0
0
0
0
0
0
0
0
0
0
0
0
0
0
0
0
0
0
0
0
0
0
0
0
0
0
0
0
0
0
0
0
0
0
0
0
0
0
0
0
0
0
0
0
0
0
0
0
0
0
0
0
0
0
0
0
0
0
0
0
0
0
0
0
0
0
0
0
0
0
0
0
0
0
0
0
0
0
0
0
0
0
0
0
0
0
0
0
0
0
0
0
0
0
0
0
0
0
0
0
0
0
0
0
0
0
0
0
0
0
0
0
0
0
0
0
0
0
0
0
0
0
0
0
0
0
0
0
0
0
0
0
0
0
0
0
0
0
0
0
0
0
0
0
0
0
0
0
0
0
0
0
0
0
0
0
0
0
0
0
0
0
0
0
0
0
0
0
0
0
0
0
0
0
0
0
0
0
0
0
0
0
0
0
0
0
0
0
0
0
0
0
0
0
0
0
0
0
0
0
0
0
0
0
0
0
0
0
0
0
0
0
0
0
0
0
0
0
0
0
0
0
0
0
0
0
0
0
0
0
0
0
0
0
0
0
0
0
0
0
0
0
0
0
0
0
0
0
0
0
0
0
0
0
0
0
0
0
0
0
0
0
0
0
0
0
0
0
0
0
0
0
0
0
0
0
0
0
0
0
0
0
0
0
0
0
0
0
0
0
0
0
0
0
0
0
0
0
0
0
0
0
0
0
0
0
0
0
0
0
0
0
0
0
0
0
0
0
0
0
0
0
0
0
0
0
0
0
0
0
0
0
0
0
0
0
0
0
0
0
0
0
0
0
0
0
0
0
0
0
0
0
0
0
0
0
0
0
0
0
0
0
0
0
0
0
0
0
0
0
0
0
0
0
0
0
0
0
0
0
0
0
0
0
0
0
0
0
0
0
0
0
0
0
0
0
0
0
0
0
0
0
0
0
0
0
0
0
0
0
7.203000e+01
4.136000e+01
4.136000e+01
4.095000e+01
4.178000e+01
3.242000e+01
0
3.216000e+01
4.095000e+01
4.095000e+01
4.908000e+01
5.921000e+01
4.145000e+01
0
5.863000e+01
4.218000e+01
2.470000e+00
2.860000e+00
8.400000e-01
2.600000e-01
2.000000e-01
3.200000e-01
2.900000e-01
2.300000e-01
3.000000e-01
3.700000e-01
4.500000e-01
5.800000e-01
0
1.210000e+00
1.410000e+00
1.520000e+00
2.020000e+00
2.380000e+00
2.560000e+00
2.670000e+00
2.790000e+00
2.876000e+00
3.340000e+00
3.430000e+00
3.440000e+00
3.730000e+00
3.830000e+00
4.010000e+00
4.010000e+00
4.240000e+00
4.250000e+00
4.280000e+00
4.390000e+00
4.440000e+00
4.570000e+00
4.420000e+00
4.580000e+00
4.968000e+00
4.990000e+00
5.050000e+00
5.240000e+00
3.370000e+00
4.020000e+00
4.340000e+00
4.340000e+00
4.310000e+00
4.860000e+00
4.860000e+00
5.100000e+00
5.340000e+00
5.730000e+00
5.820000e+00
7.070000e+00
8.640000e+00
9.860000e+00
1.075000e+01
1.109000e+01
1.154000e+01
1.223000e+01
1.365000e+01
1.455000e+01
1.593000e+01
1.898000e+01
2.278000e+01
2.542000e+01
2.725000e+01
2.961000e+01
3.074000e+01
3.182000e+01
3.303000e+01
3.506000e+01
3.590000e+01
4.035000e+01
4.609000e+01
4.410000e+01
4.959000e+01
5.319000e+01
5.615000e+01
5.705000e+01
6.040000e+01
6.355000e+01
6.257000e+01
7.591000e+01
7.804000e+01
7.765000e+01
8.362000e+01
8.890000e+01
9.282000e+01
9.247000e+01
9.121000e+01
9.167000e+01
9.870000e+01
9.958000e+01
1.045500e+02
1.087200e+02
1.114400e+02
1.152700e+02
2.122000e+01
8.470000e+00
5.395000e+01
1.503000e+01
1.075000e+01
3.624000e+01
6.208000e+01
8.026000e+01
1.051200e+02
8.428000e+01
7.813000e+01
8.017000e+01
1.680600e+02
1.816100e+02
2.012100e+02
2.102200e+02
2.112100e+02
2.175400e+02
2.120500e+02
2.192200e+02
2.235700e+02
2.181300e+02
2.377800e+02
2.393700e+02
2.397000e+02
2.570300e+02
2.684100e+02
2.684100e+02
2.684100e+02
2.778600e+02
2.767700e+02
2.812000e+02
2.754600e+02
2.845300e+02
2.974300e+02
3.043600e+02
3.003100e+02
3.104800e+02
3.201300e+02
3.194800e+02
2.979300e+02
2.979300e+02
3.275900e+02
3.362600e+02
3.358700e+02
3.369500e+02
3.369500e+02
3.479800e+02
3.470500e+02
3.560700e+02
3.468100e+02
3.490200e+02
3.490300e+02
3.521000e+02
3.588800e+02
3.581700e+02
3.729200e+02
3.789700e+02
3.789700e+02
3.789700e+02
4.090800e+02
4.101500e+02
4.091500e+02
4.001800e+02
3.945700e+02
3.945700e+02
3.942100e+02
3.817100e+02
3.874600e+02
3.948700e+02
4.029000e+02
4.293100e+02
4.457500e+02
4.408100e+02
4.259700e+02
4.157000e+02
4.142100e+02
4.122100e+02
4.126900e+02
4.049800e+02
3.985200e+02
3.983500e+02
4.072300e+02
4.002200e+02
3.953300e+02
3.986800e+02
4.005300e+02
3.953300e+02
3.977900e+02
4.023600e+02
4.010300e+02
4.056700e+02
4.085000e+02
4.117900e+02
4.153000e+02
4.165400e+02
4.477100e+02
4.429600e+02
4.535800e+02
4.566800e+02
4.566800e+02
4.566800e+02
4.566800e+02
5.094500e+02
4.382300e+02
4.100700e+02
4.378500e+02
4.561100e+02
4.618600e+02
4.671800e+02
4.796300e+02
4.891700e+02
4.786800e+02
4.925800e+02
4.924900e+02
4.970200e+02
2.970500e+02
4.957300e+02
5.070400e+02
5.147700e+02
5.038600e+02
5.213100e+02
5.250600e+02
5.257100e+02
5.235800e+02
5.362300e+02
5.532800e+02
5.474800e+02
5.443000e+02
5.459200e+02
5.749100e+02
5.732600e+02
5.521400e+02
5.582500e+02
5.638000e+02
5.666300e+02
5.674800e+02
5.662300e+02
5.731000e+02
1.723900e+02
8.408000e+01
7.503000e+01
7.120000e+01
7.805000e+02
6.227900e+02
5.294400e+02
5.283300e+02
5.552300e+02
5.794900e+02
5.889300e+02
5.994400e+02
6.091100e+02
6.123500e+02
6.179700e+02
6.228600e+02
6.223900e+02
6.251700e+02
6.201900e+02
6.145500e+02
6.167100e+02
6.175100e+02
6.262000e+02
6.371200e+02
6.358800e+02
6.379900e+02
6.330100e+02
6.364300e+02
6.418200e+02
6.433000e+02
6.465800e+02
6.466500e+02
6.495100e+02
6.465300e+02
6.476800e+02
6.465800e+02
6.418200e+02
6.659400e+02
6.664200e+02
6.658300e+02
6.631400e+02
6.618700e+02
6.626300e+02
6.601900e+02
6.555900e+02
6.334600e+02
6.655200e+02
6.632800e+02
6.692100e+02
6.699977e+02
6.715008e+02
6.961100e+02
7.035200e+02
7.017900e+02
7.023300e+02
7.038900e+02
7.038900e+02
7.038900e+02
6.877100e+02
6.905600e+02
6.941900e+02
6.930500e+02
6.917000e+02
6.917000e+02
6.917000e+02
7.128100e+02
7.111000e+02
7.011700e+02
7.011900e+02
7.000100e+02
7.000100e+02
7.000100e+02
7.026700e+02
7.016600e+02
7.083400e+02
7.269400e+02
7.274900e+02
7.274900e+02
7.274900e+02
7.235600e+02
7.235600e+02
7.235600e+02
7.325900e+02
7.312500e+02
7.312500e+02
7.312500e+02
7.312500e+02
7.332600e+02
7.339600e+02
7.441800e+02
7.408800e+02
7.408800e+02
7.408800e+02
7.394700e+02
7.390400e+02
7.405900e+02
7.472100e+02
7.196600e+02
7.459600e+02
7.580900e+02
7.603200e+02
7.559200e+02
7.508600e+02
7.544700e+02
7.585000e+02
7.631500e+02
7.563200e+02
7.575100e+02
7.625600e+02
7.594500e+02
7.595100e+02
6.044900e+02
8.344300e+02
8.816300e+02
8.403500e+02
8.403500e+02
8.509000e+02
8.317100e+02
8.206400e+02
8.206400e+02
8.206400e+02
8.053100e+02
8.031200e+02
8.011800e+02
8.008200e+02
7.972700e+02
7.972700e+02
7.972700e+02
7.946000e+02
7.972100e+02
7.918800e+02
7.918800e+02
7.896500e+02
7.896500e+02
7.896500e+02
7.925500e+02
7.880600e+02
7.974800e+02
7.998200e+02
7.974000e+02
7.974000e+02
7.974000e+02
8.141900e+02
8.211600e+02
819
8.204200e+02
8.245000e+02
8.245000e+02
8.245000e+02
8.910500e+02
9.239400e+02
8.860100e+02
8.704600e+02
8.671300e+02
8.671300e+02
8.671300e+02
8.633800e+02
8.607300e+02
8.582700e+02
8.589200e+02
8.625900e+02
8.625900e+02
8.625900e+02
8.726000e+02
8.894700e+02
8.894700e+02
8.820700e+02
8.809000e+02
8.809000e+02
8.809000e+02
8.761200e+02
8.772700e+02
8.987000e+02
2.918300e+02
9.138400e+02
9.138400e+02
9.138400e+02
8.897800e+02
8.892100e+02
8.828800e+02
8.969400e+02
8.985600e+02
8.985600e+02
8.985600e+02
9.048000e+02
9.038900e+02
6.610000e+01
2.095300e+02
1.780300e+02
1.780300e+02
1.780300e+02
1.780300e+02
1.005310e+03
4.973500e+02
1.575000e+02
159
159
159
1059
9.443400e+02
8.975700e+02
9.040600e+02
9.004600e+02
9.004600e+02
9.004600e+02
9.382000e+02
9.382000e+02
9.427400e+02
9.502800e+02
9.464200e+02
9.464200e+02
9.464200e+02
9.380800e+02
9.397700e+02
9.397700e+02
9.397700e+02
9.397700e+02
9.397700e+02
9.397700e+02
9.537200e+02
9.516400e+02
9.435800e+02
9.583100e+02
9.517700e+02
9.517700e+02
9.517700e+02
9.517700e+02
9.489700e+02
9.408200e+02
946
9.474000e+02
9.474000e+02
9.474000e+02
9.539800e+02
1.007370e+03
9.995400e+02
9.995400e+02
9.850100e+02
9.850100e+02
9.850100e+02
9.855200e+02
9.779600e+02
9.816700e+02
9.816700e+02
9.972800e+02
9.972800e+02
9.972800e+02
9.992500e+02
9.992500e+02
9.992500e+02
9.992500e+02
9.870300e+02
9.870300e+02
9.870300e+02
9.946100e+02
9.914300e+02
9.870700e+02
9.898700e+02
9.998300e+02
9.998300e+02
9.998300e+02
9.947000e+02
9.947200e+02
9.901300e+02
9.901300e+02
9.901300e+02
9.901300e+02
9.901300e+02
9.898000e+02
9.898000e+02
9.898000e+02
9.916800e+02
9.893400e+02
9.893400e+02
9.893400e+02
9.893400e+02
9.998200e+02
9.998800e+02
9.998800e+02
1.000890e+03
1.000890e+03
1.000890e+03
9.985800e+02
1.003100e+03
1.008700e+03
1.008700e+03
1.008700e+03
1.008700e+03
1.008700e+03
1.008700e+03
1.008700e+03
1.008700e+03
1.008700e+03
1.008700e+03
1.008700e+03
1.008700e+03
1.314020e+03
8.794000e+02
2.708100e+02
2.708100e+02
2.708100e+02
2.708100e+02
2.708100e+02
2.708100e+02
278
2.979000e+02
105
1072
1072
1072
773
912
264
2.831000e+02
1.245830e+03
1.245830e+03
1.245830e+03
1.245830e+03
97
9.699000e+01
9.640000e+01
96
96
96
96
0
0
0
0
0
0
0
0
0
0
0
0
0
2.132800e+02
1.693400e+02
1.325600e+02
1.455500e+02
1.455500e+02
1.455500e+02
1.455500e+02
1.455500e+02
1.455500e+02
1.594400e+02
1.586600e+02
1.586600e+02
1.586600e+02
1.586600e+02
1.471500e+02
1.479200e+02
1.479200e+02
1.479200e+02
1.479200e+02
1.479200e+02
1.479200e+02
1.479200e+02
1.479200e+02
9.227000e+01
9.155000e+01
9.155000e+01
9.155000e+01
9.155000e+01
9.057000e+01
9.065000e+01
9.195000e+01
92
92
92
92
92
9.350000e+01
9.282000e+01
9.296000e+01
9.396000e+01
9.396000e+01
9.396000e+01
9.531000e+01
9.433000e+01
9.393000e+01
9.367000e+01
9.395000e+01
9.395000e+01
9.395000e+01
9.385000e+01
9.348000e+01
9.348000e+01
9.348000e+01
9.348000e+01
9.348000e+01
9.348000e+01
9.348000e+01
9.348000e+01
9.348000e+01
9.348000e+01
0
0
0
0
0
0
0
0
0
0
0
0
0
0
0
0
0
0
0
0
0
0
0
0
0
0
0
0
0
0
0
0
0
0
0
1.442700e+02
1.442700e+02
1.442700e+02
1.425780e+03
1.167210e+03
1.056710e+03
1.014400e+03
9.692700e+02
9.692700e+02
9.692700e+02
8.554400e+02
8.308400e+02
8.308400e+02
8.308400e+02
7.928300e+02
7.928300e+02
7.928300e+02
7.910900e+02
7.701500e+02
7.704400e+02
7.858200e+02
7.708500e+02
7.708500e+02
7.708500e+02
8.558500e+02
8.558500e+02
8.695900e+02
8.837000e+02
8.938900e+02
8.938900e+02
8.938900e+02
9.377500e+02
9.376000e+02
9.376000e+02
8.754000e+02
9.713500e+02
9.713500e+02
9.713500e+02
9.127000e+02
9.127000e+02
9.432200e+02
9.721000e+02
9.911500e+02
9.911500e+02
9.911500e+02
9.983200e+02
1.011180e+03
1.021380e+03
1021
1.015650e+03
1.015650e+03
1.015650e+03
1.017400e+03
1.032850e+03
1.042550e+03
1.059780e+03
1.040430e+03
1.040430e+03
1.040430e+03
1.054440e+03
1.051790e+03
1.054460e+03
1.049510e+03
1.050010e+03
1.050010e+03
1.050010e+03
1.063840e+03
1.073890e+03
1.079330e+03
1.082220e+03
1.086470e+03
1.086470e+03
1.086470e+03
9.621400e+02
1.078110e+03
3.869600e+02
3.869600e+02
3.869600e+02
3.869600e+02
3.869600e+02
1.094740e+03
1.091690e+03
1.094760e+03
1.092950e+03
1.090330e+03
1.090330e+03
1.090330e+03
1.122790e+03
1.120570e+03
1.118140e+03
1.160220e+03
1.167240e+03
1.167240e+03
1.167240e+03
1.159300e+03
1.011720e+03
1.135630e+03
1.196870e+03
1.170100e+03
1.170100e+03
1.170100e+03
1.146800e+03
1.146800e+03
1.146800e+03
1.149640e+03
1.151590e+03
1.151590e+03
1.151590e+03
1.156280e+03
1.156280e+03
1.161550e+03
1.161550e+03
1.021850e+03
1.021850e+03
1.021850e+03
1.226520e+03
1.226520e+03
1.212900e+03
1.212900e+03
1.206750e+03
1.206750e+03
1.206750e+03
1.212270e+03
1.212270e+03
1.212270e+03
1.212270e+03
1.209650e+03
1.209650e+03
1.209650e+03
1.237630e+03
1.237630e+03
1.237270e+03
1.237270e+03
1.245180e+03
1.245180e+03
1.245180e+03
1.266340e+03
1.266340e+03
1.266340e+03
1.266340e+03
1.256230e+03
1.256230e+03
1.256230e+03
1.254390e+03
1.254390e+03
1.264160e+03
1.264160e+03
1.264160e+03
1.264160e+03
1.264160e+03
1.282570e+03
1.282570e+03
1.289890e+03
1.289890e+03
1.285490e+03
1.285490e+03
1.285490e+03
1.285490e+03
1.285490e+03
1.301850e+03
1.301850e+03
1.298860e+03
1.298860e+03
1.298860e+03
1.322150e+03
1.322150e+03
1.332090e+03
1.332090e+03
1.315860e+03
1.315860e+03
1.315860e+03
1.317530e+03
1.317530e+03
1.317680e+03
1.317680e+03
1.321570e+03
1.321570e+03
1.321570e+03
1.333340e+03
1.333340e+03
1.336730e+03
1.336730e+03
1.366400e+03
1.366400e+03
1.366400e+03
1.371830e+03
1.371830e+03
1.365740e+03
1.365740e+03
1.375740e+03
1.375740e+03
1.375740e+03
1.379460e+03
1.379460e+03
1.378060e+03
1.378060e+03
1.378060e+03
1.378060e+03
1.378060e+03
1.407710e+03
1.407710e+03
1.408320e+03
1.408320e+03
1.408320e+03
1.408320e+03
1.408320e+03
1.214350e+03
1.214350e+03
1.214350e+03
1.214350e+03
1.460460e+03
1.460460e+03
1.460460e+03
1.460460e+03
1.460460e+03
1.409560e+03
1.409560e+03
1.409560e+03
1.409560e+03
1.409560e+03
1.409560e+03
1.409560e+03
1.236750e+03
1.236750e+03
1.236750e+03
1.236750e+03
1.236750e+03
1.600370e+03
1.600370e+03
1.541150e+03
1.541150e+03
1.515180e+03
1.515180e+03
1.515180e+03
1.506520e+03
1.506520e+03
1.505850e+03
1.505850e+03
1.505820e+03
1.505820e+03
1.505820e+03
1.499100e+03
1.499100e+03
1.501350e+03
1.501350e+03
1.501350e+03
1.501350e+03
1.501350e+03
1.510610e+03
1.510610e+03
1.508750e+03
1.508750e+03
1.506280e+03
1.506280e+03
1.506280e+03
1.506280e+03
1.506280e+03
1.506280e+03
1.506280e+03
1.501980e+03
1.501980e+03
1.501980e+03
1.499280e+03
1.499280e+03
1.500230e+03
1.500230e+03
1.502120e+03
1.502120e+03
1.502120e+03
1.518940e+03
1.518940e+03
1.518940e+03
1.518940e+03
1486
1486
1486
1.505350e+03
1.505350e+03
1.510560e+03
1.510560e+03
1.511640e+03
1.511640e+03
1.511640e+03
1.511640e+03
1.511640e+03
1.511640e+03
1.511640e+03
1.511640e+03
1.511640e+03
1.511640e+03
1.511640e+03
1.511640e+03
1.511640e+03
1.511640e+03
1.508610e+03
1.508610e+03
1.508610e+03
1.520340e+03
1.520340e+03
1.522750e+03
1.522750e+03
1.539570e+03
1.539570e+03
1.539570e+03
1.539570e+03
1.539570e+03
1.537380e+03
1.537380e+03
1.542550e+03
1.542550e+03
1.542550e+03
1.542550e+03
1.542550e+03
1.542550e+03
1.542550e+03
1.542550e+03
1.542550e+03
1.542550e+03
1.542550e+03
1.542550e+03
1.503670e+03
1.503670e+03
1.522520e+03
1.522520e+03
1.522520e+03
1.522760e+03
1.522760e+03
1.523550e+03
1.523550e+03
1.519360e+03
1.519360e+03
1.519360e+03
1527
1527
1.528780e+03
1.528780e+03
1.528780e+03
1.528780e+03
1.528780e+03
1.551080e+03
1.551080e+03
1.548030e+03
1.548030e+03
1.561190e+03
1.561190e+03
1.561190e+03
1.565930e+03
1.565930e+03
1.541470e+03
1.541470e+03
1.541470e+03
1.541470e+03
1.541470e+03
1.603380e+03
1.603380e+03
1.553860e+03
1.553860e+03
1.611020e+03
1.611020e+03
1.611020e+03
1.611020e+03
1.611020e+03
1.633250e+03
1.633250e+03
1.636020e+03
1.636020e+03
1.636020e+03
1.637340e+03
1.637340e+03
1.637340e+03
1.637340e+03
1.637340e+03
1.637340e+03
1.637340e+03
1.637340e+03
1.637340e+03
1.663930e+03
1.663930e+03
1.663930e+03
1.663930e+03
1.663930e+03
1.683140e+03
1.683140e+03
1.684180e+03
1.684180e+03
1.718930e+03
1.718930e+03
1.718930e+03
1.718930e+03
1.718930e+03
1.718930e+03
1.718930e+03
1.718930e+03
1.718930e+03
1.718930e+03
1.723600e+03
1.723600e+03
1.723600e+03
1.766850e+03
1.776610e+03
1.776610e+03
1.776610e+03
1.776610e+03
1.776610e+03
1.816660e+03
1.816660e+03
1.816660e+03
1.816660e+03
1.816660e+03
1.816660e+03
1.816660e+03
1.816660e+03
1.816660e+03
1.847490e+03
1.847490e+03
1.847490e+03
1.847490e+03
1.847490e+03
1.847490e+03
1.847490e+03
1.824990e+03
1.824990e+03
1.824990e+03
1.807090e+03
1.807090e+03
1.807090e+03
1.807090e+03
1.790430e+03
1.790430e+03
1.790430e+03
1.790430e+03
1.790430e+03
1.790430e+03
1.790430e+03
1.790430e+03
1.790430e+03
1.790430e+03
1.790430e+03
1.790430e+03
1.790430e+03
1.790430e+03
1.790430e+03
1.790430e+03
1.790430e+03
1.790430e+03
1.790430e+03
1.790430e+03
1.790430e+03
1.771060e+03
1.771060e+03
1.771060e+03
1.771060e+03
1.771060e+03
1.771060e+03
1.771060e+03
1.771060e+03
1.771060e+03
1.771060e+03
1.771060e+03
1.771060e+03
1.771060e+03
1.761670e+03
1.757340e+03
1.757340e+03
1.757340e+03
1.746810e+03
1.746810e+03
1.746810e+03
1.746810e+03
1.745990e+03
1.745990e+03
1.745990e+03
1.745990e+03
1.745990e+03
1.745510e+03
1.745510e+03
1.745510e+03
1.745510e+03
1.745510e+03
1.745510e+03
1.745510e+03
1.736470e+03
1.736470e+03
1.735120e+03
1.735120e+03
1.735120e+03
1.735120e+03
1.735120e+03
1.732490e+03
1.732490e+03
1.726970e+03
1.726970e+03
1.726970e+03
1.727110e+03
1.727110e+03
1.729660e+03
1.729660e+03
1.735580e+03
1.735580e+03
1.735580e+03
1.732090e+03
1.732090e+03
1.732090e+03
1.732090e+03
1.732090e+03
1.732090e+03
1.732090e+03
1.730400e+03
1.730400e+03
1.726870e+03
1.726870e+03
1.726870e+03
1.726870e+03
1.726870e+03
1.726870e+03
1.726870e+03
1.729450e+03
1.729450e+03
1.727270e+03
1.727270e+03
1.727270e+03
1.730390e+03
1.730390e+03
1.731400e+03
1.731400e+03
1.731400e+03
1.731400e+03
1.731400e+03
1.731400e+03
1.731400e+03
1.706980e+03
1.706980e+03
1.705140e+03
1.705140e+03
1.705140e+03
1.707260e+03
1.707260e+03
1.703740e+03
1.703740e+03
1701
1701
1701
1701
1701
1.442150e+03
1.442150e+03
1.401220e+03
1.401220e+03
1.401220e+03
1.401220e+03
1.401220e+03
1.327140e+03
1.327140e+03
1.362250e+03
1.362250e+03
1.362250e+03
1.416290e+03
1.416290e+03
1.428010e+03
1.428010e+03
1.428010e+03
1.428010e+03
1.428010e+03
1.428010e+03
1.428010e+03
1.490170e+03
1.490170e+03
1.473150e+03
1.473150e+03
1.473150e+03
1.473150e+03
1.473150e+03
1.448340e+03
1.448340e+03
1.448340e+03
1.448340e+03
1.448340e+03
1.448340e+03
1.448340e+03
1.448340e+03
1.448340e+03
1.448340e+03
1.448340e+03
1.448340e+03
1.448340e+03
1.448340e+03
1.448340e+03
1.448340e+03
1.448340e+03
1.448340e+03
1.448340e+03
1.448340e+03
1.448340e+03
1.450510e+03
1.450510e+03
1.450510e+03
1.450510e+03
1.450510e+03
1.450510e+03
1.450510e+03
1.450510e+03
1.450510e+03
1.450510e+03
1.450510e+03
1.450510e+03
1.450510e+03
1.400060e+03
1.400060e+03
1.400060e+03
1.400060e+03
1.400060e+03
1.400060e+03
1.400060e+03
1.400060e+03
1.346840e+03
1.346840e+03
1.346840e+03
1.346840e+03
1.346840e+03
1.351710e+03
1.351710e+03
1.373900e+03
1.373900e+03
7.428300e+02
7.428300e+02
7.428300e+02
7.428300e+02
7.428300e+02
6.065300e+02
6.065300e+02
7.117500e+02
7.117500e+02
7.117500e+02
8.583200e+02
8.583200e+02
1.617130e+03
1.617130e+03
1.951950e+03
1.951950e+03
1.951950e+03
1.951950e+03
1.951950e+03
1.730350e+03
1.730350e+03
1.712450e+03
1.712450e+03
1.712450e+03
1.722730e+03
1.722730e+03
1.713500e+03
1.713500e+03
1.713500e+03
1.713500e+03
1.713500e+03
1.643100e+03
1.643100e+03
1.629560e+03
1.629560e+03
1.621010e+03
1.621010e+03
1.621010e+03
1.599220e+03
1.599220e+03
1.598780e+03
1.598780e+03
1597
1597
1597
1597
1597
1.563080e+03
1.563080e+03
1.563080e+03
1.563080e+03
1.563080e+03
1.529630e+03
1.529630e+03
1.446930e+03
1.446930e+03
1.446930e+03
1.446930e+03
1.446930e+03
1.446930e+03
1.446930e+03
1.266050e+03
1.266050e+03
1.253770e+03
1.253770e+03
1.253770e+03
1.248720e+03
1.248720e+03
1.240310e+03
1.240310e+03
1.236030e+03
1.236030e+03
1.236030e+03
1.236030e+03
1.236030e+03
1.258820e+03
1.275200e+03
1.275200e+03
1.275200e+03
1.275200e+03
1.280530e+03
1.280530e+03
1.276190e+03
1.276190e+03
1.275270e+03
1.275270e+03
1.275270e+03
1.275270e+03
1.275270e+03
1.264690e+03
1.264690e+03
1.224390e+03
1.224390e+03
1.224390e+03
1.224390e+03
1.224390e+03
1.252970e+03
1.252970e+03
1.252980e+03
1.252980e+03
1.252980e+03
1.252980e+03
1.252980e+03
1.236420e+03
1.236420e+03
1.236420e+03
1.236420e+03
1.236420e+03
1.236420e+03
1.236420e+03
1.161080e+03
1.161080e+03
1.160370e+03
1.160370e+03
1.160370e+03
1.167660e+03
1.167660e+03
1.167660e+03
1.167660e+03
1.172130e+03
1.172130e+03
1.172130e+03
1.172310e+03
1.172310e+03
1.172310e+03
1.172310e+03
1.172310e+03
1.172310e+03
1.172310e+03
1.141580e+03
1.141580e+03
1.156430e+03
1.156430e+03
1.164680e+03
1.164680e+03
1.164680e+03
1.172230e+03
1.172230e+03
1.178770e+03
1.178770e+03
1.178770e+03
1.178770e+03
1.178770e+03
1.178770e+03
1.178770e+03
1.174930e+03
1.174930e+03
1.174260e+03
1.174260e+03
1.174260e+03
1.174260e+03
1.174260e+03
1.175120e+03
1.175120e+03
1.175120e+03
1.175120e+03
1.175120e+03
1.175160e+03
1.175160e+03
1.176160e+03
1.176160e+03
1.176160e+03
1.176160e+03
1.176160e+03
1.182590e+03
1.182590e+03
1.180410e+03
1.180410e+03
1.180410e+03
1.180410e+03
1.180410e+03
1.177660e+03
1.177660e+03
1.176790e+03
1.176790e+03
1.176790e+03
1.176790e+03
1.176790e+03
1.172620e+03
1.172620e+03
1.170150e+03
1.170150e+03
1.168220e+03
1.168220e+03
1.168220e+03
1.141070e+03
1.141070e+03
1.141070e+03
1.141070e+03
1.155750e+03
1.155750e+03
1.155750e+03
1.145680e+03
1.145680e+03
1.142860e+03
1.142860e+03
1.138420e+03
1.138420e+03
1.138420e+03
1.136450e+03
1.136450e+03
1.131590e+03
1.131590e+03
1.131590e+03
1.131590e+03
1.131590e+03
1.126320e+03
1.126320e+03
1.121540e+03
1.121540e+03
1.118160e+03
1.118160e+03
1.118160e+03
1.118160e+03
1.087550e+03
1.097030e+03
1.097030e+03
1.097030e+03
1.097030e+03
1.097030e+03
1.056690e+03
1.056690e+03
1.056690e+03
1.056690e+03
1.056690e+03
1.056690e+03
1.056690e+03
0
0
0
0
0
0
0
0
0
0
0
0
0
0
0
0
0
0
0
0
0
9.720200e+02
9.720200e+02
9.188000e+02
9.188000e+02
9.188000e+02
9.188000e+02
9.188000e+02
1.385500e+03
1.385500e+03
1.231210e+03
1.231210e+03
1.487740e+03
1.487740e+03
1.487740e+03
1.582300e+03
1.582300e+03
1.652530e+03
1.652530e+03
1.723820e+03
1.723820e+03
1.723820e+03
1.717610e+03
1.717610e+03
1.716220e+03
1.716220e+03
1.716220e+03
1.716220e+03
1.716220e+03
1.718430e+03
1.718430e+03
1.716910e+03
1.716910e+03
1.716710e+03
1.716710e+03
1.716710e+03
1.708170e+03
1.708170e+03
1.708170e+03
1.708170e+03
1.706160e+03
1.706160e+03
1.706160e+03
1.707380e+03
1.707380e+03
1.705240e+03
1.705240e+03
1.705240e+03
1.705240e+03
1.705240e+03
1.703200e+03
1.703200e+03
1.703200e+03
1.703200e+03
1.701710e+03
1.701710e+03
1.701710e+03
1.706800e+03
1.706800e+03
1.706800e+03
1.706800e+03
1.702470e+03
1.702470e+03
1.702470e+03
1.616960e+03
1.616960e+03
1.616960e+03
1.616960e+03
1.616960e+03
1.616960e+03
1.616960e+03
1.695630e+03
1.695630e+03
1.672640e+03
1.672640e+03
1.695680e+03
1.695680e+03
1.695680e+03
1.677840e+03
1.677840e+03
1.668790e+03
1.668790e+03
1.663510e+03
1.663510e+03
1.663510e+03
1.658420e+03
1.658420e+03
1654
1654
1.654170e+03
1.654170e+03
1.654170e+03
1.654170e+03
1.654170e+03
1.654170e+03
1.654170e+03
1.654170e+03
1.654170e+03
1.654170e+03
1.637230e+03
1.637230e+03
1.635410e+03
1.635410e+03
1.635410e+03
1.635410e+03
1.635410e+03
1.635410e+03
1.641040e+03
1.636400e+03
1.636400e+03
1.636400e+03
1.636400e+03
1.636400e+03
1.633100e+03
1.633100e+03
1.634800e+03
1.634800e+03
1.633240e+03
1.633240e+03
1.633240e+03
1.631900e+03
1.631900e+03
1.622290e+03
1.622290e+03
1.622290e+03
1.622290e+03
1.622290e+03
1.614330e+03
1.614330e+03
1.610260e+03
1.610260e+03
1.610260e+03
1.610260e+03
1.610260e+03
1.605540e+03
1.605540e+03
1.609940e+03
1.609940e+03
1.615380e+03
1.615380e+03
1.615380e+03
1.611760e+03
1.611760e+03
1.610330e+03
1.610330e+03
1613
1613
1613
1613
1613
1.609440e+03
1.609440e+03
1.607960e+03
1.607960e+03
1.607960e+03
1.603180e+03
1.603180e+03
1.600040e+03
1.600040e+03
1.594610e+03
1.594610e+03
1.594610e+03
1.607190e+03
1.607190e+03
1.598100e+03
1.598100e+03
1.598100e+03
1.598100e+03
1.598100e+03
1.589710e+03
1.589710e+03
1.588120e+03
1.588120e+03
1.587770e+03
1.587770e+03
1.587770e+03
1.579260e+03
1.579260e+03
1.579260e+03
1.579260e+03
1.579260e+03
1.579260e+03
1.579260e+03
1.579260e+03
1.579260e+03
1.579260e+03
1.579260e+03
1.564560e+03
1.564560e+03
1.564560e+03
1.561560e+03
1.561560e+03
1.561560e+03
1.561560e+03
1.551500e+03
1.551500e+03
1.551500e+03
1.552880e+03
1.552880e+03
1.544130e+03
1.544130e+03
1.543080e+03
1.543080e+03
1.543080e+03
1.549150e+03
1.549150e+03
1.541220e+03
1.541220e+03
1.539900e+03
1.539900e+03
1.539900e+03
1.530350e+03
1.530350e+03
1.538910e+03
1.538910e+03
1.538910e+03
1.538910e+03
1.538910e+03
1.530470e+03
1.530470e+03
1.525300e+03
1.525300e+03
1521
1521
1521
1.514900e+03
1.514900e+03
1.511540e+03
1.511540e+03
1.508720e+03
1.508720e+03
1.508720e+03
1.512370e+03
1.512370e+03
1.512370e+03
1.512370e+03
1.493850e+03
1.493850e+03
1.493850e+03
1.492360e+03
1.492360e+03
1.483140e+03
1.483140e+03
1.783460e+03
1.783460e+03
1.783460e+03
1.484650e+03
1.484650e+03
1.476050e+03
1.476050e+03
1.488890e+03
1.488890e+03
1.488890e+03
1.473070e+03
1.473070e+03
1.465430e+03
1.465430e+03
1.465430e+03
1.465430e+03
1.465430e+03
1.449600e+03
1.449600e+03
1.449600e+03
1.449600e+03
1.448100e+03
1.448100e+03
1.448100e+03
1.448100e+03
1.448100e+03
1.410510e+03
1.410510e+03
1.425010e+03
1.425010e+03
1.425010e+03
1.429220e+03
1.429220e+03
1.429220e+03
1.429220e+03
1.429220e+03
1.429220e+03
1.429220e+03
1.421210e+03
1.421210e+03
1.415740e+03
1.415740e+03
1.417790e+03
1.417790e+03
1.417790e+03
1.412390e+03
1.412390e+03
1.409420e+03
1.409420e+03
1.405290e+03
1.405290e+03
1.405290e+03
1.397890e+03
1.397890e+03
1.396340e+03
1.396340e+03
1.385900e+03
1.385900e+03
1.385900e+03
1.385900e+03
1.385900e+03
1379
1379
1.379300e+03
1.379300e+03
1.379300e+03
1.377430e+03
1.377430e+03
1.328980e+03
1.328980e+03
1.328980e+03
1.328980e+03
1.328980e+03
1.328980e+03
1.328980e+03
1.361200e+03
1.361200e+03
1.355220e+03
1.355220e+03
1.355220e+03
1.347650e+03
1.347650e+03
1.347980e+03
1.347980e+03
1.352930e+03
1.352930e+03
1.352930e+03
1.374980e+03
1.374980e+03
1.374980e+03
1.374980e+03
1.374980e+03
1.374980e+03
1.374980e+03
1.346470e+03
1.346470e+03
1341
1341
1.338100e+03
1.338100e+03
1.338100e+03
1.331450e+03
1.331450e+03
1.331450e+03
1.331450e+03
1.324820e+03
1.324820e+03
1.324820e+03
1.319670e+03
1.319670e+03
1.310510e+03
1.310510e+03
1.310820e+03
1.310820e+03
1.310820e+03
1.310820e+03
1.310820e+03
1.308320e+03
1.308320e+03
1.308320e+03
1.308320e+03
1.308320e+03
1.304890e+03
1.304890e+03
1.295770e+03
1.295770e+03
1.295770e+03
1.295770e+03
1.295770e+03
1.308890e+03
1.308890e+03
1.308890e+03
1.308890e+03
1.308890e+03
1.308890e+03
1.308890e+03
1304
1304
1304
1304
1304
1304
1304
1304
1304
1.277830e+03
1.277830e+03
1280
1280
1280
1280
1280
1280
1280
1.274080e+03
1.274080e+03
1.274080e+03
1.269230e+03
1.269230e+03
1.269230e+03
1.269230e+03
1281
1281
1281
1297
1297
1308
1308
1308
1308
1308
1332
1332
1332
1332
1306
1306
1306
1288
1288
1273
1273
1273
1273
1273
1253
1253
1247
1247
1244
1244
1244
1.231060e+03
1.231060e+03
1232
1232
1210
1210
1210
1206
1206
1206
1206
1221
1221
1221
1213
1213
1208
1208
1.210150e+03
1.210150e+03
1.210150e+03
1197
1197
1189
1189
1195
1195
1195
1187
1187
1189
1189
1.191480e+03
1.191480e+03
1.191480e+03
1.191480e+03
1.191480e+03
1.209130e+03
1.209130e+03
1198
1198
1198
1198
1198
1198
1198
1198
1198
1198
1.176170e+03
1.176170e+03
1.176860e+03
1.176860e+03
1.176860e+03
1.176860e+03
1.176860e+03
1179
1179
1173
1173
1175
1175
1175
1163
1163
1174
1174
1176
1176
1176
1176
1176
1146
1146
1146
