0
0
0
0
0
0
0
0
0
0
0
0
0
0
0
0
0
0
0
0
0
0
0
0
0
0
0
0
0
0
0
0
0
0
0
0
0
0
0
0
0
0
0
0
0
0
0
0
0
0
0
0
0
0
0
0
0
0
0
0
0
0
0
0
0
0
0
0
0
0
0
0
0
0
0
0
0
0
0
0
0
0
0
0
0
0
0
0
0
0
0
0
0
0
0
0
0
0
0
0
0
0
0
0
0
0
0
0
0
0
0
0
0
0
0
0
0
0
0
0
0
0
0
0
0
0
0
0
0
0
0
0
0
0
0
0
0
0
0
0
0
0
0
0
0
0
0
0
0
0
0
0
0
0
0
0
0
0
0
0
0
0
0
0
0
0
0
0
0
0
0
0
0
0
0
0
0
0
0
0
0
0
0
0
0
0
0
0
0
0
0
0
0
0
0
0
0
0
0
0
0
0
0
0
0
0
0
0
0
0
0
0
0
0
0
0
0
0
0
0
0
0
0
0
0
0
0
0
0
0
0
0
0
0
0
0
0
0
0
0
0
0
0
0
0
0
0
0
0
0
0
0
0
0
0
0
0
0
0
0
0
0
0
0
0
0
0
0
0
0
0
0
0
0
0
0
0
0
0
0
0
0
0
0
0
0
0
0
0
0
0
0
0
0
0
0
0
0
0
0
0
0
0
0
0
0
0
0
0
0
0
0
0
0
0
0
0
0
0
0
0
0
0
0
0
0
0
0
0
0
0
0
0
0
0
0
0
0
0
0
0
0
0
0
0
0
0
0
0
0
0
0
0
0
0
0
0
0
0
0
0
0
0
0
0
0
0
0
0
0
0
0
0
0
0
0
0
0
0
0
0
0
0
0
0
0
0
0
0
0
0
0
0
0
0
0
0
0
0
0
0
0
0
0
0
0
0
0
0
0
0
0
0
0
0
0
0
0
0
0
0
0
0
0
0
0
0
0
0
0
0
0
0
0
0
0
0
0
0
0
0
0
0
0
0
0
0
0
0
0
0
0
0
0
0
0
0
0
0
0
0
0
0
0
0
0
0
0
0
0
0
0
0
0
0
0
0
0
0
0
0
0
0
0
0
0
0
0
0
0
0
0
0
0
0
0
0
0
0
0
0
0
0
0
0
0
0
0
0
0
0
0
0
0
0
0
0
0
0
0
0
0
0
0
0
0
0
0
0
0
0
0
0
0
0
0
0
0
0
0
0
0
0
0
0
0
0
0
0
0
0
0
0
0
0
0
0
0
0
0
0
0
0
0
0
0
0
0
0
0
0
0
0
0
0
0
0
0
0
0
0
0
0
0
0
0
0
0
0
0
0
0
0
0
0
0
0
0
0
0
0
0
0
0
0
0
0
0
0
0
0
0
0
0
0
0
0
0
0
0
0
0
0
0
0
0
0
0
0
0
0
0
0
0
0
0
0
0
0
0
0
0
0
0
0
0
0
0
0
0
0
0
0
0
0
0
0
0
0
0
0
0
0
0
0
0
0
0
0
0
0
0
0
0
0
0
0
0
0
0
0
0
0
0
0
0
0
0
0
0
0
0
0
0
0
0
0
0
0
0
0
0
0
0
0
0
0
0
0
0
0
0
0
0
0
0
0
0
0
0
0
0
0
0
0
0
0
0
0
0
0
0
0
0
0
0
0
0
0
0
0
0
0
0
0
0
0
0
0
0
0
0
0
0
0
0
0
0
0
749
697
776
836
936
659
805
776
776
749
884
836
701
724
776
679
749
776
884
869
749
749
749
776
863
849
749
749
836
805
805
988
979
701
776
776
724
805
873
893
836
906
842
988
970
1207
1207
1207
1207
891
876
906
1023
940
1035
906
1087
902
1087
1076
1120
1087
1181
1181
1181
1060
1060
1207
1109
988
1055
1087
1087
1263
1325
1278
1309
1207
1207
1263
1217
1301
1358
1358
1278
1358
1235
1622
1598
1207
1309
1449
1358
1325
1671
1625
1358
1811
1207
1449
1207
1530
1358
1449
1358
1598
1509
1552
1511
1449
1393
1622
1552
1598
1530
1530
1530
1552
1552
1552
1552
1393
1552
1358
1358
1358
1208
1208
1208
1243
1468
1358
1598
1553
1531
1489
1411
1358
1156
1144
1208
1294
1235
1235
1235
1646
1552
1489
1540
1553
1499
1523
1325
1294
1647
1430
1531
1531
1725
1725
1509
1449
1449
1531
1553
1509
1509
1469
1509
1208
1811
1552
1552
1342
1342
1342
1553
1358
1325
1469
1358
1358
1208
1279
1208
1169
1132
1358
1449
1469
1553
1553
1489
1509
1553
1358
1553
1208
1449
1438
1325
1358
1672
1208
1553
1588
1601
1604
1600
1570
1533
1543
1582
1542
1503
1560
1560
1560
2408
2111
2108
2110
1953
1636
1717
1720
1517
1489
1656
1593
1582
1581
1309
1561
1591
1609
1372
1572
1538
1406
1551
1570
1555
1494
1539
1580
1593
1545
1550
1601
1341
1568
1506
1540
1540
1540
2264
2264
2264
2273
1941
1884
1809
1801
1489
1688
1629
1598
1548
1507
1478
1513
1520
1499
1483
1473
1459
1447
1495
1496
1476
1.456000e+01
1474
1268
1440
1459
1449
1467
1494
1426
1459
1268
1420
1424
1389
1404
1384
1186
1223
1356
1365
1086
1084
1082
1.173938e+03
1.158872e+03
1.143806e+03
1610
1780
1787
1800
1800
1800
1884
1911
1858
1373
2155
2155
2155
906
869
853
836
988
988
988
604
979
906
906
836
836
836
795
795
795
795
906
906
906
906
776
776
776
776
776
776
945
988
906
906
776
776
776
776
664
630
776
805
836
856
856
906
906
836
836
906
906
906
906
822
906
272
272
272
265
279
988
952
971
971
971
922
930
915
915
915
915
915
915
915
897
897
850
850
850
791
775
771
783
784
784
784
775
791
839
825
822
822
822
781
769
769
994
854
854
854
740
722
722
720
720
720
720
720
1183
675
758
750
750
750
755
746
1087
1056
1087
1087
1087
674
678
678
678
678
678
678
678
678
678
678
960
960
960
1076
1067
1067
1063
1071
1071
1071
1060
1060
1035
1022
1022
1022
1022
906
906
906
906
906
906
906
896
906
898
898
860
860
860
860
925
960
916
896
896
896
896
924
906
906
921
921
921
906
956
938
938
977
977
977
963
963
963
963
963
963
963
963
950
964
920
892
892
892
896
874
874
874
874
874
874
870
870
870
854
894
894
894
894
876
876
876
887
887
887
836
856
856
856
856
856
856
856
856
856
856
856
856
856
856
856
856
856
856
856
856
856
856
856
856
856
856
856
856
856
856
856
856
856
856
856
856
856
856
856
856
856
856
856
856
856
856
856
856
856
856
856
856
856
856
856
856
856
856
856
856
856
856
856
856
856
856
856
856
856
856
856
856
856
856
856
856
856
856
856
856
856
856
856
856
856
856
856
856
856
856
856
856
856
856
856
856
856
856
856
856
856
856
856
856
856
856
856
856
856
856
856
856
856
856
856
856
856
856
856
856
856
856
856
856
856
856
856
856
856
856
856
856
856
856
856
856
856
856
856
856
856
856
856
856
856
856
856
856
856
856
856
856
856
856
856
856
856
484
484
484
484
484
484
484
375
375
375
341
341
341
341
341
341
341
341
341
341
341
572
572
572
329
329
329
342
342
342
342
342
342
342
375
375
375
375
465
465
458
458
458
458
458
458
458
458
458
381
381
381
650
650
587
587
589
589
589
589
589
589
661
661
661
661
661
661
661
661
661
661
661
661
652
652
575
566
566
566
566
566
566
566
566
566
566
566
566
756
756
756
756
756
756
756
756
508
508
508
508
508
508
508
508
508
508
508
508
508
588
588
592
592
592
592
592
592
592
481
481
481
540
540
453
453
453
453
453
453
453
453
453
453
453
453
453
453
438
438
438
438
438
438
438
438
438
438
438
438
438
438
438
438
438
438
438
438
438
320
320
290
290
290
272
272
222
222
259
259
259
259
259
259
259
259
259
259
259
259
259
259
259
259
259
259
259
259
259
259
259
259
298
298
281
281
281
281
281
281
281
281
281
294
294
294
294
294
320
320
320
320
320
320
320
320
320
320
320
320
311
311
435
435
435
435
435
435
435
356
356
334
334
334
334
334
334
334
334
334
334
334
334
320
320
320
320
320
320
320
320
320
320
320
320
320
320
320
320
320
320
320
100
100
100
100
100
100
100
100
100
100
100
100
100
100
100
100
100
100
100
100
100
100
100
100
100
100
100
100
100
100
100
100
100
100
100
100
100
100
100
100
100
100
100
100
100
100
100
100
100
100
100
906
906
906
906
906
96
96
836
836
840
840
840
840
840
836
836
836
836
836
827
827
827
827
836
836
836
836
836
821
821
821
821
821
827
827
827
827
827
827
827
827
827
827
827
827
827
827
827
827
827
827
827
827
827
827
827
827
827
827
827
827
827
827
827
827
827
827
827
827
827
827
827
827
827
827
827
827
827
827
827
827
827
827
827
827
827
827
827
827
827
827
827
827
827
827
827
827
827
827
827
827
827
827
827
827
827
827
827
827
827
827
827
827
827
827
827
827
827
827
827
827
827
827
827
827
827
827
827
827
827
827
827
827
827
827
827
827
827
827
827
827
827
905
905
905
906
906
906
906
906
906
906
906
906
906
906
906
906
906
906
906
906
906
906
906
906
906
906
302
302
302
302
302
302
302
302
302
906
906
906
906
906
906
906
906
906
906
906
906
906
906
906
906
906
906
906
906
906
906
906
906
906
906
906
906
906
906
906
906
906
906
906
906
906
906
906
906
906
906
906
906
906
906
906
906
906
906
906
906
906
906
906
906
906
906
906
882
882
906
906
906
906
906
906
906
906
906
906
906
906
906
906
870
870
870
870
870
870
870
870
870
870
870
870
870
870
870
870
870
870
870
870
870
776
776
776
776
776
776
776
776
776
776
776
776
776
72
72
72
72
72
72
72
72
72
72
72
72
72
1087
1087
1087
1087
1078
1078
1078
1078
1078
1087
1087
1087
1087
1087
1087
1087
1087
1087
1087
1087
1087
1087
1087
1087
1087
1087
1087
1087
1087
1087
1087
1087
1087
1087
1087
1087
1087
1087
1087
1087
1087
1087
1087
1087
1087
1087
1087
1087
1087
1087
1087
1087
1087
1087
1087
1087
1087
1087
1087
1087
1087
1087
1087
1087
1087
1087
1087
1087
1087
1087
1087
1087
1087
1087
1087
1087
1087
1087
1087
1087
1087
1087
1087
1087
1087
1087
1087
1087
1087
1087
1087
1087
1087
1087
1087
1087
1087
1087
1087
1087
1087
1087
1087
1087
1087
1087
1087
1087
1087
1087
1087
1087
1087
1087
1087
1087
1087
1087
1087
1087
1087
1087
1087
1087
1087
1087
1087
1087
1087
1087
1087
1087
1087
1087
1087
1087
1087
1087
1087
1087
1087
1087
1087
1087
1087
1087
1087
1087
1087
1087
1087
1087
1087
1087
1087
1087
1087
1087
1087
1087
1087
1087
1087
1087
1087
1087
1087
1087
1087
1087
1087
1087
1087
1087
1087
1087
1087
1087
1087
1087
1087
1087
1087
1087
1087
1087
1087
1087
1087
1087
1087
1087
1087
1087
1087
1087
1087
1087
1087
1087
1087
1087
1087
1087
1087
1087
1087
1087
1087
1087
1087
1087
1087
1087
1087
1087
1087
1087
1087
1087
1087
1087
1087
1087
1087
1087
1087
1087
1087
1087
1087
1087
1087
1087
1087
1087
1087
1087
1087
1087
1087
1087
1087
1087
1087
1087
1087
1087
1087
1087
1087
1087
1087
1087
1087
1087
1087
1087
1087
259
259
259
259
259
259
259
259
259
259
259
253
253
253
256
256
224
224
224
224
224
224
224
418
418
403
403
403
403
403
403
403
403
403
403
403
403
403
403
403
403
403
403
403
403
403
217
217
217
403
403
403
403
543
543
543
543
543
543
543
543
543
543
543
543
543
543
543
543
543
543
543
543
543
543
543
543
543
543
543
543
543
543
543
543
543
543
543
543
543
543
543
543
279
279
279
279
279
279
282
282
282
282
282
282
282
282
282
282
473
473
473
473
473
453
453
453
453
453
679
679
684
684
684
684
684
684
684
684
684
788
788
788
621
621
621
621
621
621
621
621
621
856
856
856
856
856
856
856
856
856
856
856
856
856
856
856
856
856
856
856
856
856
856
856
856
856
856
856
856
856
856
856
856
856
856
856
856
856
856
856
856
856
856
856
856
856
856
856
856
856
856
856
856
856
856
856
856
856
856
856
856
856
856
856
856
856
856
856
856
856
856
856
856
856
856
856
856
856
856
856
856
856
856
856
856
856
856
856
856
856
856
856
856
856
856
856
856
856
856
856
856
856
856
856
856
856
856
856
856
856
856
856
856
856
856
856
856
856
856
856
856
856
856
856
856
856
856
856
856
856
856
856
856
856
856
856
856
856
856
856
856
856
856
856
856
856
856
856
856
856
856
856
856
856
856
340
340
340
340
340
320
320
320
320
320
320
320
320
320
320
320
320
320
320
799
799
799
799
799
799
799
799
799
799
799
799
799
799
799
799
799
799
799
799
799
799
799
799
799
799
799
799
799
799
799
799
799
799
799
799
799
776
776
776
776
776
755
755
755
755
755
755
755
776
776
776
776
776
776
776
776
776
776
776
776
776
776
776
776
776
776
776
776
776
776
776
776
776
776
776
776
776
776
776
776
776
776
776
776
776
776
776
776
776
776
776
776
776
776
776
776
776
776
776
776
776
776
776
776
776
776
776
776
776
776
776
776
776
776
776
776
776
776
776
776
776
776
776
776
776
776
776
776
776
776
776
776
776
776
776
776
776
776
776
776
776
776
776
776
776
776
776
776
776
776
776
776
776
776
776
776
776
776
776
776
776
776
776
776
776
776
776
776
776
776
776
776
776
776
776
776
776
776
776
776
776
776
776
776
776
776
