0
0
0
0
0
0
0
0
0
0
0
0
0
0
0
0
0
0
0
0
0
0
0
0
0
0
0
0
0
0
0
0
0
0
0
0
0
0
0
0
0
0
0
0
0
0
0
0
0
0
0
0
0
0
0
0
0
0
0
0
0
0
0
0
0
0
0
0
0
0
0
0
0
0
0
0
0
0
0
0
0
0
0
0
0
0
0
0
0
0
0
0
0
0
0
0
0
0
0
0
0
0
0
0
0
0
0
0
0
0
0
0
0
0
0
0
0
0
0
0
0
0
0
0
0
0
0
0
0
0
0
0
0
0
0
0
0
0
0
0
0
0
0
0
0
0
0
0
0
0
0
0
0
0
0
0
0
0
0
0
0
0
0
0
0
0
0
0
0
0
0
0
0
0
0
0
0
0
0
0
0
0
0
0
0
0
0
0
0
0
0
0
0
0
0
0
0
0
0
0
0
0
0
0
0
0
0
0
0
0
0
0
0
0
0
0
0
0
0
0
0
0
0
0
0
0
0
0
0
0
0
0
0
0
0
0
0
0
0
0
0
0
0
0
0
0
0
0
0
0
0
0
0
0
0
0
0
0
0
0
0
0
0
0
0
0
0
0
0
0
0
0
0
0
0
0
0
0
0
0
0
0
0
0
0
0
0
0
0
0
0
0
0
0
0
0
0
0
0
0
0
0
0
0
0
0
0
0
0
0
0
0
0
0
0
0
0
0
0
0
0
0
0
0
0
0
0
0
0
0
0
0
0
0
0
0
0
0
0
0
0
0
0
0
0
0
0
0
0
0
0
0
0
0
0
0
0
0
0
0
0
0
0
0
0
0
0
0
0
0
0
0
0
0
0
0
0
0
0
0
0
0
0
0
0
0
0
0
0
0
0
0
0
0
0
0
0
0
0
0
0
0
0
0
0
0
0
0
0
0
0
0
0
0
0
0
0
0
0
0
0
0
0
0
0
0
0
0
0
0
0
0
0
0
0
0
0
0
0
0
0
0
0
0
0
0
0
0
0
0
0
0
0
0
0
0
0
0
0
0
0
0
0
0
0
0
0
0
0
0
0
0
0
0
0
0
0
0
0
0
0
0
0
0
0
0
0
0
0
0
0
0
0
0
0
0
0
0
0
0
0
0
0
0
0
0
0
0
0
0
0
0
0
0
0
0
0
0
0
0
0
0
0
0
0
0
0
0
0
0
0
0
0
0
0
0
0
0
0
0
0
0
0
0
0
0
0
0
0
0
0
0
0
0
0
0
0
0
0
0
0
0
0
0
0
0
0
0
0
0
0
0
0
0
0
0
0
0
0
0
0
0
0
0
0
0
0
0
0
0
0
0
0
0
0
0
0
0
0
0
0
0
0
0
0
0
0
0
0
0
0
0
0
0
0
0
0
0
0
0
0
0
0
0
0
0
0
0
0
0
0
0
0
0
0
0
0
0
0
0
0
0
0
0
0
0
0
0
0
0
0
0
0
0
0
0
0
0
0
0
0
0
0
0
0
0
0
0
0
0
0
0
0
0
0
0
0
0
0
0
0
0
0
0
0
0
0
0
0
0
0
0
0
0
0
0
0
0
0
0
0
0
0
0
0
0
0
0
0
0
0
0
0
0
0
0
0
0
0
0
0
0
0
0
0
0
0
0
0
0
0
0
0
0
0
0
0
0
0
0
0
0
0
0
0
0
0
0
0
0
0
0
0
0
0
0
0
0
0
0
0
0
0
0
0
0
0
0
0
0
0
0
0
0
0
0
0
0
0
0
0
0
0
0
0
0
0
0
0
0
0
0
0
0
0
0
0
0
0
0
0
0
0
0
0
0
0
0
0
0
0
0
0
0
0
0
0
0
0
0
0
0
0
0
0
0
0
0
0
0
0
0
0
0
0
0
0
0
0
0
0
0
0
0
0
0
0
0
0
0
0
0
0
0
0
0
0
0
0
0
0
0
0
0
0
0
0
0
0
0
0
0
0
0
0
0
0
0
0
0
0
0
0
0
0
0
0
0
0
0
0
0
0
0
0
0
0
0
0
0
0
0
0
0
0
0
0
0
0
0
0
0
0
0
0
0
0
0
0
0
0
0
0
0
0
0
0
0
0
0
0
0
0
0
0
0
0
0
0
0
0
0
0
0
0
0
0
0
0
0
0
0
0
0
0
0
0
0
0
0
0
0
0
0
0
0
0
0
0
0
0
0
0
0
0
0
0
0
0
0
0
0
0
0
0
0
0
0
0
0
0
0
0
0
0
0
0
0
0
0
0
0
0
0
0
0
0
0
0
0
0
0
0
0
0
0
0
0
0
0
0
0
0
0
0
0
0
0
0
0
0
0
0
0
0
0
0
0
0
0
0
0
0
0
0
0
0
0
0
0
0
0
0
0
0
0
0
0
0
0
0
0
0
0
0
0
0
0
0
0
0
0
0
0
0
0
0
0
0
0
0
0
0
0
0
0
0
0
0
0
0
0
0
0
0
0
0
0
0
0
0
0
0
0
0
0
0
0
0
0
0
0
0
0
0
0
0
0
0
0
0
0
0
0
0
0
0
0
0
0
0
0
0
0
0
0
0
0
0
0
0
0
0
0
0
0
0
0
0
0
0
0
0
0
0
0
0
0
0
0
0
0
0
0
0
0
0
0
0
0
0
0
0
0
0
0
0
0
0
0
0
0
0
0
0
0
0
0
0
0
0
0
0
0
0
0
0
0
0
0
0
0
0
0
0
0
0
0
0
0
0
0
0
0
0
0
0
0
0
0
0
0
0
0
0
0
0
0
0
0
0
0
0
0
0
0
0
0
0
0
0
0
0
0
0
0
0
0
0
0
0
0
0
0
0
0
0
0
0
0
0
0
0
0
0
0
0
0
0
0
0
0
0
0
0
0
0
0
0
0
0
0
0
0
0
0
0
0
0
0
0
0
0
0
0
0
0
0
0
0
0
0
0
0
0
0
0
0
0
0
0
0
0
0
0
0
0
0
0
0
0
0
0
0
0
0
0
0
0
0
0
0
0
0
0
0
0
0
0
0
0
0
0
0
0
0
0
0
0
0
0
0
0
0
0
0
0
0
0
0
0
0
0
0
0
0
0
0
0
0
0
0
0
0
0
0
0
0
0
0
0
0
0
0
0
0
0
0
0
0
0
0
0
0
0
0
0
0
0
0
0
0
0
0
0
0
0
0
0
0
0
0
0
0
0
0
0
0
0
0
0
0
0
0
0
0
0
0
0
0
0
0
0
0
0
0
0
0
0
0
0
0
0
0
0
0
0
0
0
0
0
0
0
0
0
0
0
0
0
0
0
0
0
0
0
0
0
0
0
0
0
0
0
0
8.460000e+00
7.380000e+00
7.380000e+00
7.380000e+00
1.165000e+01
1.534000e+01
2.362000e+01
3.301000e+01
4.846000e+01
4.846000e+01
4.846000e+01
7.479000e+01
8.904000e+01
9.023000e+01
9.613000e+01
9.557000e+01
9.557000e+01
9.557000e+01
1.052200e+02
1.096300e+02
1.080500e+02
1.117300e+02
1.220300e+02
1.220300e+02
1.220300e+02
131
1.326300e+02
7.519000e+01
9.932000e+01
1.328300e+02
1.328300e+02
1.328300e+02
1.434800e+02
1.430600e+02
1.427000e+02
1.442600e+02
1.429100e+02
1.430200e+02
1.430200e+02
1.456000e+02
1.457000e+02
1.457000e+02
1.457000e+02
1.821000e+02
1.821000e+02
1.821000e+02
1.578400e+02
1.573600e+02
1.573300e+02
1.559000e+02
1.571200e+02
1.571200e+02
1.571200e+02
1.561700e+02
1.561700e+02
1.577600e+02
1.577600e+02
1.577600e+02
1.577600e+02
1.577600e+02
1.541500e+02
1.526300e+02
1.500200e+02
1.497300e+02
1.495400e+02
1.495400e+02
1.495400e+02
1.482500e+02
1.482500e+02
1.482500e+02
1.482500e+02
1.482500e+02
1.482500e+02
1.482500e+02
9.942000e+01
9.942000e+01
9.942000e+01
1.442300e+02
1.442300e+02
1.442300e+02
1.442300e+02
1.470700e+02
1.470700e+02
1.470700e+02
1.470700e+02
1.470700e+02
1.470700e+02
1.470700e+02
1.512500e+02
1.512500e+02
1.512500e+02
1.549500e+02
1.554700e+02
1.554700e+02
1.554700e+02
1.573200e+02
1.573200e+02
1.573200e+02
1.573200e+02
1.573200e+02
1.573200e+02
1.573200e+02
1.639400e+02
1.639400e+02
1.652500e+02
1.652500e+02
1.664700e+02
1.664700e+02
1.664700e+02
1.689300e+02
1.689300e+02
1.689300e+02
1.689300e+02
1.689300e+02
1.689300e+02
1.689300e+02
1.709500e+02
1.709500e+02
1.730800e+02
1.730800e+02
1.730800e+02
1.730800e+02
1.730800e+02
0
0
0
0
0
0
0
0
0
0
0
1.220500e+02
1.220500e+02
1.220500e+02
1.189000e+02
1.189000e+02
0
0
0
0
0
1.143600e+02
1.143600e+02
1.125900e+02
1.125900e+02
1.117400e+02
1.117400e+02
1.117400e+02
1.091300e+02
1.091300e+02
1.003300e+02
1.003300e+02
1.075500e+02
1.075500e+02
1.075500e+02
1.058400e+02
1.058400e+02
1.051400e+02
1.051400e+02
1.051400e+02
1.051400e+02
1.051400e+02
1.027800e+02
1.027800e+02
1.017200e+02
1.017200e+02
1.017200e+02
1.017200e+02
1.017200e+02
1.017200e+02
1.017200e+02
1.004100e+02
1.004100e+02
9.927000e+01
9.927000e+01
9.927000e+01
9.916000e+01
9.916000e+01
9.788000e+01
9.788000e+01
9.737000e+01
9.737000e+01
9.737000e+01
9.737000e+01
9.737000e+01
9.737000e+01
9.737000e+01
9.737000e+01
9.737000e+01
9.737000e+01
9.737000e+01
9.737000e+01
9.737000e+01
9.737000e+01
9.737000e+01
9.737000e+01
9.737000e+01
1.877400e+02
1.877400e+02
1.943400e+02
1.943400e+02
1.974900e+02
1.974900e+02
1.974900e+02
2.043700e+02
2.043700e+02
2.082200e+02
2.082200e+02
2.127900e+02
2.127900e+02
2.127900e+02
2.154900e+02
2.154900e+02
2.212700e+02
2.212700e+02
2.239000e+02
2.239000e+02
2.239000e+02
2.271700e+02
2.271700e+02
2.279900e+02
2.279900e+02
2.279900e+02
2.279900e+02
2.279900e+02
2.279900e+02
2.279900e+02
2.347600e+02
2.347600e+02
2.347600e+02
2.347600e+02
2.347600e+02
2.347600e+02
2.357000e+02
2.357000e+02
2.548700e+02
2.546600e+02
2.546600e+02
2.546600e+02
2.544100e+02
2.544100e+02
2.544100e+02
2.544100e+02
2.546500e+02
2.546500e+02
2.546500e+02
2.530500e+02
2.530500e+02
2.409000e+02
2.409000e+02
2.409500e+02
2.409500e+02
2.409500e+02
2.494600e+02
2.494600e+02
2.494600e+02
2.494600e+02
2.494600e+02
2.494600e+02
2.494600e+02
2.494600e+02
2.494600e+02
2.494600e+02
2.494600e+02
2.711800e+02
2.711800e+02
2.711800e+02
2.711800e+02
2.711800e+02
2.757800e+02
2.757800e+02
1.975100e+02
1.975100e+02
1.975100e+02
1.090000e+01
1.090000e+01
1.090000e+01
1.090000e+01
0
0
0
0
0
4.600400e+02
4.600400e+02
3.204200e+02
3.204200e+02
3.204200e+02
3.022400e+02
3.022400e+02
2.961200e+02
2.961200e+02
2.899900e+02
2.899900e+02
2.899900e+02
2.927100e+02
2.927100e+02
2.910700e+02
2.910700e+02
2.871900e+02
2.871900e+02
2.871900e+02
2.895300e+02
2.895300e+02
2.895300e+02
2.895300e+02
2.821000e+02
2.821000e+02
2.821000e+02
2.777900e+02
2.777900e+02
2.747100e+02
2.747100e+02
2.747100e+02
2.747100e+02
2.747100e+02
2.868000e+02
2.868000e+02
2.886600e+02
2.886600e+02
2.886600e+02
2.886600e+02
2.886600e+02
2.924900e+02
2.924900e+02
2.922100e+02
2.922100e+02
2.903200e+02
2.903200e+02
2.903200e+02
2.899600e+02
2.899600e+02
2.899600e+02
2.899600e+02
2.899600e+02
2.899600e+02
2.899600e+02
2.981400e+02
2.981400e+02
2.981400e+02
2.981400e+02
2.981400e+02
2.981400e+02
2.981400e+02
2.941900e+02
2.941900e+02
2.792300e+02
2.792300e+02
2.792300e+02
2.792300e+02
2.792300e+02
2.792300e+02
2.792300e+02
2.059700e+02
2.059700e+02
2.059700e+02
2.059700e+02
2.059700e+02
1.966500e+02
1.966500e+02
1.966500e+02
1.966500e+02
1.966500e+02
1.966500e+02
1.966500e+02
2.840600e+02
2.840600e+02
2.840600e+02
2.840600e+02
2.840600e+02
2.840600e+02
2.840600e+02
2.880700e+02
2.880700e+02
2.898600e+02
2.898600e+02
2.873100e+02
2.873100e+02
2.873100e+02
2.874200e+02
2.874200e+02
2.874200e+02
2.874200e+02
2.874200e+02
2.874200e+02
2.874200e+02
2.874200e+02
2.656900e+02
2.656900e+02
2.656900e+02
2.829100e+02
2.829100e+02
2.829100e+02
2.512400e+02
2.512400e+02
2.512400e+02
2.512400e+02
2.512400e+02
2.512400e+02
2.512400e+02
2.360200e+02
2.360200e+02
2.812300e+02
2.812300e+02
2.694200e+02
2.694200e+02
2.694200e+02
2.817000e+02
2.817000e+02
2.817000e+02
2.817000e+02
2.817000e+02
2.817000e+02
2.817000e+02
2.819200e+02
2.819200e+02
2.819200e+02
2.819200e+02
2.786800e+02
2.786800e+02
2.786800e+02
2.808000e+02
2.808000e+02
2.808000e+02
2.808000e+02
2.808000e+02
2.808000e+02
2.808000e+02
2.808000e+02
2.808000e+02
2.808000e+02
2.808000e+02
2.224500e+02
2.224500e+02
2.224500e+02
2.224500e+02
2.838700e+02
2.838700e+02
2.838700e+02
2.838700e+02
2.838700e+02
2.838700e+02
2.838700e+02
2.838700e+02
2.779700e+02
2.779700e+02
2.779700e+02
2.779700e+02
2.779700e+02
2.753300e+02
2.753300e+02
2.753300e+02
2.753300e+02
2.753300e+02
2.753300e+02
2.753300e+02
2.753300e+02
2.753300e+02
2.753300e+02
2.753300e+02
2.753300e+02
2.753300e+02
2.753300e+02
2.524200e+02
2.524200e+02
2.596300e+02
2.596300e+02
2.596300e+02
2.596300e+02
2.596300e+02
2.587900e+02
2.587900e+02
2.587900e+02
2.587900e+02
2.587900e+02
2.587900e+02
2.587900e+02
2.501600e+02
2.501600e+02
2.501600e+02
2.501600e+02
2.501600e+02
2.501600e+02
2.501600e+02
2.418400e+02
2.418400e+02
2.456800e+02
2.456800e+02
2.459400e+02
2.459400e+02
2.459400e+02
2.434900e+02
2.434900e+02
2.365400e+02
2.365400e+02
2.396900e+02
2.396900e+02
2.396900e+02
2.333700e+02
2.333700e+02
2.315200e+02
2.315200e+02
2.306400e+02
2.306400e+02
2.306400e+02
2.345100e+02
2.345100e+02
2.345100e+02
2.345100e+02
2.345100e+02
2.345100e+02
2.345100e+02
2.288200e+02
2.288200e+02
2.292800e+02
2.292800e+02
2.242600e+02
2.242600e+02
2.242600e+02
2.242600e+02
2.242600e+02
2.242600e+02
2.242600e+02
2.206100e+02
2.206100e+02
2.206100e+02
2.060300e+02
2.060300e+02
2.070600e+02
2.070600e+02
2.070600e+02
2.070600e+02
2.070600e+02
2.070600e+02
2.070600e+02
2.070600e+02
2.070600e+02
2.070600e+02
2.070600e+02
2.070600e+02
2.070600e+02
2.070600e+02
2.145800e+02
2.145800e+02
2.145800e+02
2.145800e+02
2.145800e+02
2.145800e+02
2.145800e+02
2.145800e+02
2.145800e+02
2.145800e+02
2.145800e+02
2.145800e+02
2.145800e+02
2.145800e+02
2.145800e+02
2.145800e+02
2.145800e+02
2.145800e+02
2.145800e+02
2.145800e+02
2.145800e+02
2.058600e+02
2.058600e+02
2.058600e+02
2.058600e+02
2.058600e+02
2.058600e+02
2.058600e+02
2.058600e+02
2.058600e+02
2.058600e+02
2.058600e+02
2.058600e+02
2.058600e+02
2.034600e+02
2.034600e+02
2.034600e+02
2.034600e+02
2.034600e+02
2.034600e+02
1.999700e+02
1.999700e+02
1.991900e+02
1.991900e+02
1.991900e+02
1.991900e+02
1.991900e+02
1.969700e+02
1.969700e+02
1.969700e+02
1.969700e+02
1.969700e+02
1.969700e+02
1.969700e+02
1.987300e+02
1.987300e+02
1.958800e+02
1.958800e+02
1.913900e+02
1.913900e+02
1.913900e+02
1.909200e+02
1.909200e+02
1.909200e+02
1.909200e+02
1.909200e+02
1.909200e+02
1.909200e+02
1.839300e+02
1.839300e+02
1.844200e+02
1.844200e+02
1.839900e+02
1.839900e+02
1.839900e+02
1.747400e+02
1.747400e+02
1.747400e+02
1.747400e+02
1.747400e+02
1.747400e+02
1.747400e+02
1.750800e+02
1.750800e+02
1.747100e+02
1.747100e+02
1.731900e+02
1.731900e+02
1.731900e+02
1.819500e+02
1.819500e+02
1.819500e+02
1.819500e+02
1.819500e+02
1.819500e+02
1.819500e+02
1.819500e+02
1.819500e+02
1.819500e+02
1.819500e+02
1.819500e+02
1.819500e+02
1.819500e+02
1.796000e+02
1.796000e+02
1.793800e+02
1.793800e+02
1.781100e+02
1.781100e+02
1.781100e+02
1.770300e+02
1.770300e+02
1.752800e+02
1.752800e+02
4.085000e+01
4.085000e+01
4.085000e+01
1.732400e+02
1.732400e+02
1.732400e+02
1.732400e+02
1.732400e+02
1.732400e+02
1.732400e+02
3.855000e+01
3.855000e+01
1.683900e+02
1.683900e+02
1.704900e+02
1.704900e+02
1.704900e+02
1.680900e+02
1.680900e+02
1.680900e+02
1.680900e+02
1.672100e+02
1.672100e+02
1.672100e+02
1.669800e+02
1.669800e+02
1.652900e+02
1.652900e+02
1.656400e+02
1.656400e+02
1.656400e+02
1.656400e+02
1.656400e+02
1.656400e+02
1.656400e+02
1.696900e+02
1.696900e+02
1.696900e+02
1.696900e+02
1.696900e+02
1.612200e+02
1.612200e+02
1.583900e+02
1.583900e+02
1.583900e+02
1.605400e+02
1.605400e+02
1.592500e+02
1.592500e+02
1.592500e+02
1.592500e+02
1.592500e+02
1.579900e+02
1.579900e+02
1.539300e+02
1.539300e+02
1.577900e+02
1.577900e+02
1.577900e+02
1.441900e+02
1.441900e+02
1.441900e+02
1.441900e+02
1.442400e+02
1.442400e+02
1.442400e+02
1.434200e+02
1.434200e+02
1.422800e+02
1.422800e+02
1.427000e+02
1.427000e+02
1.427000e+02
1.404000e+02
1.404000e+02
1.405700e+02
1.405700e+02
1.405700e+02
1.405700e+02
1.405700e+02
1.382000e+02
1.382000e+02
1.385900e+02
1.385900e+02
1.381100e+02
1.381100e+02
1.381100e+02
1.359200e+02
1.359200e+02
1.356700e+02
1.356700e+02
1.332200e+02
1.332200e+02
1.332200e+02
1.343100e+02
1.343100e+02
1.343100e+02
1.343100e+02
1.322600e+02
1.322600e+02
1.322600e+02
1.319900e+02
1.319900e+02
1.330600e+02
1.330600e+02
1.330600e+02
1.330600e+02
1.330600e+02
1.304100e+02
1.304100e+02
1.282900e+02
1.282900e+02
1.305600e+02
1.305600e+02
1.305600e+02
1.291300e+02
1.291300e+02
1.289200e+02
1.289200e+02
1.267900e+02
1.267900e+02
1.267900e+02
1.281100e+02
1.281100e+02
1.281100e+02
1.259500e+02
1.261100e+02
1.261100e+02
1.261100e+02
1.262300e+02
1.262300e+02
1.262300e+02
1.262300e+02
1.262300e+02
1.262300e+02
1.262300e+02
1.195900e+02
1.195900e+02
1.120300e+02
1.120300e+02
1.101100e+02
1.101100e+02
1.101100e+02
1.097100e+02
1.097100e+02
1.021000e+02
1.021000e+02
9.874000e+01
9.874000e+01
9.874000e+01
9.243000e+01
9.243000e+01
9.105000e+01
9.105000e+01
8.483000e+01
8.483000e+01
8.483000e+01
7.942000e+01
7.942000e+01
7.791000e+01
7.791000e+01
7.694000e+01
7.694000e+01
7.694000e+01
7.494000e+01
7.494000e+01
7.490000e+01
7.490000e+01
7.255000e+01
7.255000e+01
7.255000e+01
7.046000e+01
7.046000e+01
4.495000e+01
4.495000e+01
6.705000e+01
6.705000e+01
6.705000e+01
6.703000e+01
6.703000e+01
6.530000e+01
6.530000e+01
6.572000e+01
6.572000e+01
6.572000e+01
6.450000e+01
6.450000e+01
1.387000e+01
1.387000e+01
1.387000e+01
1.387000e+01
1.387000e+01
6.216000e+01
6.216000e+01
2.092000e+01
2.092000e+01
1.124000e+01
1.124000e+01
1.124000e+01
1.123000e+01
1.123000e+01
2.615000e+01
2.615000e+01
2.004000e+01
2.004000e+01
2.004000e+01
1.872000e+01
1.872000e+01
1.815000e+01
1.815000e+01
1.815000e+01
1.815000e+01
1.815000e+01
1.723000e+01
1.723000e+01
1.651000e+01
1.651000e+01
1.640000e+01
1.640000e+01
1.640000e+01
1.547000e+01
1.547000e+01
1.477000e+01
1.477000e+01
1.501000e+01
1.501000e+01
1.501000e+01
1.493000e+01
1.493000e+01
1.493000e+01
1.493000e+01
1.493000e+01
1.493000e+01
1.493000e+01
1.332000e+01
1.332000e+01
1.331000e+01
1.331000e+01
1.320000e+01
1.320000e+01
1.320000e+01
1.302000e+01
1.302000e+01
1.302000e+01
1.302000e+01
1.303000e+01
1.303000e+01
1.303000e+01
1.306000e+01
1.306000e+01
1.303000e+01
1.303000e+01
1.303000e+01
1.303000e+01
1.303000e+01
1.589000e+01
1.589000e+01
1.290000e+01
1.290000e+01
1.295000e+01
1.295000e+01
1.295000e+01
1.283600e+01
1.283600e+01
1.294000e+01
1.294000e+01
1.289000e+01
1.289000e+01
1.289000e+01
1.284000e+01
1.284000e+01
1.296000e+01
1.296000e+01
1.292000e+01
1.292000e+01
1.292000e+01
1.303000e+01
1.303000e+01
1.303000e+01
1.303000e+01
1.298000e+01
1.298000e+01
1.298000e+01
1.288000e+01
1.288000e+01
1.288000e+01
1.288000e+01
1.288000e+01
1.288000e+01
1.288000e+01
1.289000e+01
1.289000e+01
1.287000e+01
1.287000e+01
1.287000e+01
1.287000e+01
1.287000e+01
1.276000e+01
1.276000e+01
1.282000e+01
1.282000e+01
1.286000e+01
1.286000e+01
1.286000e+01
1.283000e+01
1.283000e+01
1.296000e+01
1.296000e+01
1.287000e+01
1.287000e+01
1.287000e+01
1.291000e+01
1.291000e+01
1.295000e+01
1.295000e+01
1.295000e+01
1.295000e+01
1.295000e+01
1.295000e+01
1.295000e+01
1.302000e+01
1.302000e+01
1.302000e+01
1.302000e+01
1.302000e+01
1.286000e+01
1.286000e+01
1.293000e+01
1.293000e+01
1.291000e+01
1.291000e+01
1.291000e+01
1.290000e+01
1.290000e+01
1.292000e+01
1.292000e+01
1.292000e+01
1.292000e+01
1.292000e+01
1.288000e+01
1.288000e+01
1.293000e+01
1.293000e+01
1.293000e+01
1.293000e+01
1.293000e+01
1.293000e+01
1.293000e+01
1.301000e+01
1.301000e+01
1.301000e+01
1.301000e+01
1.301000e+01
1.294000e+01
1.294000e+01
1.294000e+01
1.294000e+01
1.287000e+01
1.287000e+01
1.287000e+01
1.287000e+01
1.287000e+01
1.304000e+01
1.304000e+01
1.304000e+01
1.304000e+01
1.304000e+01
1.304000e+01
1.304000e+01
1.295000e+01
1.295000e+01
1.291000e+01
1.291000e+01
1.291000e+01
1.285000e+01
1.285000e+01
1.298000e+01
1.298000e+01
1.298000e+01
1.298000e+01
1.298000e+01
1.286000e+01
1.286000e+01
13
13
1.298000e+01
1.298000e+01
1.298000e+01
1.288000e+01
1.288000e+01
1.297000e+01
1.297000e+01
1.297000e+01
1.297000e+01
1.297000e+01
1.316000e+01
1.316000e+01
1.318000e+01
1.318000e+01
1.318000e+01
1.318000e+01
1.318000e+01
1.322000e+01
1.322000e+01
1.331000e+01
1.331000e+01
1.331000e+01
1.331000e+01
1.331000e+01
1.335000e+01
1.335000e+01
1.340000e+01
1.340000e+01
1.340000e+01
1.340000e+01
1.340000e+01
1.341000e+01
1.341000e+01
1.327000e+01
1.327000e+01
1.327000e+01
1.327000e+01
1.327000e+01
1.335000e+01
1.335000e+01
1.335000e+01
1.335000e+01
1.337000e+01
1.337000e+01
1.337000e+01
1.354000e+01
1.354000e+01
1.354000e+01
1.354000e+01
1.354000e+01
1.354000e+01
1.354000e+01
1.354000e+01
1.354000e+01
1.362000e+01
1.362000e+01
1.362000e+01
1.362000e+01
1.362000e+01
1.362000e+01
1.362000e+01
1.362000e+01
1.362000e+01
9.010000e+00
9.010000e+00
9.010000e+00
9.250000e+00
9.250000e+00
9.250000e+00
9.250000e+00
9.250000e+00
9.250000e+00
9.250000e+00
1.373000e+01
1.373000e+01
1.373000e+01
1.373000e+01
1.373000e+01
1.373000e+01
1.373000e+01
1.393000e+01
1.393000e+01
1.393000e+01
1.393000e+01
1.411000e+01
1.411000e+01
1.411000e+01
1.402000e+01
1.402000e+01
1.406000e+01
1.406000e+01
1.406000e+01
1.406000e+01
1.406000e+01
1.404000e+01
1.404000e+01
1.393000e+01
1.393000e+01
1.382000e+01
1.382000e+01
1.382000e+01
1.382000e+01
1.382000e+01
1.382000e+01
1.382000e+01
1.382000e+01
1.382000e+01
1.382000e+01
1.390000e+01
1.390000e+01
1.388000e+01
1.388000e+01
1.384000e+01
1.384000e+01
1.384000e+01
1.384000e+01
1.384000e+01
1.394000e+01
1.394000e+01
1.394000e+01
1.394000e+01
1.394000e+01
1.389000e+01
1.389000e+01
1.390000e+01
1.390000e+01
1.382000e+01
1.382000e+01
1.382000e+01
1.382000e+01
1.382000e+01
1.382000e+01
1.382000e+01
1.382000e+01
1.382000e+01
1.382000e+01
1.373000e+01
1.373000e+01
1.373000e+01
1.373000e+01
1.372000e+01
1.372000e+01
1.372000e+01
1.365000e+01
1.365000e+01
1.313000e+01
1.313000e+01
1.361000e+01
1.361000e+01
1.361000e+01
1.361000e+01
1.361000e+01
1.361000e+01
1.361000e+01
1.361000e+01
1.361000e+01
1.361000e+01
1.361000e+01
1.361000e+01
1.361000e+01
1.361000e+01
1.361000e+01
1.361000e+01
1.361000e+01
1.361000e+01
1.361000e+01
1.361000e+01
1.361000e+01
1.361000e+01
1.361000e+01
1.361000e+01
1.361000e+01
1.361000e+01
1.361000e+01
1.361000e+01
1.361000e+01
1.361000e+01
1.361000e+01
1.377000e+01
1.377000e+01
1.368000e+01
1.368000e+01
1.352000e+01
1.352000e+01
1.352000e+01
1.372000e+01
1.372000e+01
1.354000e+01
1.354000e+01
1.345000e+01
1.345000e+01
1.345000e+01
1.365000e+01
1.365000e+01
1.365000e+01
1.365000e+01
1.357000e+01
1.357000e+01
1.357000e+01
1.359000e+01
1.359000e+01
1.350000e+01
1.350000e+01
1.374000e+01
1.374000e+01
1.374000e+01
1.381000e+01
1.381000e+01
1.364000e+01
1.364000e+01
1.364000e+01
1.364000e+01
1.364000e+01
1.359000e+01
1.359000e+01
1.359000e+01
1.359000e+01
1.375000e+01
1.375000e+01
1.375000e+01
1.381000e+01
1.381000e+01
1.379000e+01
1.379000e+01
1.377000e+01
1.377000e+01
1.377000e+01
1.376000e+01
1.376000e+01
1.379000e+01
1.379000e+01
1.369000e+01
1.369000e+01
1.369000e+01
1.386000e+01
1.386000e+01
1.387000e+01
1.387000e+01
1.387000e+01
1.387000e+01
1.387000e+01
1.393000e+01
1.393000e+01
1.372000e+01
1.372000e+01
1.367000e+01
1.367000e+01
1.367000e+01
1.375000e+01
1.375000e+01
1.381000e+01
1.381000e+01
1.387000e+01
1.387000e+01
1.387000e+01
1.393000e+01
1.393000e+01
1.409000e+01
1.409000e+01
1.390000e+01
1.390000e+01
1.390000e+01
1.391000e+01
1.391000e+01
1.391000e+01
1.391000e+01
1.374000e+01
1.374000e+01
1.374000e+01
1.375000e+01
1.375000e+01
1.397000e+01
1.397000e+01
1.387000e+01
1.387000e+01
1.387000e+01
1.387000e+01
1.387000e+01
1.387000e+01
1.387000e+01
1.387000e+01
1.387000e+01
1.387000e+01
1.366000e+01
1.366000e+01
1.365000e+01
1.365000e+01
1.365000e+01
1.365000e+01
1.365000e+01
1.365000e+01
1.365000e+01
1.380000e+01
1.380000e+01
1.372000e+01
1.372000e+01
1.372000e+01
1.383000e+01
1.383000e+01
1.375000e+01
1.375000e+01
1.376000e+01
1.376000e+01
1.376000e+01
1.379000e+01
1.379000e+01
1.376000e+01
1.376000e+01
1.376000e+01
