0
0
0
0
0
0
0
0
0
0
0
0
0
0
0
0
0
0
0
0
0
0
0
0
0
0
0
0
0
0
0
0
0
0
0
0
0
0
0
0
0
0
0
0
0
0
0
0
0
0
0
0
0
0
0
0
0
0
0
0
0
0
0
0
0
0
0
0
0
0
0
0
0
0
0
0
0
0
0
0
0
0
0
0
0
0
0
0
0
0
0
0
0
0
0
0
0
0
0
0
0
0
0
0
0
0
0
0
0
0
0
0
0
0
0
0
0
0
0
0
0
0
0
0
0
0
0
0
0
0
0
0
0
0
0
0
0
0
0
0
0
0
0
0
0
0
0
0
0
0
0
0
0
0
0
0
0
0
0
0
0
0
0
0
0
0
0
0
0
0
0
0
0
0
0
0
0
0
0
0
0
0
0
0
0
0
0
0
0
0
0
0
0
0
0
0
0
0
0
0
0
0
0
0
0
0
0
0
0
0
0
0
0
0
0
0
0
0
0
0
0
0
0
0
0
0
0
0
0
0
0
0
0
0
0
0
0
0
0
0
0
0
0
0
0
0
0
0
0
0
0
0
0
0
0
0
0
0
0
0
0
0
0
0
0
0
0
0
0
0
0
0
0
0
0
0
0
0
0
0
0
0
0
0
0
0
0
0
0
0
0
0
0
0
0
0
0
0
0
0
0
0
0
0
0
0
0
0
0
0
0
0
0
0
0
0
0
0
0
0
0
0
0
0
0
0
0
0
0
0
0
0
0
0
0
0
0
0
0
0
0
0
0
0
0
0
0
0
0
0
0
0
0
0
0
0
0
0
0
0
0
0
0
0
0
0
0
0
0
0
0
0
0
0
0
0
0
0
0
0
0
0
0
0
0
0
0
0
0
0
0
0
0
0
0
0
0
0
0
0
0
0
0
0
0
0
0
0
0
0
0
0
0
0
0
0
0
0
0
0
0
0
0
0
0
0
0
0
0
0
0
0
0
0
0
0
0
0
0
0
0
0
0
0
0
0
0
0
0
0
0
0
0
0
0
0
0
0
0
0
0
0
0
0
0
0
0
0
0
0
0
0
0
0
0
0
0
0
0
0
0
0
0
0
0
0
0
0
0
0
0
0
0
0
0
0
0
0
0
0
0
0
0
0
0
0
0
0
0
0
0
0
0
0
0
0
0
0
0
0
0
0
0
0
0
0
0
0
0
0
0
0
0
0
0
0
0
0
0
0
0
0
0
0
0
0
0
0
0
0
0
0
0
0
0
0
0
0
0
0
0
0
0
0
0
0
0
0
0
0
0
0
0
0
0
0
0
0
0
0
0
0
0
0
0
0
0
0
0
0
0
0
0
0
0
0
0
0
0
0
0
0
0
0
0
0
0
0
0
0
0
0
0
0
0
0
0
0
0
0
0
0
0
0
0
0
0
0
0
0
0
0
0
0
0
0
0
0
0
0
0
0
0
0
0
0
0
0
0
0
0
0
0
0
0
0
0
0
0
0
0
0
0
0
0
0
0
0
0
0
0
0
0
0
0
0
0
0
0
0
0
0
0
0
0
0
0
0
0
0
0
0
0
0
0
0
0
0
0
0
0
0
0
0
0
0
0
0
0
0
0
0
0
0
0
0
0
0
0
0
0
0
0
0
0
0
0
0
0
0
0
0
0
0
0
0
0
0
0
0
0
0
0
0
0
0
0
0
0
0
0
0
0
0
0
0
0
0
0
0
0
0
0
0
0
0
0
0
0
0
0
0
0
0
0
0
0
0
0
0
0
0
0
0
0
0
0
0
0
0
0
0
0
0
0
0
0
0
0
0
0
0
0
0
0
0
0
0
0
0
0
0
0
0
0
0
0
0
0
0
0
0
0
0
0
0
0
0
0
0
0
0
0
0
0
0
0
0
0
0
0
0
0
0
0
0
0
0
0
0
0
0
0
0
0
0
0
0
0
0
0
0
0
0
0
0
0
0
0
0
0
0
0
0
0
0
0
0
0
0
0
0
0
0
0
0
0
0
0
0
0
0
0
0
0
0
0
0
0
0
0
0
0
0
0
0
0
0
0
0
0
0
0
0
0
0
0
0
0
0
0
0
0
0
0
0
0
0
0
0
0
0
0
0
0
0
0
0
0
0
0
0
0
0
0
0
0
0
0
0
0
0
0
0
0
0
0
0
0
0
0
0
0
0
0
0
0
0
0
0
0
0
0
0
0
0
0
0
0
0
0
0
0
0
0
0
0
0
0
0
0
0
0
0
0
0
0
0
0
0
0
0
0
0
0
0
0
0
0
0
0
0
0
0
0
0
0
0
0
0
0
0
0
0
0
0
0
0
0
0
0
0
0
0
0
0
0
0
0
0
0
0
0
0
0
0
0
0
0
0
0
0
0
0
0
0
0
0
0
0
0
0
0
0
0
0
0
0
0
0
0
0
0
0
0
0
0
0
0
0
0
0
0
0
0
0
0
0
0
0
0
0
0
0
0
0
0
0
0
0
0
0
0
0
0
0
0
0
0
0
0
0
0
0
0
0
0
0
0
0
0
0
0
0
0
0
0
0
0
0
0
0
0
0
0
0
0
0
0
0
0
0
0
0
0
0
0
0
0
0
0
0
0
0
0
0
0
0
0
0
0
0
0
0
0
0
0
0
0
0
0
0
0
0
0
0
0
0
0
0
0
0
0
0
0
0
0
0
0
0
0
0
0
0
0
0
0
0
0
0
0
0
0
0
0
0
0
0
0
0
0
0
0
0
0
0
0
0
0
0
0
0
0
0
0
0
0
0
0
0
0
0
0
0
0
0
0
0
0
0
0
0
0
0
0
0
0
0
0
0
0
0
0
0
0
0
0
0
0
0
0
0
0
0
0
0
0
0
0
0
0
0
0
0
0
0
0
0
0
0
0
0
0
0
0
0
0
0
0
0
0
0
0
0
0
0
0
0
0
0
0
0
0
0
0
0
0
0
0
0
0
0
0
0
0
0
0
0
0
0
0
0
0
0
0
0
0
0
0
0
0
0
0
0
0
0
0
0
0
0
0
0
0
0
0
0
0
0
0
0
0
0
0
0
0
0
0
0
0
0
0
0
0
0
0
0
0
0
0
0
0
0
0
0
0
0
0
0
0
0
0
0
0
0
0
0
0
0
0
0
0
0
0
0
0
0
0
0
0
0
0
0
0
0
0
0
0
0
0
0
0
0
0
0
0
0
0
0
0
0
0
0
0
0
0
0
0
0
0
0
0
0
0
0
0
0
0
0
0
0
0
0
0
0
0
0
0
0
0
0
0
0
0
0
0
0
0
0
0
0
0
0
0
0
0
0
0
0
0
0
0
1.694000e+01
1.758000e+01
1.670000e+01
1.570000e+01
1.463000e+01
1.463000e+01
1.463000e+01
1.245000e+01
1.384000e+01
1.592000e+01
1.734000e+01
1.779000e+01
1.779000e+01
1.779000e+01
2.007000e+01
2.024000e+01
2.667000e+01
1.124000e+01
1.124000e+01
1.124000e+01
1.124000e+01
1.124000e+01
1.124000e+01
1.124000e+01
1.124000e+01
1.124000e+01
1.124000e+01
1.124000e+01
1.124000e+01
1.124000e+01
1.124000e+01
2.397000e+01
3.848000e+01
3.848000e+01
3.848000e+01
5.794000e+01
6.696000e+01
8.957000e+01
7.838000e+01
8.477000e+01
8.477000e+01
8.477000e+01
1.461200e+02
1.602600e+02
1.602600e+02
1.602600e+02
1.821000e+02
1.821000e+02
1.821000e+02
1.989900e+02
2.033400e+02
2.109300e+02
2.230400e+02
2.230400e+02
2.230400e+02
2.230400e+02
2.475500e+02
2.475500e+02
2.551700e+02
2.551700e+02
2.551700e+02
2.551700e+02
2.551700e+02
2.808300e+02
2.826700e+02
2.866500e+02
2.889500e+02
2.896100e+02
2.896100e+02
2.896100e+02
3.189200e+02
3.196300e+02
3.263600e+02
3.268600e+02
3.315600e+02
3.315600e+02
3.315600e+02
3.473200e+02
3.473200e+02
3.473200e+02
3.473200e+02
3.609500e+02
3.609500e+02
3.609500e+02
3.533500e+02
3.533500e+02
3.526800e+02
3.526800e+02
3.549000e+02
3.549000e+02
3.549000e+02
3.596400e+02
3.596400e+02
3.499600e+02
3.499600e+02
3.367900e+02
3.367900e+02
3.367900e+02
3.190100e+02
3.190100e+02
3.190100e+02
3.190100e+02
3.190100e+02
3.190100e+02
3.190100e+02
3.238700e+02
3.238700e+02
3.305700e+02
3.305700e+02
3.283900e+02
3.283900e+02
3.283900e+02
3.384100e+02
3.384100e+02
3.384100e+02
3.384100e+02
3.237200e+02
3.237200e+02
3.237200e+02
3.547100e+02
3.547100e+02
3.623800e+02
3.623800e+02
3.623800e+02
3.623800e+02
3.623800e+02
3.689500e+02
3.689500e+02
3.786000e+02
3.786000e+02
3.989800e+02
3.989800e+02
3.989800e+02
3.989800e+02
3.989800e+02
3.724000e+02
3.724000e+02
3.659900e+02
3.659900e+02
3.659900e+02
3.038700e+02
3.038700e+02
3.133600e+02
3.133600e+02
3.220400e+02
3.220400e+02
3.220400e+02
3.258600e+02
3.258600e+02
2.709300e+02
2.709300e+02
7.478000e+01
7.478000e+01
7.478000e+01
6.349000e+01
6.349000e+01
6.078000e+01
6.078000e+01
2.902400e+02
2.902400e+02
2.902400e+02
3.676100e+02
3.676100e+02
3.690900e+02
3.690900e+02
2.591000e+01
2.591000e+01
2.591000e+01
6.012000e+01
6.012000e+01
5.476000e+01
5.476000e+01
5.476000e+01
5.476000e+01
5.476000e+01
4.521000e+01
4.521000e+01
4.410000e+01
4.410000e+01
4.410000e+01
4.410000e+01
4.410000e+01
3.909000e+01
3.909000e+01
3.909000e+01
3.909000e+01
3.883000e+01
3.883000e+01
3.883000e+01
3.883000e+01
3.883000e+01
4.463000e+01
4.463000e+01
4.463000e+01
4.463000e+01
4.463000e+01
4.463000e+01
4.463000e+01
4.463000e+01
4.463000e+01
4.463000e+01
4.463000e+01
4.463000e+01
4.463000e+01
4.463000e+01
4.463000e+01
4.463000e+01
4.463000e+01
4.463000e+01
4.463000e+01
4.463000e+01
4.463000e+01
4.463000e+01
4.463000e+01
4.463000e+01
4.463000e+01
4.463000e+01
4.463000e+01
4.463000e+01
4.463000e+01
4.463000e+01
4.463000e+01
4.463000e+01
4.463000e+01
4.489000e+01
4.489000e+01
4.533000e+01
4.533000e+01
4.627000e+01
4.627000e+01
4.627000e+01
4.627000e+01
4.627000e+01
4.627000e+01
4.627000e+01
4.309000e+01
4.309000e+01
4.309000e+01
4.491000e+01
4.491000e+01
4.495000e+01
4.495000e+01
4.399000e+01
4.399000e+01
4.399000e+01
4.691000e+01
4.691000e+01
4.691000e+01
4.691000e+01
4.559000e+01
4.559000e+01
4.559000e+01
4.664000e+01
4.664000e+01
4.664000e+01
4.664000e+01
4.008000e+01
4.008000e+01
4.008000e+01
4.008000e+01
4.008000e+01
4.008000e+01
4.008000e+01
4.008000e+01
4.008000e+01
4.008000e+01
4.008000e+01
4.008000e+01
4.008000e+01
4.008000e+01
4.881000e+01
4.881000e+01
4.881000e+01
4.773000e+01
4.773000e+01
4.843000e+01
4.843000e+01
4.821000e+01
4.821000e+01
4.821000e+01
4.821000e+01
4.821000e+01
4.821000e+01
4.821000e+01
0
0
0
0
0
5.420000e+01
5.420000e+01
5.364000e+01
5.364000e+01
5.364000e+01
5.364000e+01
5.364000e+01
5.411000e+01
5.411000e+01
5.514000e+01
5.514000e+01
5.514000e+01
5.534000e+01
5.534000e+01
5.451000e+01
5.451000e+01
5.395000e+01
5.395000e+01
5.395000e+01
5.451000e+01
5.451000e+01
5.463000e+01
5.463000e+01
5.495000e+01
5.495000e+01
5.495000e+01
5.495000e+01
5.495000e+01
5.649000e+01
5.649000e+01
5.568000e+01
5.568000e+01
5.568000e+01
5.619000e+01
5.619000e+01
5.618000e+01
5.618000e+01
5.562000e+01
5.562000e+01
5.562000e+01
5.562000e+01
5.562000e+01
5.687000e+01
5.687000e+01
5.710000e+01
5.710000e+01
5.710000e+01
5.644000e+01
5.644000e+01
5.632000e+01
5.632000e+01
5.650000e+01
5.650000e+01
5.650000e+01
5.650000e+01
5.650000e+01
5.650000e+01
5.650000e+01
5.650000e+01
5.650000e+01
5.650000e+01
5.917000e+01
5.917000e+01
5.790000e+01
5.790000e+01
5.859000e+01
5.859000e+01
5.859000e+01
5.859000e+01
5.859000e+01
5.859000e+01
5.859000e+01
3.646100e+02
3.646100e+02
3.646100e+02
4.172400e+02
4.172400e+02
4.172400e+02
4.172400e+02
4.172400e+02
4.172400e+02
4.172400e+02
4.172400e+02
4.172400e+02
4.172400e+02
3.248400e+02
2.041200e+02
2.041200e+02
2.041200e+02
1.598500e+02
1.598500e+02
1.456400e+02
1.456400e+02
1.363700e+02
1.363700e+02
1.363700e+02
1.363700e+02
1.363700e+02
1.284100e+02
1.284100e+02
1.261700e+02
1.261700e+02
1.261700e+02
1.240900e+02
1.240900e+02
1.240900e+02
1.240900e+02
1.195900e+02
1.195900e+02
1.195900e+02
1.195900e+02
1.195900e+02
1.190300e+02
1.190300e+02
1.179600e+02
1.179600e+02
1.179600e+02
1.077800e+02
1.077800e+02
1.076500e+02
1.076500e+02
1.090300e+02
1.090300e+02
1.090300e+02
1.090300e+02
1.090300e+02
6.462000e+01
6.462000e+01
6.462000e+01
6.462000e+01
6.462000e+01
6.391000e+01
6.391000e+01
6.391000e+01
6.391000e+01
6.435000e+01
6.435000e+01
6.435000e+01
6.435000e+01
6.435000e+01
6.222000e+01
6.222000e+01
6.222000e+01
6.222000e+01
6.222000e+01
6.222000e+01
6.222000e+01
6.397000e+01
6.397000e+01
6.097000e+01
6.097000e+01
6.097000e+01
6.097000e+01
6.097000e+01
6.177000e+01
6.177000e+01
6.374000e+01
6.374000e+01
6.374000e+01
6.374000e+01
6.374000e+01
6.252000e+01
6.252000e+01
6.252000e+01
6.252000e+01
6.252000e+01
6.304000e+01
6.304000e+01
6.401000e+01
6.401000e+01
6.350000e+01
6.350000e+01
6.350000e+01
6.350000e+01
6.350000e+01
6.350000e+01
6.350000e+01
6.395000e+01
6.395000e+01
6.395000e+01
6.395000e+01
6.395000e+01
6.572000e+01
6.572000e+01
6.437000e+01
6.437000e+01
6.437000e+01
6.441000e+01
6.441000e+01
6.441000e+01
6.441000e+01
6.441000e+01
6.441000e+01
6.441000e+01
6.441000e+01
6.441000e+01
6.774000e+01
6.774000e+01
6.686000e+01
6.686000e+01
6.686000e+01
6.686000e+01
6.686000e+01
6.686000e+01
6.686000e+01
6.577000e+01
6.577000e+01
6.577000e+01
6.577000e+01
6.577000e+01
6.073000e+01
6.073000e+01
6.914000e+01
6.914000e+01
6.914000e+01
7.010000e+01
7.010000e+01
7.038000e+01
7.038000e+01
6.991000e+01
6.991000e+01
6.991000e+01
6.991000e+01
6.991000e+01
7.821000e+01
7.821000e+01
7.821000e+01
7.821000e+01
7.821000e+01
7.758000e+01
7.758000e+01
7.686000e+01
7.686000e+01
7.658000e+01
7.658000e+01
7.658000e+01
7.658000e+01
7.658000e+01
7.796000e+01
7.796000e+01
7.830000e+01
7.830000e+01
7.830000e+01
7.830000e+01
7.830000e+01
7.753000e+01
7.753000e+01
7.753000e+01
7.753000e+01
7.753000e+01
7.753000e+01
7.753000e+01
7.812000e+01
7.812000e+01
7.798000e+01
7.798000e+01
7.798000e+01
7.883000e+01
7.883000e+01
7.883000e+01
7.883000e+01
7.883000e+01
7.883000e+01
7.883000e+01
7.883000e+01
7.883000e+01
7.883000e+01
7.883000e+01
7.883000e+01
7.883000e+01
7.883000e+01
7.883000e+01
7.883000e+01
7.883000e+01
7.883000e+01
7.883000e+01
7.883000e+01
7.883000e+01
7.883000e+01
7.883000e+01
7.883000e+01
8.037000e+01
8.037000e+01
8.037000e+01
8.037000e+01
8.037000e+01
8.037000e+01
8.037000e+01
8.037000e+01
8.037000e+01
8.037000e+01
8.037000e+01
8.037000e+01
8.120000e+01
8.120000e+01
8.120000e+01
8.120000e+01
8.120000e+01
8.120000e+01
8.120000e+01
8.120000e+01
8.271000e+01
8.271000e+01
8.271000e+01
8.271000e+01
8.271000e+01
8.271000e+01
8.271000e+01
8.206000e+01
8.206000e+01
8.214000e+01
8.214000e+01
8.214000e+01
8.195000e+01
8.195000e+01
8.115000e+01
8.115000e+01
8.154000e+01
8.154000e+01
8.154000e+01
8.154000e+01
8.154000e+01
8.372000e+01
8.372000e+01
8.361000e+01
8.361000e+01
8.361000e+01
8.526000e+01
8.526000e+01
8.526000e+01
8.526000e+01
8.819000e+01
8.819000e+01
8.819000e+01
8.819000e+01
8.819000e+01
8.755000e+01
8.755000e+01
8.755000e+01
8.755000e+01
8.755000e+01
8.865000e+01
8.865000e+01
8.696000e+01
8.696000e+01
8.696000e+01
8.696000e+01
8.696000e+01
8.696000e+01
8.696000e+01
8.888000e+01
8.888000e+01
8.872000e+01
8.872000e+01
8.872000e+01
8.996000e+01
8.996000e+01
8.815000e+01
8.815000e+01
8.815000e+01
8.815000e+01
8.815000e+01
8.815000e+01
8.815000e+01
9.007000e+01
9.007000e+01
8.852000e+01
8.852000e+01
8.852000e+01
8.919000e+01
8.919000e+01
9.032000e+01
9.032000e+01
9.032000e+01
9.032000e+01
9.032000e+01
9.136000e+01
9.136000e+01
9.180000e+01
9.180000e+01
9.160000e+01
9.160000e+01
9.160000e+01
9.297000e+01
9.297000e+01
9.106000e+01
9.106000e+01
9.350000e+01
9.350000e+01
9.350000e+01
9.346000e+01
9.346000e+01
9.346000e+01
9.346000e+01
9.255000e+01
9.255000e+01
9.255000e+01
9.241000e+01
9.241000e+01
9.332000e+01
9.332000e+01
9.344000e+01
9.344000e+01
9.344000e+01
9.344000e+01
9.344000e+01
9.361000e+01
9.361000e+01
9.348000e+01
9.348000e+01
9.348000e+01
9.358000e+01
9.358000e+01
9.263000e+01
9.263000e+01
9.194000e+01
9.194000e+01
9.194000e+01
9.194000e+01
9.194000e+01
8.979000e+01
8.979000e+01
8.951000e+01
8.951000e+01
8.951000e+01
8.940000e+01
8.940000e+01
8.969000e+01
8.969000e+01
9.030000e+01
9.030000e+01
9.030000e+01
9.030000e+01
9.030000e+01
9.030000e+01
9.030000e+01
8.995000e+01
8.995000e+01
8.995000e+01
8.961000e+01
8.961000e+01
9.013000e+01
9.013000e+01
9.009000e+01
9.009000e+01
9.009000e+01
9.009000e+01
9.009000e+01
8.959000e+01
8.959000e+01
8.959000e+01
8.959000e+01
8.959000e+01
8.959000e+01
8.959000e+01
9.078000e+01
9.078000e+01
9.092000e+01
9.092000e+01
9.092000e+01
9.092000e+01
9.092000e+01
9.056000e+01
9.056000e+01
9.076000e+01
9.076000e+01
9.076000e+01
8.990000e+01
8.990000e+01
8.920000e+01
8.920000e+01
8.986000e+01
8.986000e+01
8.986000e+01
8.986000e+01
8.986000e+01
8.873000e+01
8.873000e+01
8.873000e+01
8.873000e+01
8.873000e+01
8.928000e+01
8.928000e+01
8.989000e+01
8.986000e+01
8.986000e+01
8.986000e+01
8.986000e+01
8.986000e+01
8.986000e+01
8.981000e+01
8.981000e+01
8.981000e+01
8.981000e+01
8.981000e+01
8.945000e+01
8.945000e+01
8.945000e+01
8.880000e+01
8.909000e+01
8.909000e+01
8.909000e+01
8.870000e+01
8.870000e+01
8.956000e+01
8.956000e+01
8.928000e+01
8.928000e+01
8.928000e+01
8.869000e+01
8.869000e+01
8.854000e+01
8.854000e+01
8.921000e+01
8.921000e+01
8.921000e+01
8.893000e+01
8.893000e+01
8.860000e+01
8.860000e+01
8.860000e+01
8.860000e+01
8.860000e+01
8.839000e+01
8.839000e+01
8.831000e+01
8.831000e+01
8.831000e+01
8.831000e+01
8.831000e+01
8.805000e+01
8.805000e+01
8.717000e+01
8.717000e+01
8.753000e+01
8.753000e+01
8.753000e+01
8.903000e+01
8.903000e+01
8.903000e+01
8.903000e+01
8.827000e+01
8.827000e+01
8.827000e+01
8.836000e+01
8.836000e+01
9.660000e+01
9.660000e+01
9.422000e+01
9.422000e+01
9.422000e+01
9.227000e+01
9.227000e+01
9.189000e+01
9.189000e+01
9.189000e+01
9.189000e+01
9.189000e+01
9.189000e+01
9.189000e+01
9.171000e+01
9.171000e+01
9.171000e+01
9.171000e+01
9.171000e+01
9.132000e+01
9.132000e+01
9.064000e+01
9.064000e+01
9.064000e+01
9.064000e+01
9.064000e+01
9.064000e+01
9.064000e+01
9.522000e+01
9.522000e+01
9.341000e+01
9.341000e+01
9.341000e+01
9.486000e+01
9.486000e+01
9.460000e+01
9.460000e+01
9.460000e+01
9.460000e+01
9.460000e+01
9.481000e+01
9.481000e+01
9.564000e+01
9.564000e+01
9.595000e+01
9.595000e+01
9.595000e+01
9.560000e+01
9.560000e+01
9.661000e+01
9.661000e+01
9.532000e+01
9.532000e+01
9.532000e+01
9.532000e+01
9.532000e+01
9.532000e+01
9.532000e+01
9.532000e+01
9.532000e+01
9.532000e+01
9.231000e+01
9.231000e+01
9.294000e+01
9.294000e+01
9.318000e+01
9.318000e+01
9.318000e+01
9.318000e+01
9.318000e+01
9.318000e+01
9.318000e+01
9.218000e+01
9.218000e+01
9.218000e+01
9.218000e+01
9.218000e+01
9.218000e+01
9.218000e+01
9.218000e+01
9.218000e+01
9.218000e+01
9.218000e+01
9.218000e+01
9.033000e+01
9.033000e+01
9.151000e+01
9.151000e+01
9.151000e+01
9.151000e+01
9.151000e+01
9.064000e+01
9.064000e+01
8.889000e+01
8.889000e+01
8.889000e+01
8.860000e+01
8.860000e+01
8.915000e+01
8.915000e+01
8.915000e+01
8.915000e+01
8.915000e+01
9.026000e+01
9.026000e+01
9.026000e+01
9.026000e+01
9.026000e+01
9.026000e+01
9.026000e+01
9.026000e+01
9.026000e+01
9.023000e+01
9.023000e+01
9.023000e+01
9.023000e+01
9.023000e+01
8.944000e+01
8.944000e+01
8.894000e+01
8.894000e+01
8.894000e+01
8.894000e+01
8.894000e+01
8.894000e+01
8.894000e+01
8.849000e+01
8.849000e+01
8.837000e+01
8.837000e+01
8.837000e+01
8.810000e+01
8.810000e+01
9.743000e+01
9.743000e+01
9.402000e+01
9.402000e+01
9.402000e+01
9.402000e+01
9.402000e+01
9.031000e+01
9.031000e+01
9.031000e+01
9.031000e+01
9.031000e+01
8.963000e+01
8.963000e+01
9.085000e+01
9.085000e+01
8.976000e+01
8.976000e+01
8.976000e+01
8.962000e+01
8.962000e+01
8.916000e+01
8.916000e+01
9.092000e+01
9.092000e+01
9.092000e+01
9.092000e+01
9.092000e+01
9.092000e+01
9.092000e+01
8.921000e+01
8.921000e+01
8.921000e+01
8.985000e+01
8.985000e+01
8.968000e+01
8.968000e+01
9.016000e+01
9.016000e+01
9.016000e+01
8.995000e+01
8.995000e+01
9.119000e+01
9.119000e+01
9.014000e+01
9.014000e+01
9.014000e+01
9.005000e+01
9.005000e+01
9.003000e+01
9.003000e+01
9.031000e+01
9.031000e+01
9.031000e+01
8.990000e+01
8.990000e+01
9.075000e+01
9.075000e+01
9.075000e+01
9.075000e+01
9.075000e+01
9.075000e+01
9.075000e+01
9.075000e+01
9.075000e+01
9.023000e+01
9.023000e+01
9.023000e+01
8.967000e+01
8.967000e+01
8.917600e+01
8.917600e+01
9.028000e+01
9.028000e+01
9.028000e+01
9.097000e+01
9.097000e+01
9.099000e+01
9.099000e+01
8.810000e+01
8.810000e+01
8.810000e+01
8.924000e+01
8.924000e+01
8.998000e+01
8.998000e+01
9.032000e+01
9.032000e+01
9.032000e+01
9.032000e+01
9.032000e+01
9.024000e+01
9.024000e+01
9.024000e+01
9.024000e+01
9.024000e+01
9.066000e+01
9.066000e+01
9.080000e+01
9.080000e+01
9.023000e+01
9.023000e+01
9.023000e+01
9.021000e+01
9.021000e+01
9.093000e+01
9.093000e+01
9.093000e+01
9.093000e+01
9.093000e+01
9.127000e+01
9.127000e+01
9.127000e+01
9.127000e+01
9.165000e+01
9.165000e+01
9.165000e+01
9.193000e+01
9.193000e+01
9.014000e+01
9.014000e+01
9.199000e+01
9.199000e+01
9.199000e+01
9.151000e+01
9.151000e+01
9.151000e+01
9.151000e+01
9.237000e+01
9.237000e+01
9.237000e+01
9.203000e+01
9.203000e+01
9.206000e+01
9.206000e+01
9.206000e+01
9.206000e+01
9.206000e+01
9.054000e+01
9.054000e+01
9.054000e+01
9.054000e+01
9.032000e+01
9.032000e+01
9.032000e+01
9.049000e+01
9.049000e+01
9.033000e+01
9.033000e+01
9.067000e+01
9.067000e+01
9.067000e+01
9.074000e+01
9.067000e+01
8.814000e+01
8.814000e+01
8.914000e+01
8.914000e+01
8.914000e+01
9.204000e+01
9.204000e+01
8.816000e+01
8.816000e+01
9.062000e+01
9.062000e+01
9.062000e+01
8.816000e+01
8.816000e+01
8.816000e+01
8.816000e+01
9.060000e+01
9.060000e+01
9.060000e+01
9.162000e+01
9.162000e+01
9.162000e+01
9.162000e+01
9.222000e+01
9.222000e+01
9.222000e+01
9.222000e+01
9.222000e+01
9.218000e+01
9.218000e+01
8.914000e+01
8.914000e+01
8.914000e+01
9.205000e+01
9.205000e+01
9.205000e+01
9.205000e+01
9.115000e+01
9.115000e+01
9.115000e+01
9.115000e+01
9.115000e+01
9.115000e+01
9.115000e+01
9.115000e+01
9.115000e+01
9.115000e+01
9.115000e+01
9.115000e+01
9.226000e+01
9.226000e+01
8.910000e+01
8.910000e+01
8.910000e+01
8.910000e+01
8.910000e+01
8.910000e+01
8.910000e+01
8.910000e+01
8.910000e+01
8.910000e+01
8.910000e+01
8.910000e+01
8.910000e+01
8.910000e+01
8.910000e+01
8.910000e+01
8.910000e+01
8.910000e+01
8.910000e+01
8.910000e+01
8.910000e+01
1.171700e+02
1.171700e+02
1.171700e+02
2.247700e+02
2.247700e+02
2.812800e+02
2.812800e+02
2.888300e+02
2.888300e+02
2.888300e+02
2.888300e+02
2.888300e+02
3.022700e+02
3.022700e+02
3.053800e+02
3.053800e+02
3.053800e+02
3.075900e+02
3.075900e+02
3.096300e+02
3.096300e+02
3.096300e+02
3.096300e+02
3.096300e+02
3.220600e+02
3.220600e+02
325
325
325
325
325
325
325
3.342500e+02
3.342500e+02
3.342500e+02
3.342500e+02
3.342500e+02
3.342500e+02
3.342500e+02
3.342500e+02
3.342500e+02
3.458900e+02
3.458900e+02
3.458900e+02
3.458900e+02
3.458900e+02
3.458900e+02
3.458900e+02
3.561100e+02
3.561100e+02
3.561100e+02
3.593500e+02
3.593500e+02
3.593500e+02
3.593500e+02
3.593500e+02
3.593500e+02
3.593500e+02
3.593500e+02
3.593500e+02
3.660400e+02
3.660400e+02
3.660400e+02
3.660400e+02
3.660400e+02
3.660400e+02
3.660400e+02
3.660400e+02
3.660400e+02
3.660400e+02
3.660400e+02
3.660400e+02
8.851000e+01
8.851000e+01
8.853000e+01
8.853000e+01
8.723000e+01
8.723000e+01
8.723000e+01
8.748000e+01
8.748000e+01
8.748000e+01
8.748000e+01
8.748000e+01
8.748000e+01
8.748000e+01
8.885000e+01
8.885000e+01
8.885000e+01
8.885000e+01
8.990000e+01
8.990000e+01
8.990000e+01
8.868000e+01
8.868000e+01
8.898000e+01
8.898000e+01
8.898000e+01
8.898000e+01
8.898000e+01
8.829000e+01
8.829000e+01
2.308000e+02
2.308000e+02
1.769600e+02
1.769600e+02
1.769600e+02
2.200600e+02
2.200600e+02
2.974000e+02
2.974000e+02
3.887400e+02
3.887400e+02
3.887400e+02
3.708600e+02
3.708600e+02
3.271900e+02
3.271900e+02
4.136200e+02
4.136200e+02
4.136200e+02
4.175100e+02
4.175100e+02
1.123800e+02
1.123800e+02
8.787000e+01
8.787000e+01
8.787000e+01
8.787000e+01
8.787000e+01
8.787000e+01
8.787000e+01
8.787000e+01
8.787000e+01
8.787000e+01
8.564000e+01
8.564000e+01
8.549000e+01
8.549000e+01
8.549000e+01
8.549000e+01
8.549000e+01
8.563000e+01
8.563000e+01
3.784000e+02
3.784000e+02
3.859200e+02
3.859200e+02
3.859200e+02
3.454500e+02
3.454500e+02
1.029500e+02
1.029500e+02
8.946000e+01
8.946000e+01
8.946000e+01
8.946000e+01
8.946000e+01
8.924000e+01
8.924000e+01
8.924000e+01
