0
0
0
0
0
0
0
0
0
0
0
0
0
0
0
0
0
0
0
0
0
0
0
0
0
0
0
0
0
0
0
0
0
0
0
0
0
0
0
0
0
0
0
0
0
0
0
0
0
0
0
0
0
0
0
0
0
0
0
0
0
0
0
0
0
0
0
0
0
0
0
0
0
0
0
0
0
0
0
0
0
0
0
0
0
0
0
0
0
0
0
0
0
0
0
0
0
0
0
0
0
0
0
0
0
0
0
0
0
0
0
0
0
0
0
0
0
0
0
0
0
0
0
0
0
0
0
0
0
0
0
0
0
0
0
0
0
0
0
0
0
0
0
0
0
0
0
0
0
0
0
0
0
0
0
0
0
0
0
0
0
0
0
0
0
0
0
0
0
0
0
0
0
0
0
0
0
0
0
0
0
0
0
0
0
0
0
0
0
0
0
0
0
0
0
0
0
0
0
0
0
0
0
0
0
0
0
0
0
0
0
0
0
0
0
0
0
0
0
0
0
0
0
0
0
0
0
0
0
0
0
0
0
0
0
0
0
0
0
0
0
0
0
0
0
0
0
0
0
0
0
0
0
0
0
0
0
0
0
0
0
0
0
0
0
0
0
0
0
0
0
0
0
0
0
0
0
0
0
0
0
0
0
0
0
0
0
0
0
0
0
0
0
0
0
0
0
0
0
0
0
0
0
0
0
0
0
0
0
0
0
0
0
0
0
0
0
0
0
0
0
0
0
0
0
0
0
0
0
0
0
0
0
0
0
0
0
0
0
0
0
0
0
0
0
0
0
0
0
0
0
0
0
0
0
0
0
0
0
0
0
0
0
0
0
0
0
0
0
0
0
0
0
0
0
0
0
0
0
0
0
0
0
0
0
0
0
0
0
0
0
0
0
0
0
0
0
0
0
0
0
0
0
0
0
0
0
0
0
0
0
0
0
0
0
0
0
0
0
0
0
0
0
0
0
0
0
0
0
0
0
0
0
0
0
0
0
0
0
0
0
0
0
0
0
0
0
0
0
0
0
0
0
0
0
0
0
0
0
0
0
0
0
0
0
0
0
0
0
0
0
0
0
0
0
0
0
0
0
0
0
0
0
0
0
0
0
0
447
430
459
450
493
497
495
490
548
542
539
603
595
591
585
582
536
572
542
539
534
529
485
524
549
542
539
538
534
535
558
566
548
545
545
546
536
532
528
509
548
532
474
467
472
465
461
450
449
453
450
441
447
430
399
408
411
405
401
398
395
386
387
380
329
374
384
383
387
381
380
380
372
369
372
628
440
377
378
370
368
334
367
364
349
365
367
365
367
368
373
379
371
370
366
352
358
356
376
387
339
355
376
332
364
374
356
357
365
388
305
417
295
231
300
228
265
478
320
310
286
257
293
268
270
261
271
263
319
306
268
274
274
261
258
265
283
270
278
291
286
285
262
303
505
113
104
201
271
109
94
97
241
226
244
236
231
184
181
241
253
247
322
126
247
197
310
241
241
231
247
198
236
253
175
217
217
217
153
123
129
196
198
198
205
135
1.249000e+02
162
142
171
160
161
85
109
119
166
147
143
137
129
157
182
162
203
153
153
138
163
161
208
211
203
182
192
538
247
225
191
142
185
185
572
435
139
172
165
171
211
192
211
168
188
199
172
181
203
188
184
186
172
163
161
160
515
181
71
159
123
115
155
130
110
153
148
146
134
144
139
135
164
154
159
144
144
144
137
152
148
1.628400e+02
163
127
138
138
130
143
135
141
145
154
140
154
140
138
133
157
142
136
118
122
141
127
133
148
142
146
135
148
157
134
170
116
139
247
116
148
136
177
124
168
260
329
67
81
57
87
64
80
80
80
80
78
70
97
295
322
315
65
94
151
91
50
78
130
162
162
162
150
125
130
199
190
90
604
302
272
254
146
195
310
82
78
257
497
178
102
68
310
110
145
71
272
93
95
213
105
317
110
329
557
350
96
78
302
294
557
572
134
83
109
113
109
117
118
187
189
197
362
350
350
159
159
181
181
639
362
162
162
311
226
572
543
453
81
216
290
242
311
473
164
453
468
329
302
315
315
315
472
453
435
418
82
82
87
418
744
418
91
418
418
604
604
604
78
78
75
84
162
688
81
473
6
473
517
776
639
639
639
776
836
884
823
776
776
906
461
572
543
587
362
375
776
494
435
453
368
259
604
591
543
375
387
418
272
217
226
435
604
596
601
550
306
228
222
83
83
83
90
90
90
249
103
101
98
262
179
88
324
89
83
694
122
234
234
149
111
115
117
63
126
181
96
85
127
135
135
16
16
88
47
49
52
54
67
27
27
104
104
104
104
104
104
104
104
104
104
104
104
104
104
104
97
97
60
155
176
104
56
60
63
184
128
134
142
41
68
57
189
164
118
134
101
136
124
94
85
262
87
84
142
44
89
111
108
43
90
118
134
173
197
228
253
236
236
236
77
75
99
95
81
81
81
418
396
471
183
388
388
388
29
34
155
155
155
155
155
143
143
143
143
259
259
259
259
259
259
259
259
259
259
259
136
231
217
236
236
236
236
77
89
70
68
70
69
69
70
51
56
56
56
56
56
56
70
64
70
70
70
68
65
60
72
80
80
80
60
68
90
90
90
90
90
90
68
70
70
72
72
72
88
70
81
90
85
85
85
70
72
95
97
95
95
95
95
78
78
86
70
70
70
99
79
79
105
105
105
105
56
54
54
58
56
56
56
60
57
58
52
64
64
64
99
82
95
104
85
85
85
85
92
99
92
98
98
98
98
98
98
96
100
100
100
110
110
113
118
111
111
111
139
140
140
140
140
140
140
140
135
137
137
122
122
122
125
129
124
132
131
131
131
130
138
140
140
144
144
144
142
141
140
140
147
147
147
156
148
148
148
148
148
148
148
156
148
156
164
164
164
157
156
156
156
156
156
156
150
150
150
159
158
158
158
158
166
159
159
164
164
164
146
150
150
150
150
150
150
150
150
150
150
150
150
150
157
137
109
109
109
109
109
137
119
95
95
97
97
97
108
106
104
104
104
104
104
104
100
112
112
112
102
94
94
94
94
94
108
108
108
108
108
95
95
117
117
117
117
117
117
117
117
117
117
104
104
104
104
104
104
104
104
104
104
104
104
104
104
104
104
114
114
114
114
114
114
114
114
114
114
114
114
104
104
114
114
114
114
114
114
114
114
114
114
114
114
114
114
114
114
114
114
114
114
114
114
114
95
95
95
95
75
70
70
99
99
99
105
66
117
117
95
95
95
90
99
97
97
97
97
97
84
84
84
97
79
79
79
79
79
79
79
96
96
96
70
70
70
70
75
75
75
75
75
75
75
91
91
91
78
78
78
78
78
78
78
78
92
92
92
53
53
53
72
72
72
75
75
75
75
75
75
75
79
79
79
79
72
72
78
78
69
69
69
69
69
69
69
79
79
79
79
79
89
89
70
70
70
70
70
70
89
89
89
89
89
68
68
68
68
68
68
68
68
68
68
68
68
68
68
68
68
68
68
68
68
68
68
68
68
68
68
68
68
68
68
68
68
68
68
68
68
68
68
68
68
68
68
68
68
68
68
68
68
68
68
68
68
68
68
68
68
68
68
68
68
68
68
68
68
68
68
68
68
68
68
68
68
68
68
68
68
68
68
68
68
68
68
68
68
68
68
68
68
68
68
68
68
68
68
68
68
68
68
68
68
68
68
68
68
68
68
68
68
68
68
68
68
68
68
68
68
68
68
68
68
68
68
68
68
68
68
68
68
68
68
68
68
68
68
68
68
68
68
68
68
68
68
68
68
68
68
68
68
68
68
68
68
68
68
68
68
68
68
68
68
68
68
68
68
68
68
68
68
68
68
68
68
68
68
68
68
68
68
68
68
68
68
68
68
68
68
68
68
68
68
68
68
68
68
68
68
68
68
68
68
68
68
68
68
68
68
68
68
68
68
68
68
68
68
68
68
68
68
68
68
68
68
68
68
68
68
68
68
68
68
68
68
68
68
68
68
68
68
68
68
68
68
68
68
68
68
68
68
68
68
68
72
72
86
86
86
86
86
86
86
86
86
86
86
86
86
86
86
86
86
86
86
86
86
79
79
79
79
79
79
79
79
79
79
79
79
79
79
79
79
79
79
79
79
79
79
79
79
79
79
79
79
79
79
79
79
79
79
79
79
79
79
79
79
79
79
79
79
79
79
79
79
79
79
79
79
79
79
73
73
73
73
64
64
64
64
64
64
64
64
64
64
64
64
64
64
64
64
64
64
64
64
64
64
64
64
64
64
64
64
64
64
64
64
64
64
64
64
64
64
64
64
64
64
64
64
64
64
64
64
64
64
64
64
64
64
64
64
64
64
64
64
64
64
64
64
64
64
64
64
64
64
64
64
64
64
64
64
64
64
64
64
64
64
64
64
64
64
64
64
64
90
90
90
90
90
90
90
90
90
90
90
90
90
90
90
90
90
90
90
90
90
90
90
90
90
90
90
90
90
90
90
90
90
90
90
90
90
90
90
90
90
90
90
90
90
90
90
90
90
90
90
90
90
90
90
90
90
90
90
90
90
90
90
90
90
90
90
90
90
90
90
90
90
90
90
90
90
90
90
90
90
90
90
90
90
90
90
90
90
90
90
90
90
90
90
90
90
90
90
90
90
90
90
90
90
90
90
90
90
90
90
89
89
89
89
89
89
89
89
89
89
89
89
89
89
89
89
89
89
89
89
94
94
90
90
90
90
90
90
90
90
90
90
90
90
82
82
82
82
82
82
82
82
82
88
88
88
88
88
88
88
86
86
86
86
86
86
86
86
86
86
86
86
90
90
90
90
90
90
90
90
90
90
90
93
93
93
93
93
79
79
79
79
79
79
79
79
79
63
63
63
60
60
58
58
58
58
58
58
58
58
58
58
58
58
67
67
70
70
70
70
70
70
70
60
60
60
60
60
63
63
61
61
61
61
61
61
61
61
61
61
61
61
61
61
61
61
61
61
61
61
61
61
61
61
61
61
60
60
72
72
72
72
72
72
72
72
72
72
72
72
72
72
70
70
70
70
70
70
70
64
64
64
64
64
62
62
62
62
62
62
62
62
62
62
62
62
62
62
62
62
56
57
57
57
57
57
57
65
65
60
60
60
72
72
72
72
70
70
70
70
70
58
58
60
60
60
61
61
67
67
70
70
70
70
70
70
70
70
70
70
74
74
61
61
61
61
61
61
61
70
70
70
70
70
66
66
66
66
67
67
67
67
67
70
70
75
75
75
80
80
80
80
80
80
80
80
80
80
80
80
80
80
80
80
80
80
80
80
80
80
80
88
88
90
90
90
77
77
74
74
74
74
74
74
74
84
84
80
80
80
84
84
68
68
68
68
68
68
68
68
68
68
68
68
70
70
70
70
40
40
40
40
40
40
40
40
40
40
40
40
40
40
40
40
40
40
40
40
40
40
40
40
40
40
40
40
40
40
40
40
40
40
40
40
40
40
42
42
42
42
42
42
42
42
42
40
40
40
40
40
40
40
40
40
40
40
40
40
40
43
43
40
40
40
93
93
95
95
97
97
97
97
97
82
82
82
82
82
84
84
77
77
77
77
77
77
77
79
79
80
80
80
80
80
81
81
81
81
81
81
81
81
81
81
81
81
80
80
80
80
80
80
80
80
80
80
80
80
80
80
80
80
80
80
80
80
80
80
80
80
80
80
80
80
80
80
80
80
80
80
80
80
80
80
80
80
80
80
80
80
80
80
80
80
80
80
80
80
80
80
80
80
80
80
80
80
80
80
80
80
80
80
80
80
80
80
80
80
80
80
80
80
80
80
80
80
80
80
80
80
80
80
80
80
80
80
80
80
80
80
80
80
80
80
80
80
80
80
80
80
80
80
80
80
80
80
80
80
80
80
80
80
80
80
80
80
80
80
80
80
80
80
80
80
80
80
80
80
80
80
80
80
80
80
80
80
80
80
80
80
89
89
89
89
89
89
89
90
90
90
90
90
90
90
90
90
90
90
90
90
90
86
86
86
86
86
86
86
86
86
86
86
86
86
86
86
86
86
86
86
86
86
86
86
86
86
86
90
90
90
90
90
90
90
90
90
90
90
90
90
90
90
90
90
90
90
90
90
90
90
90
90
90
90
90
90
90
90
90
90
90
90
90
90
90
90
90
90
90
90
90
90
90
90
90
90
90
90
90
90
90
90
90
90
90
90
90
90
90
90
90
90
90
90
90
90
90
72
72
72
72
72
72
72
72
72
72
72
72
72
72
72
72
72
72
72
72
72
72
72
72
72
72
72
72
116
116
116
116
116
101
101
101
101
101
101
101
101
101
73
73
73
73
73
73
73
73
73
73
73
73
73
73
73
73
73
73
73
73
73
73
73
73
73
73
73
73
73
73
73
73
73
73
73
73
73
73
73
73
73
73
73
73
73
