0
0
0
0
0
0
0
0
0
0
0
0
0
0
0
0
0
0
0
0
0
0
0
0
0
0
0
0
0
0
0
0
0
0
0
0
0
0
0
0
0
0
0
0
0
0
0
0
0
0
0
0
0
0
0
0
0
0
0
0
0
0
0
0
0
0
0
0
0
0
0
0
0
0
0
0
0
0
0
0
0
0
0
0
0
0
0
0
0
0
0
0
0
0
0
0
0
0
0
0
0
0
0
0
0
0
0
0
0
0
0
0
0
0
0
0
0
0
0
0
0
0
0
0
0
0
0
0
0
0
0
0
0
0
0
0
0
0
0
0
0
0
0
0
0
0
0
0
0
0
0
0
0
0
0
0
0
0
0
0
0
0
0
0
0
0
0
0
0
0
0
0
0
0
0
0
0
0
0
0
0
0
0
0
0
0
0
0
0
0
0
0
0
0
0
0
0
0
0
0
0
0
0
0
0
0
0
0
0
0
0
0
0
0
0
0
0
0
0
0
0
0
0
0
0
0
0
0
0
0
0
0
0
0
0
0
0
0
0
0
0
0
0
0
0
0
0
0
0
0
0
0
0
0
0
0
0
0
0
0
0
0
0
0
0
0
0
0
0
0
0
0
0
0
0
0
0
0
0
0
0
0
0
0
0
0
0
0
0
0
0
0
0
0
0
0
0
0
0
0
0
0
0
0
0
0
0
0
0
0
0
0
0
0
0
0
0
0
0
0
0
0
0
0
0
0
0
0
0
0
0
0
0
0
0
0
0
0
0
0
0
0
0
0
0
0
0
0
0
0
0
0
0
0
0
0
0
0
0
0
0
0
0
0
0
0
0
0
0
0
0
0
0
0
0
0
0
0
0
0
0
0
0
0
0
0
0
0
0
0
0
0
0
0
0
0
0
0
0
0
0
0
0
0
0
0
0
0
0
0
0
0
0
0
0
0
0
0
0
0
0
0
0
0
0
0
0
0
0
0
0
0
0
0
0
0
0
0
0
0
0
0
0
0
0
0
0
0
0
0
0
0
0
0
0
0
0
0
0
0
0
0
0
0
0
0
0
0
0
0
0
0
0
0
0
0
0
0
0
0
0
0
0
0
0
0
0
0
0
0
0
0
0
0
0
0
0
1.450000e+00
3.120000e+00
5.480000e+00
7.990000e+00
9.090000e+00
9.730000e+00
1.198000e+01
1.337000e+01
1.462000e+01
1.705000e+01
1.699000e+01
1.841000e+01
2.012000e+01
2.167000e+01
2.357000e+01
2.830000e+01
2.778000e+01
2.960000e+01
3.163000e+01
3.251000e+01
3.931000e+01
4.175000e+01
4.375000e+01
4.511000e+01
4.701000e+01
4.932000e+01
5.174000e+01
5.172000e+01
5.333000e+01
5.310000e+01
5.732000e+01
6.664000e+01
6.689000e+01
6.511000e+01
6.302000e+01
6.361000e+01
6.948000e+01
6.465000e+01
6.106000e+01
6.176000e+01
5.696000e+01
5.696000e+01
5.663000e+01
5.602000e+01
5.491000e+01
5.515000e+01
5.460000e+01
5.573000e+01
56
5.605000e+01
5.455000e+01
5.419000e+01
5.456000e+01
5.425000e+01
5.277000e+01
5.196000e+01
5.110000e+01
4.833000e+01
5.090000e+01
5.277000e+01
5.358000e+01
5.317000e+01
5.352000e+01
5.288000e+01
5.267000e+01
5.407000e+01
4.203000e+01
5.349000e+01
8.613000e+01
7.898000e+01
8.080000e+01
7.699000e+01
7.392000e+01
6.905000e+01
6.853000e+01
6.907000e+01
6.856000e+01
6.732000e+01
6.786000e+01
6.603000e+01
6.795000e+01
6.871000e+01
7.681000e+01
7.062000e+01
6.711000e+01
6.687000e+01
6.583000e+01
6.638000e+01
6.353000e+01
6.121000e+01
5.603000e+01
5.092000e+01
4.953000e+01
4.785000e+01
4.762000e+01
4.585000e+01
4.408000e+01
4.494000e+01
4.490000e+01
4.428000e+01
4.135000e+01
4.979000e+01
5.173000e+01
5.138000e+01
5.259000e+01
5.611000e+01
5.578000e+01
5.454000e+01
5.536000e+01
8.360000e+01
8.170000e+01
7.203000e+01
6.775000e+01
6.322000e+01
5.914000e+01
5.640000e+01
5.923000e+01
6.068000e+01
6.415000e+01
6.363000e+01
6.284000e+01
6.162000e+01
6.136000e+01
6.254000e+01
6.170000e+01
6.154000e+01
6.402000e+01
6.048000e+01
6.335000e+01
6.470000e+01
6.895000e+01
6.878000e+01
6.922000e+01
7.188000e+01
7.027000e+01
6.901000e+01
7.318000e+01
7.318000e+01
7.126000e+01
7.016000e+01
6.919000e+01
65
6.540000e+01
6.511000e+01
6.874000e+01
6.896000e+01
7.049000e+01
7.196000e+01
7.160000e+01
75
7.580000e+01
7.390000e+01
74
7.352000e+01
7.598000e+01
77
7.812000e+01
7.715000e+01
7.842000e+01
8.127000e+01
8.279000e+01
8.367000e+01
8.222000e+01
8.913000e+01
9.107000e+01
9.162000e+01
9.111000e+01
9.220000e+01
9.225000e+01
9.169000e+01
8.995000e+01
8.943000e+01
90
9.156000e+01
9.228000e+01
9.252000e+01
9.199000e+01
9.191000e+01
9.180000e+01
9.176000e+01
9.237000e+01
92
9.251000e+01
9.273000e+01
9.362000e+01
9.703000e+01
9.735000e+01
9.776000e+01
9.811000e+01
9.711000e+01
9.629000e+01
9.709000e+01
9.906000e+01
9.914000e+01
1.016500e+02
1.087400e+02
1.113000e+02
1.134900e+02
1.133600e+02
1.127100e+02
1.159800e+02
1.159700e+02
1.199700e+02
1.220200e+02
1.214800e+02
1.122600e+02
1.312200e+02
1.409000e+02
1.412300e+02
1.395000e+02
1.687100e+02
1.105200e+02
1.089900e+02
1.126300e+02
1.500300e+02
1.582600e+02
1.609500e+02
1.637500e+02
1.660500e+02
1.666400e+02
1.679400e+02
1.683900e+02
1.661000e+02
1.642900e+02
1.666900e+02
1.659100e+02
1.639000e+02
1.651100e+02
1.643900e+02
1.646600e+02
167
1.680400e+02
1.666500e+02
1.670100e+02
1.664800e+02
1.620600e+02
174
1.724400e+02
1.691400e+02
1.661500e+02
1.648700e+02
1.662300e+02
1.644200e+02
1.656000e+02
1.648800e+02
1.620800e+02
1.618200e+02
1.625500e+02
1.592300e+02
1.574700e+02
1.564500e+02
1.608000e+02
1.603200e+02
1.588800e+02
0
0
1.569700e+02
1.557600e+02
1.559400e+02
1.568400e+02
1.566620e+02
1.607500e+02
1.594700e+02
1.606900e+02
1.588600e+02
1.568400e+02
1.579700e+02
1.605900e+02
1.608900e+02
1.628600e+02
1.639200e+02
1.632800e+02
1.671300e+02
1.693800e+02
1.709000e+02
1.692300e+02
1.685600e+02
1.713100e+02
1.702800e+02
1.711500e+02
1.723600e+02
1.699900e+02
1.712500e+02
1.719700e+02
1.740700e+02
1.748100e+02
1.739200e+02
1.746800e+02
1.737500e+02
1.747600e+02
1.729100e+02
1.718000e+02
1.719300e+02
1.724300e+02
170
1.683700e+02
1.667100e+02
1.661500e+02
1.679700e+02
1.732200e+02
1.736800e+02
1.751100e+02
1.809800e+02
1.821800e+02
1.821600e+02
1.821500e+02
1.832500e+02
1.827100e+02
1.811600e+02
1.811600e+02
1.826600e+02
1.822000e+02
1.819900e+02
1.828100e+02
1.825300e+02
1.823200e+02
1.820400e+02
1.836300e+02
1.862800e+02
1.854000e+02
1.850200e+02
1.853300e+02
1.843700e+02
1.826900e+02
1.829800e+02
1.829800e+02
1.829800e+02
1.822300e+02
1.838000e+02
1.890900e+02
1.881000e+02
1.874500e+02
1.875000e+02
1.879900e+02
1.288500e+02
1.879500e+02
1.889500e+02
1.899000e+02
1.905300e+02
1.914700e+02
1.912900e+02
1.918200e+02
1.929400e+02
1.938000e+02
1.933800e+02
1.953910e+02
1.960100e+02
1.987700e+02
1.992800e+02
1.975300e+02
1.968900e+02
1.979200e+02
1.993000e+02
198
1.987100e+02
1.990600e+02
1.997900e+02
1.990300e+02
2.008400e+02
2.016500e+02
1.953500e+02
1.917200e+02
1.918200e+02
1.929100e+02
1.980700e+02
2.010600e+02
2.016700e+02
2.022300e+02
2.034900e+02
2.019400e+02
2.023200e+02
2.033900e+02
2.045300e+02
2.099400e+02
2.098000e+02
2.096200e+02
2.096600e+02
2.103700e+02
2.120300e+02
211
2.097000e+02
2.120300e+02
2.101700e+02
2.079200e+02
1.898400e+02
1.947100e+02
1.886400e+02
1.901200e+02
1.873900e+02
1.873900e+02
1.781100e+02
1.737700e+02
1.686600e+02
1.637100e+02
1.642600e+02
1.638200e+02
1.695000e+01
1.637900e+02
1.633500e+02
1.622200e+02
1.616300e+02
1.600900e+02
1.601500e+02
1.601600e+02
1.593500e+02
1.593500e+02
1.593500e+02
1.635500e+02
1.628800e+02
1.637700e+02
1.634400e+02
1.638600e+02
1.644000e+02
1.653500e+02
1.657200e+02
1.662500e+02
1.667300e+02
1.649400e+02
1.664100e+02
1.664100e+02
1.602400e+02
1.594400e+02
1.596500e+02
1.598600e+02
1.598600e+02
1.603300e+02
6.501000e+01
1.585300e+02
1.615500e+02
1.527300e+02
1.545600e+02
1.523400e+02
1.510400e+02
1.502400e+02
1.479000e+02
1.475700e+02
1.475700e+02
1.475700e+02
1.433400e+02
1.422400e+02
1.424200e+02
1.398500e+02
1.397800e+02
1.397800e+02
1.366000e+02
1.373400e+02
1.380200e+02
1.383300e+02
1.383300e+02
1.393200e+02
1.395600e+02
1.391100e+02
1.387200e+02
1.386300e+02
1.377800e+02
1.379800e+02
1.381100e+02
1.374100e+02
1.363600e+02
1.353100e+02
1.362300e+02
1.357000e+02
1.355600e+02
1.356100e+02
1.365400e+02
1.361100e+02
1.362200e+02
1.361000e+02
1.360100e+02
1.368900e+02
1.359400e+02
1.370300e+02
1.396600e+02
1.404600e+02
1.401400e+02
1.403600e+02
1.418200e+02
1.427500e+02
1.427500e+02
1.427500e+02
1.517300e+02
1.535000e+02
1.567700e+02
1.555700e+02
1.436400e+02
1.747800e+02
1.815900e+02
1.825400e+02
1.884600e+02
1.928600e+02
1.933300e+02
1.932700e+02
1.956200e+02
1.976200e+02
1.992800e+02
2.006300e+02
2.014900e+02
2.031700e+02
2.039200e+02
2.059100e+02
2.024100e+02
1.987600e+02
1.984100e+02
1.978200e+02
1.983800e+02
1.981600e+02
1.997500e+02
2.062400e+02
2.005200e+02
2.081300e+02
2.062900e+02
2.054200e+02
2.083100e+02
210
2.074200e+02
1.895500e+02
1.728400e+02
1.705200e+02
1.670700e+02
1.644300e+02
1.623100e+02
1.620900e+02
1.605100e+02
1.588300e+02
1.584000e+02
1.566900e+02
1.550600e+02
1.539800e+02
1.530900e+02
1.848700e+02
2.210600e+02
2.441600e+02
2.392100e+02
2.384500e+02
2.365900e+02
2.345500e+02
2.321900e+02
2.295900e+02
2.272800e+02
2.236700e+02
2.204200e+02
2.135300e+02
2.130100e+02
2.105100e+02
2.088400e+02
2.114700e+02
2.123900e+02
2.122200e+02
2.133500e+02
2.103600e+02
2.113410e+02
2.186800e+02
2.172100e+02
2.213100e+02
2.173700e+02
2.184100e+02
2.201400e+02
2.220900e+02
2.227600e+02
2.232900e+02
2.249600e+02
2.260900e+02
2.255000e+02
2.246400e+02
2.233600e+02
2.260300e+02
2.278251e+02
2.286000e+02
2.252300e+02
2.251300e+02
2.234400e+02
2.228700e+02
2.204400e+02
2.204400e+02
2.204400e+02
2.206700e+02
2.198700e+02
2.196100e+02
2.198800e+02
2.203500e+02
2.203500e+02
2.203500e+02
2.157800e+02
2.164200e+02
2.152100e+02
2.168000e+02
2.167400e+02
2.167400e+02
2.167400e+02
2.143700e+02
2.137000e+02
2.127600e+02
214
1.869200e+02
1.869200e+02
1.869200e+02
2.208100e+02
2.208100e+02
2.208100e+02
2.129400e+02
2.109700e+02
2.109700e+02
2.109700e+02
2.109700e+02
0
0
0
0
0
0
0
5.800000e+00
2.121300e+02
2.690300e+02
2.638200e+02
2.631400e+02
2.625100e+02
2.606500e+02
2.614600e+02
2.585800e+02
2.586300e+02
2.586200e+02
2.570800e+02
2.559300e+02
2.543600e+02
2.543400e+02
2.508500e+02
2.488700e+02
2.480400e+02
2.460300e+02
2.429100e+02
2.429100e+02
2.429100e+02
2.361800e+02
2.324300e+02
2.311900e+02
2.311900e+02
2.311900e+02
2.268800e+02
2.215700e+02
2.189000e+02
2.146200e+02
2.104800e+02
2.104800e+02
2.104800e+02
2.052300e+02
2.038400e+02
2.025200e+02
2.025200e+02
1.982900e+02
1.982900e+02
1.982900e+02
1.941400e+02
1.913500e+02
1.905300e+02
1.885500e+02
1.890900e+02
1.890900e+02
1.890900e+02
1.863800e+02
1.798200e+02
1.764000e+02
1.734900e+02
1.740400e+02
1.740400e+02
1.740400e+02
1.700700e+02
1.612200e+02
1.627100e+02
1.598900e+02
1.586900e+02
1.586900e+02
1.586900e+02
1.573300e+02
1.313200e+02
1.572500e+02
1.520700e+02
1.494600e+02
1.494600e+02
1.494600e+02
1.447000e+02
1.418000e+02
1.418000e+02
1.399800e+02
1.430200e+02
1.430200e+02
1.430200e+02
1.383000e+02
1.309000e+02
1.286100e+02
1.316600e+02
1.307300e+02
1.307300e+02
1.307300e+02
1.424800e+02
1.215100e+02
1.217000e+02
1.228300e+02
1.220100e+02
1.220100e+02
1.220100e+02
1.171800e+02
1.159400e+02
1.148400e+02
1.113100e+02
1.042300e+02
1.042300e+02
1.042300e+02
1.042300e+02
9.423000e+01
1.011900e+02
8.985000e+01
8.497000e+01
8.497000e+01
8.497000e+01
8.311000e+01
8.199000e+01
8.034000e+01
7.957000e+01
7.769000e+01
7.769000e+01
7.769000e+01
7.395000e+01
7.395000e+01
9.538000e+01
1.016800e+02
9.843000e+01
9.843000e+01
9.843000e+01
9.781000e+01
9.798000e+01
9.798000e+01
9.798000e+01
9.798000e+01
9.798000e+01
9.798000e+01
5.976000e+01
7.101000e+01
8.102000e+01
8.364000e+01
8.532000e+01
8.532000e+01
8.532000e+01
9.084000e+01
8.996000e+01
9.116000e+01
9.305000e+01
9.380000e+01
9.380000e+01
9.380000e+01
9.229000e+01
9.161000e+01
9.341000e+01
9.341000e+01
9.338000e+01
9.338000e+01
9.338000e+01
9.395000e+01
9.245000e+01
9.170000e+01
9.170000e+01
9.181000e+01
9.181000e+01
9.181000e+01
9.134000e+01
9.023000e+01
9.023000e+01
9.023000e+01
9.489000e+01
9.489000e+01
9.489000e+01
9.275000e+01
9.347000e+01
9.402000e+01
9.474000e+01
9.473000e+01
9.473000e+01
9.473000e+01
9.942000e+01
1.008200e+02
9.812000e+01
9.812000e+01
9.812000e+01
9.812000e+01
9.812000e+01
8.840000e+01
8.840000e+01
8.840000e+01
8.244000e+01
8.884000e+01
8.884000e+01
8.884000e+01
8.884000e+01
8.406000e+01
8.417000e+01
8.417000e+01
8.382000e+01
8.382000e+01
8.382000e+01
8.594000e+01
8.903000e+01
8.687000e+01
8.687000e+01
8.687000e+01
8.687000e+01
8.687000e+01
8.687000e+01
8.687000e+01
8.687000e+01
8.687000e+01
8.687000e+01
8.687000e+01
8.687000e+01
8.883000e+01
9.328000e+01
9.578000e+01
9.578000e+01
9.578000e+01
9.578000e+01
9.578000e+01
9.622000e+01
9.690000e+01
95
9.380000e+01
9.640000e+01
9.640000e+01
9.640000e+01
97
9.740000e+01
1.034500e+02
9.546000e+01
9.610000e+01
9.610000e+01
9.610000e+01
9.971000e+01
1.029100e+02
1.018900e+02
105
1.066200e+02
1.041400e+02
102
8.126000e+01
8.126000e+01
8.126000e+01
8.126000e+01
1.076800e+02
1.076800e+02
1.076800e+02
1.076800e+02
1.018600e+02
1.007400e+02
1.022700e+02
101
101
101
9.975000e+01
9.737000e+01
9.737000e+01
9.152000e+01
9.152000e+01
9.152000e+01
9.152000e+01
8.561000e+01
8.561000e+01
8.773000e+01
8.499000e+01
8.499000e+01
8.499000e+01
8.499000e+01
8.298000e+01
8.152000e+01
8.152000e+01
8.152000e+01
8.152000e+01
8.152000e+01
8.152000e+01
8.152000e+01
8.152000e+01
7.736000e+01
7.731000e+01
7.731000e+01
7.731000e+01
7.731000e+01
6.519000e+01
6.394000e+01
7.245000e+01
7.296000e+01
7.296000e+01
7.296000e+01
7.296000e+01
7.370000e+01
7.364000e+01
7.366000e+01
7.366000e+01
7.366000e+01
7.366000e+01
7.366000e+01
7.366000e+01
7.366000e+01
0
0
0
0
0
0
7.104000e+01
8.215000e+01
8.215000e+01
8.827000e+01
8.827000e+01
8.827000e+01
9.942000e+01
1.026500e+02
1.077000e+02
1.105600e+02
1.139500e+02
1.139500e+02
1.139500e+02
1.282600e+02
132
1.363400e+02
1.395500e+02
1.436200e+02
1.436200e+02
1.436200e+02
1.546100e+02
1.567000e+02
1.616200e+02
1.651200e+02
1.681900e+02
1.681900e+02
1.681900e+02
1.753900e+02
1.732200e+02
1.721200e+02
1.738200e+02
1.785300e+02
1.785300e+02
1.785300e+02
1.896400e+02
1.902300e+02
1.887300e+02
1.855700e+02
1.917900e+02
1.917900e+02
1.917900e+02
1.917900e+02
1.972900e+02
1.972900e+02
1.987500e+02
2.011900e+02
2.011900e+02
2.011900e+02
2.039500e+02
2.062700e+02
2.023600e+02
2.011800e+02
2.012000e+02
2.012000e+02
2.012000e+02
2.067100e+02
2.071700e+02
2.071700e+02
2.219300e+02
2.198900e+02
2.198900e+02
2.198900e+02
2.217600e+02
2.215300e+02
2.167000e+02
2.138000e+02
2.196400e+02
2.196400e+02
2.196400e+02
2.205600e+02
2.212800e+02
2.169100e+02
2.172300e+02
2.243700e+02
2.243700e+02
2.243700e+02
2.203000e+02
2.201000e+02
2.216200e+02
2.181800e+02
2.157900e+02
2.157900e+02
2.157900e+02
2.099300e+02
2.099300e+02
2.206000e+01
2.133000e+02
2.166400e+02
2.166400e+02
2.166400e+02
2.131200e+02
2.117800e+02
2.070400e+02
2.055500e+02
1.995200e+02
1.995200e+02
1.995200e+02
1.748100e+02
1.781000e+01
1.546100e+02
1.558600e+02
1.626500e+02
1.626500e+02
1.626500e+02
1.635100e+02
1.749300e+02
166
1.541300e+02
1.422700e+02
1.422700e+02
1.422700e+02
1.291700e+02
1.297500e+02
1.211700e+02
1.204700e+02
3.965000e+01
3.965000e+01
3.965000e+01
8.001000e+01
7.712000e+01
7.191000e+01
8.153000e+01
8.153000e+01
8.153000e+01
8.153000e+01
6.168000e+01
5.971000e+01
5.829000e+01
5.741000e+01
5.423000e+01
5.423000e+01
5.423000e+01
4.871000e+01
4.634000e+01
5.613000e+01
5.589000e+01
5.345000e+01
5.345000e+01
5.345000e+01
5.035000e+01
4.936000e+01
4.966000e+01
4.685000e+01
4.614000e+01
4.614000e+01
4.614000e+01
4.105000e+01
4.105000e+01
4.105000e+01
4.105000e+01
5.022000e+01
5.022000e+01
5.022000e+01
4.714000e+01
4.714000e+01
4.172000e+01
4.172000e+01
4.054000e+01
4.054000e+01
4.054000e+01
4.020000e+01
4.020000e+01
3.670000e+01
3.670000e+01
3.911000e+01
3.911000e+01
3.911000e+01
3.233000e+01
3.233000e+01
3.233000e+01
3.233000e+01
3.166000e+01
3.166000e+01
3.166000e+01
3.232000e+01
3.232000e+01
3.224000e+01
3.224000e+01
3.218000e+01
3.218000e+01
3.218000e+01
3.270000e+01
3.270000e+01
3.270000e+01
3.270000e+01
3.083000e+01
3.083000e+01
3.083000e+01
3.232000e+01
3.232000e+01
3.279000e+01
3.279000e+01
3.279000e+01
3.279000e+01
3.279000e+01
3.291000e+01
3.291000e+01
3.136000e+01
3.136000e+01
3.181000e+01
3.181000e+01
3.181000e+01
3.181000e+01
3.181000e+01
2.815000e+01
2.815000e+01
2.776000e+01
2.776000e+01
2.776000e+01
2.678000e+01
2.678000e+01
2.686000e+01
2.686000e+01
2.501000e+01
2.501000e+01
2.501000e+01
2.514000e+01
2.514000e+01
2.205000e+01
2.205000e+01
2.605000e+01
2.605000e+01
2.605000e+01
2.265000e+01
2.265000e+01
2.282000e+01
2.282000e+01
2.284000e+01
2.284000e+01
2.284000e+01
2.404000e+01
2.404000e+01
2.348000e+01
2.348000e+01
2.167000e+01
2.167000e+01
2.167000e+01
2.318000e+01
2.318000e+01
2.348000e+01
2.348000e+01
2.348000e+01
2.348000e+01
2.348000e+01
2.264000e+01
2.264000e+01
2.408000e+01
2.408000e+01
2.408000e+01
2.408000e+01
2.408000e+01
2.494000e+01
2.494000e+01
2.494000e+01
2.494000e+01
2.419000e+01
2.419000e+01
2.419000e+01
2.419000e+01
2.419000e+01
2.520000e+01
2.520000e+01
2.520000e+01
2.520000e+01
2.520000e+01
2.520000e+01
2.520000e+01
2.520000e+01
2.520000e+01
2.520000e+01
2.520000e+01
2.520000e+01
2.520000e+01
2.520000e+01
2.520000e+01
2.520000e+01
2.520000e+01
2.520000e+01
2.520000e+01
2.520000e+01
2.520000e+01
2.520000e+01
2.520000e+01
2.520000e+01
2.520000e+01
2.520000e+01
2.520000e+01
2.520000e+01
2.520000e+01
2.520000e+01
2.520000e+01
2.520000e+01
2.520000e+01
3.664000e+01
3.664000e+01
40
40
3.962000e+01
3.962000e+01
3.962000e+01
3.962000e+01
3.962000e+01
3.962000e+01
3.962000e+01
3.949000e+01
3.949000e+01
3.949000e+01
3.825000e+01
3.825000e+01
4.012000e+01
4.012000e+01
4.040000e+01
4.040000e+01
4.040000e+01
4.105000e+01
4.105000e+01
4.105000e+01
4.105000e+01
3.994000e+01
3.994000e+01
3.994000e+01
3.967000e+01
3.967000e+01
3.969000e+01
3.969000e+01
4.036000e+01
4.036000e+01
4.036000e+01
4.036000e+01
4.036000e+01
4.036000e+01
4.036000e+01
4.036000e+01
4.036000e+01
4.036000e+01
4.036000e+01
4.036000e+01
4.036000e+01
4.036000e+01
3.725000e+01
3.725000e+01
3.725000e+01
3.753000e+01
3.753000e+01
3.503000e+01
3.503000e+01
3.798000e+01
3.734000e+01
3.734000e+01
3.734000e+01
3.734000e+01
3.734000e+01
3.734000e+01
3.734000e+01
3.734000e+01
3.734000e+01
3.734000e+01
3.734000e+01
5.035000e+01
5.035000e+01
5.185000e+01
5.185000e+01
5.185000e+01
5.185000e+01
5.185000e+01
5.247000e+01
5.247000e+01
5.246000e+01
5.246000e+01
5.246000e+01
8.286000e+01
8.286000e+01
5.147000e+01
5.147000e+01
5.162000e+01
5.162000e+01
5.162000e+01
5.313000e+01
5.313000e+01
5.480000e+01
5.480000e+01
5.673000e+01
5.673000e+01
5.673000e+01
5.673000e+01
5.673000e+01
5.505000e+01
5.505000e+01
5.548000e+01
5.548000e+01
5.548000e+01
5.535000e+01
5.535000e+01
5.648000e+01
5.648000e+01
5.615000e+01
5.615000e+01
5.615000e+01
5.615000e+01
5.615000e+01
4.070000e+01
4.070000e+01
4.044000e+01
4.044000e+01
4.044000e+01
4.276000e+01
4.276000e+01
4.159000e+01
4.159000e+01
4.030000e+01
4.030000e+01
4.030000e+01
4.030000e+01
4.030000e+01
4.030000e+01
4.030000e+01
4.030000e+01
4.030000e+01
4.030000e+01
4.025000e+01
4.025000e+01
4.065000e+01
4.065000e+01
4.140000e+01
4.140000e+01
4.140000e+01
4.140000e+01
4.140000e+01
4.140000e+01
4.140000e+01
3.835000e+01
3.835000e+01
3.835000e+01
4.101000e+01
4.101000e+01
4.101000e+01
4.101000e+01
4.101000e+01
4.101000e+01
4.101000e+01
4.101000e+01
4.101000e+01
4.101000e+01
5.174000e+01
5.505000e+01
5.505000e+01
5.505000e+01
5.572000e+01
5.572000e+01
5.947000e+01
5.947000e+01
5.925000e+01
5.925000e+01
5.925000e+01
5.925000e+01
5.925000e+01
6.458000e+01
6.458000e+01
6.493000e+01
6.493000e+01
6.493000e+01
6.326000e+01
6.326000e+01
6.326000e+01
6.326000e+01
5.885000e+01
5.885000e+01
5.885000e+01
5.885000e+01
5.885000e+01
4.969000e+01
4.969000e+01
5.140000e+01
5.140000e+01
5.140000e+01
5.403000e+01
5.403000e+01
6.107000e+01
6.107000e+01
6.605000e+01
6.605000e+01
6.605000e+01
6.605000e+01
6.605000e+01
4.770000e+01
4.770000e+01
4.770000e+01
4.770000e+01
4.770000e+01
6.858000e+01
6.858000e+01
6.858000e+01
6.858000e+01
8.214000e+01
8.214000e+01
8.214000e+01
8.214000e+01
8.214000e+01
8.319000e+01
8.319000e+01
8.319000e+01
8.319000e+01
8.319000e+01
8.319000e+01
8.319000e+01
8.473000e+01
8.473000e+01
8.739000e+01
8.739000e+01
8.739000e+01
8.739000e+01
8.739000e+01
8.566000e+01
8.566000e+01
8.641000e+01
8.641000e+01
8.641000e+01
8.641000e+01
8.641000e+01
8.812000e+01
8.812000e+01
8.812000e+01
8.812000e+01
8.812000e+01
8.724000e+01
8.724000e+01
8.587000e+01
8.587000e+01
8.472000e+01
8.472000e+01
8.472000e+01
8.472000e+01
8.472000e+01
8.472000e+01
8.472000e+01
8.494000e+01
8.494000e+01
8.494000e+01
8.494000e+01
8.494000e+01
8.445000e+01
8.445000e+01
8.728000e+01
8.728000e+01
8.728000e+01
8.049000e+01
8.049000e+01
8.049000e+01
8.049000e+01
6.391000e+01
6.391000e+01
6.391000e+01
6.391000e+01
6.391000e+01
5.743000e+01
5.743000e+01
7.418000e+01
7.418000e+01
7.418000e+01
7.418000e+01
7.418000e+01
6.181000e+01
6.181000e+01
56
56
56
56
56
5.791000e+01
5.791000e+01
5.190000e+01
5.190000e+01
5.190000e+01
4.952000e+01
4.952000e+01
4.849000e+01
4.849000e+01
4.712000e+01
4.712000e+01
4.712000e+01
4.712000e+01
4.712000e+01
4.622000e+01
4.622000e+01
4.626000e+01
4.626000e+01
4.626000e+01
4.530000e+01
4.530000e+01
4.723000e+01
4.723000e+01
0
0
0
0
0
5.202000e+01
5.202000e+01
6.571000e+01
6.571000e+01
6.571000e+01
6.571000e+01
6.571000e+01
6.819000e+01
6.819000e+01
6.819000e+01
6.819000e+01
6.819000e+01
6.819000e+01
6.819000e+01
7.364000e+01
7.364000e+01
7.539000e+01
7.539000e+01
7.539000e+01
7.511000e+01
7.511000e+01
7.511000e+01
7.511000e+01
7.511000e+01
7.511000e+01
7.511000e+01
7.511000e+01
7.511000e+01
7.511000e+01
7.511000e+01
7.511000e+01
7.511000e+01
7.511000e+01
7.511000e+01
7.511000e+01
7.511000e+01
7.511000e+01
7.511000e+01
7.511000e+01
7.511000e+01
7.511000e+01
7.511000e+01
7.511000e+01
7.953000e+01
7.953000e+01
7.953000e+01
7.953000e+01
7.953000e+01
7.953000e+01
7.953000e+01
7.953000e+01
7.953000e+01
7.953000e+01
7.953000e+01
7.953000e+01
8.194000e+01
8.194000e+01
8.194000e+01
8.194000e+01
8.194000e+01
8.194000e+01
8.194000e+01
8.194000e+01
8.074000e+01
8.074000e+01
8.074000e+01
8.074000e+01
8.074000e+01
8.074000e+01
8.074000e+01
8.161000e+01
8.161000e+01
8.267000e+01
8.267000e+01
8.267000e+01
8.257000e+01
8.257000e+01
7.939000e+01
7.939000e+01
7.622000e+01
7.622000e+01
7.622000e+01
7.622000e+01
7.622000e+01
7.344000e+01
7.344000e+01
7.610000e+01
7.610000e+01
7.610000e+01
7.371000e+01
7.371000e+01
7.371000e+01
7.371000e+01
7.403000e+01
7.403000e+01
7.403000e+01
7.403000e+01
7.403000e+01
7.714000e+01
7.714000e+01
7.714000e+01
7.714000e+01
7.714000e+01
7.311000e+01
7.311000e+01
7.933000e+01
7.933000e+01
7.933000e+01
7.933000e+01
7.933000e+01
7.933000e+01
7.933000e+01
7.945000e+01
7.945000e+01
7.971000e+01
7.971000e+01
7.971000e+01
8.394000e+01
8.394000e+01
8.268000e+01
8.268000e+01
8.268000e+01
8.268000e+01
8.268000e+01
8.268000e+01
8.268000e+01
7.478000e+01
7.478000e+01
7.476000e+01
7.476000e+01
7.476000e+01
7.423000e+01
7.423000e+01
7.339000e+01
7.339000e+01
7.339000e+01
7.339000e+01
7.339000e+01
7.383000e+01
7.383000e+01
7.152000e+01
7.152000e+01
7.293000e+01
7.293000e+01
7.293000e+01
7.414000e+01
7.414000e+01
7.386000e+01
7.386000e+01
7.454000e+01
7.454000e+01
7.454000e+01
7.356000e+01
7.356000e+01
7.356000e+01
7.356000e+01
7.426000e+01
7.426000e+01
7.426000e+01
7.465000e+01
7.465000e+01
7.309000e+01
7.309000e+01
7.259000e+01
7.259000e+01
7.259000e+01
7.259000e+01
7.259000e+01
7.269000e+01
7.269000e+01
7.202000e+01
7.202000e+01
7.202000e+01
7.113000e+01
7.113000e+01
7.046000e+01
7.046000e+01
7.042000e+01
7.042000e+01
7.042000e+01
7.042000e+01
7.042000e+01
6.996000e+01
6.996000e+01
7.012000e+01
7.012000e+01
7.012000e+01
7.033000e+01
7.033000e+01
70
70
6.946000e+01
6.946000e+01
6.946000e+01
6.946000e+01
6.946000e+01
6.946000e+01
6.946000e+01
7.071000e+01
7.071000e+01
7.071000e+01
7.150000e+01
7.150000e+01
7.080000e+01
7.080000e+01
6.980000e+01
6.980000e+01
6.980000e+01
6.980000e+01
6.980000e+01
6.890000e+01
6.890000e+01
6.890000e+01
6.890000e+01
6.890000e+01
6.890000e+01
6.890000e+01
6.762000e+01
6.762000e+01
6.812000e+01
6.812000e+01
6.812000e+01
6.812000e+01
6.812000e+01
6.625000e+01
6.625000e+01
6.548000e+01
6.548000e+01
6.548000e+01
6.721000e+01
6.721000e+01
6.642000e+01
6.642000e+01
6.713000e+01
6.713000e+01
6.713000e+01
6.713000e+01
6.713000e+01
6.661000e+01
6.661000e+01
6.661000e+01
6.661000e+01
6.661000e+01
6.558000e+01
6.558000e+01
6.534000e+01
6.557000e+01
6.557000e+01
6.557000e+01
6.557000e+01
6.557000e+01
6.557000e+01
7.073000e+01
7.073000e+01
6.989000e+01
6.989000e+01
6.989000e+01
6.967000e+01
6.967000e+01
6.967000e+01
7.042000e+01
6.995000e+01
6.995000e+01
6.995000e+01
6.953000e+01
6.953000e+01
6.914000e+01
6.914000e+01
6.804000e+01
6.804000e+01
6.804000e+01
6.851000e+01
6.851000e+01
6.827000e+01
6.827000e+01
6.650000e+01
6.650000e+01
6.650000e+01
6.614000e+01
6.614000e+01
6.496000e+01
6.496000e+01
6.496000e+01
6.496000e+01
6.496000e+01
6.375000e+01
6.375000e+01
6.056000e+01
6.056000e+01
6.056000e+01
6.056000e+01
6.056000e+01
6.474000e+01
6.474000e+01
6.426000e+01
6.426000e+01
6.065000e+01
6.065000e+01
6.065000e+01
6.161000e+01
6.161000e+01
6.161000e+01
6.161000e+01
6.209000e+01
6.209000e+01
6.209000e+01
6.149000e+01
6.149000e+01
6.255000e+01
6.255000e+01
6.328000e+01
6.328000e+01
6.328000e+01
6.480000e+01
6.480000e+01
6.303000e+01
6.303000e+01
6.303000e+01
6.303000e+01
6.303000e+01
6.303000e+01
6.303000e+01
6.240000e+01
6.240000e+01
6.240000e+01
6.240000e+01
6.240000e+01
6.162000e+01
6.162000e+01
6.012000e+01
6.012000e+01
6.012000e+01
6.012000e+01
6.012000e+01
6.012000e+01
6.012000e+01
6.052000e+01
6.052000e+01
6.116000e+01
6.116000e+01
6.116000e+01
6.381000e+01
6.381000e+01
5.833000e+01
5.833000e+01
5.833000e+01
5.833000e+01
5.833000e+01
6.357000e+01
6.357000e+01
6.050000e+01
6.050000e+01
6.382000e+01
6.382000e+01
6.382000e+01
6.419000e+01
6.419000e+01
6.322000e+01
6.322000e+01
7.548000e+01
7.548000e+01
7.548000e+01
7.548000e+01
7.548000e+01
7.548000e+01
7.548000e+01
7.548000e+01
7.548000e+01
7.548000e+01
6.004000e+01
6.004000e+01
6.576000e+01
6.576000e+01
5.191000e+01
5.191000e+01
5.191000e+01
5.191000e+01
5.191000e+01
5.191000e+01
5.191000e+01
5.766000e+01
5.766000e+01
5.766000e+01
5.766000e+01
5.766000e+01
5.766000e+01
5.766000e+01
5.766000e+01
5.766000e+01
5.766000e+01
5.766000e+01
5.766000e+01
5.485000e+01
5.485000e+01
5.307000e+01
5.307000e+01
5.307000e+01
5.307000e+01
5.307000e+01
5.419000e+01
5.419000e+01
5.375000e+01
5.375000e+01
5.375000e+01
5.489000e+01
5.489000e+01
5.380000e+01
5.380000e+01
5.151000e+01
5.151000e+01
5.151000e+01
5.391000e+01
5.391000e+01
5.391000e+01
5.391000e+01
5.391000e+01
5.391000e+01
5.391000e+01
5.391000e+01
5.391000e+01
5.271000e+01
5.271000e+01
5.271000e+01
5.271000e+01
5.271000e+01
5.426000e+01
5.426000e+01
5.220000e+01
5.220000e+01
5.220000e+01
5.220000e+01
5.220000e+01
5.220000e+01
5.220000e+01
5.282000e+01
5.282000e+01
5.198000e+01
5.198000e+01
5.198000e+01
5.765000e+01
5.765000e+01
5.546000e+01
5.546000e+01
6.084000e+01
6.084000e+01
6.084000e+01
6.084000e+01
6.084000e+01
5.789000e+01
5.789000e+01
5.789000e+01
5.789000e+01
5.789000e+01
6.125000e+01
6.125000e+01
5.514000e+01
5.514000e+01
5.733000e+01
5.733000e+01
5.733000e+01
6.123000e+01
6.123000e+01
5.933000e+01
5.933000e+01
6.129000e+01
6.129000e+01
6.129000e+01
6.347000e+01
6.347000e+01
5.287000e+01
5.287000e+01
6.551000e+01
6.551000e+01
6.551000e+01
6.255000e+01
6.255000e+01
6.432000e+01
6.432000e+01
6.366000e+01
6.366000e+01
6.366000e+01
6.519000e+01
6.519000e+01
6.621000e+01
6.621000e+01
6.716000e+01
6.716000e+01
6.716000e+01
6.872000e+01
6.872000e+01
6.953000e+01
6.953000e+01
6.056000e+01
6.056000e+01
6.056000e+01
70
70
6.626000e+01
6.626000e+01
6.626000e+01
6.626000e+01
6.626000e+01
6.626000e+01
6.626000e+01
6.626000e+01
6.626000e+01
6.742000e+01
6.742000e+01
6.742000e+01
6.861000e+01
6.861000e+01
6.581000e+01
6.581000e+01
6.840000e+01
6.840000e+01
6.840000e+01
6.958000e+01
6.958000e+01
6.306000e+01
6.306000e+01
6.306000e+01
6.306000e+01
6.306000e+01
6.966000e+01
6.966000e+01
6.983000e+01
6.983000e+01
7.117000e+01
7.117000e+01
7.117000e+01
7.117000e+01
7.117000e+01
7.059000e+01
7.059000e+01
7.059000e+01
7.059000e+01
7.059000e+01
6.972000e+01
6.972000e+01
6.831000e+01
6.831000e+01
6.927000e+01
6.927000e+01
6.927000e+01
6.907000e+01
6.907000e+01
6.915000e+01
6.915000e+01
6.915000e+01
6.915000e+01
6.915000e+01
7.053000e+01
7.053000e+01
7.053000e+01
7.053000e+01
6.965000e+01
6.965000e+01
6.965000e+01
7.139000e+01
7.139000e+01
9.157000e+01
9.157000e+01
6.933000e+01
6.933000e+01
6.933000e+01
7.039000e+01
7.039000e+01
7.039000e+01
7.039000e+01
7.271000e+01
7.271000e+01
7.271000e+01
7.165000e+01
7.165000e+01
7.216000e+01
7.216000e+01
7.216000e+01
7.216000e+01
7.216000e+01
7.216000e+01
7.216000e+01
7.216000e+01
7.216000e+01
7.105000e+01
7.105000e+01
7.105000e+01
7.160000e+01
7.160000e+01
7.223000e+01
7.223000e+01
7.333000e+01
7.333000e+01
7.333000e+01
7.273000e+01
7.273000e+01
7.273000e+01
7.273000e+01
7.550000e+01
7.550000e+01
7.550000e+01
7.312000e+01
7.312000e+01
7.423000e+01
7.423000e+01
7.382000e+01
7.382000e+01
7.382000e+01
7.604000e+01
7.604000e+01
7.604000e+01
7.604000e+01
7.608000e+01
7.608000e+01
7.608000e+01
7.357000e+01
7.357000e+01
7.357000e+01
7.357000e+01
7.563000e+01
7.563000e+01
7.563000e+01
7.563000e+01
7.563000e+01
7.293000e+01
7.293000e+01
6.837000e+01
6.837000e+01
6.837000e+01
7.047000e+01
7.047000e+01
7.066000e+01
7.066000e+01
7.272000e+01
7.272000e+01
7.272000e+01
7.272000e+01
7.272000e+01
7.272000e+01
7.272000e+01
7.170000e+01
7.170000e+01
7.170000e+01
7.170000e+01
7.170000e+01
7.452000e+01
7.452000e+01
7.149000e+01
7.149000e+01
7.149000e+01
7.149000e+01
7.149000e+01
7.149000e+01
7.149000e+01
7.149000e+01
7.149000e+01
7.149000e+01
7.149000e+01
7.149000e+01
7.032000e+01
7.032000e+01
6.307000e+01
6.307000e+01
6.307000e+01
6.307000e+01
6.307000e+01
6.307000e+01
6.307000e+01
7.121000e+01
7.121000e+01
7.121000e+01
7.070000e+01
7.070000e+01
6.932000e+01
6.932000e+01
6.949000e+01
6.949000e+01
6.949000e+01
6.949000e+01
6.949000e+01
6.970000e+01
6.970000e+01
6.883000e+01
6.883000e+01
6.883000e+01
7.079000e+01
7.079000e+01
6.648000e+01
6.648000e+01
6.648000e+01
6.648000e+01
6.648000e+01
6.684000e+01
6.684000e+01
68
68
68
68
68
68
68
6.651000e+01
6.651000e+01
6.651000e+01
6.651000e+01
6.651000e+01
6.651000e+01
6.651000e+01
6.651000e+01
6.651000e+01
67
67
67
67
67
67
67
6.373000e+01
6.373000e+01
6.373000e+01
6.035000e+01
6.035000e+01
6.035000e+01
6.035000e+01
6.035000e+01
6.035000e+01
6.035000e+01
6.035000e+01
6.035000e+01
6.035000e+01
6.035000e+01
6.035000e+01
6.035000e+01
6.035000e+01
6.035000e+01
6.035000e+01
58
58
58
58
58
5.604000e+01
5.604000e+01
5.770000e+01
5.770000e+01
5.349000e+01
5.349000e+01
5.349000e+01
5.448000e+01
5.448000e+01
5.448000e+01
5.448000e+01
5.448000e+01
5.448000e+01
5.448000e+01
5.726000e+01
5.726000e+01
5.726000e+01
5.726000e+01
5.606000e+01
5.606000e+01
5.606000e+01
5.763000e+01
5.763000e+01
5.656000e+01
5.656000e+01
5.656000e+01
5.656000e+01
5.656000e+01
5.986000e+01
5.986000e+01
6.057000e+01
6.057000e+01
5.891000e+01
5.891000e+01
5.891000e+01
5.998000e+01
5.998000e+01
5.433000e+01
5.433000e+01
6.234000e+01
6.234000e+01
6.234000e+01
6.514000e+01
6.514000e+01
6.019000e+01
6.019000e+01
6.153000e+01
6.153000e+01
6.153000e+01
6.446000e+01
6.446000e+01
6.710000e+01
6.710000e+01
6.060000e+01
6.060000e+01
6.060000e+01
6.060000e+01
6.060000e+01
6.060000e+01
6.060000e+01
6.060000e+01
6.060000e+01
6.060000e+01
5.375000e+01
5.375000e+01
5.344000e+01
5.344000e+01
5.344000e+01
5.344000e+01
5.344000e+01
4.902000e+01
4.902000e+01
5.281000e+01
5.281000e+01
5.312000e+01
5.312000e+01
5.312000e+01
5.171000e+01
5.171000e+01
5.135000e+01
5.135000e+01
5.272000e+01
5.272000e+01
5.272000e+01
5.189000e+01
5.189000e+01
5.189000e+01
5.189000e+01
5.189000e+01
