0
0
0
0
0
0
0
0
0
0
0
0
0
0
0
0
0
0
0
0
0
0
0
0
0
0
0
0
0
0
0
0
0
0
0
0
0
0
0
0
0
0
0
0
0
0
0
0
0
0
0
0
0
0
0
0
0
0
0
0
0
0
0
0
0
0
0
0
0
0
0
0
0
0
0
0
0
0
0
0
0
0
0
0
0
0
0
0
0
0
0
0
0
0
0
0
0
0
0
0
0
0
0
0
0
0
0
0
0
0
0
0
0
0
0
0
0
0
0
0
0
0
0
0
0
0
0
0
0
0
0
0
0
0
0
0
0
0
0
0
0
0
0
0
0
0
0
0
0
0
0
0
0
0
0
0
0
0
0
0
0
0
0
0
0
0
0
0
0
0
0
0
0
0
0
0
0
0
0
0
0
0
0
0
0
0
0
0
0
0
0
0
0
0
0
0
0
0
0
0
0
0
0
0
0
0
0
0
0
0
0
0
0
0
0
0
0
0
0
0
0
0
0
0
0
0
0
0
0
0
0
0
0
0
0
0
0
0
0
0
0
0
0
0
0
0
0
0
0
0
0
0
0
0
0
0
0
0
0
0
0
0
0
0
0
0
0
0
0
0
0
0
0
0
0
0
0
0
0
0
0
0
0
0
0
0
0
0
0
0
0
0
0
0
0
0
0
0
0
0
0
0
0
0
0
0
0
0
0
0
0
0
0
0
0
0
0
0
0
0
0
0
0
0
0
0
0
0
0
0
0
0
0
0
0
0
0
0
0
0
0
0
0
0
0
0
0
0
0
0
0
0
0
0
0
0
0
0
0
0
0
0
0
0
0
0
0
0
0
0
0
0
0
0
0
0
0
0
0
0
0
0
0
0
0
0
0
0
0
0
0
0
0
0
0
0
0
0
0
0
0
0
0
0
0
0
0
0
0
0
0
0
0
0
0
0
0
0
0
0
0
0
0
0
0
0
0
0
0
0
0
0
0
0
0
0
0
0
0
0
0
0
0
0
0
0
0
0
0
0
0
0
0
0
0
0
0
0
0
0
0
0
0
0
0
0
0
0
0
0
0
0
0
0
0
0
0
0
0
0
0
0
0
0
0
0
0
0
0
0
0
0
0
0
0
0
0
0
0
0
0
0
0
0
0
0
0
0
0
0
0
0
0
0
0
0
0
0
0
0
0
0
0
0
0
0
0
0
0
0
0
0
0
0
0
0
0
0
0
0
0
0
0
0
0
0
0
0
0
0
0
0
0
0
0
0
0
0
0
0
0
0
0
0
0
0
0
0
0
0
0
0
0
0
0
0
0
0
0
0
0
0
0
0
0
0
0
0
0
0
0
0
0
0
0
0
0
0
0
0
0
0
0
0
0
0
0
0
0
0
0
0
0
0
0
0
0
0
0
0
0
0
0
0
0
0
0
0
0
0
0
0
0
0
0
0
0
0
0
0
0
0
0
0
0
0
0
0
0
0
0
0
0
0
0
0
0
0
0
0
0
0
0
0
0
0
0
0
0
0
0
0
0
0
0
0
0
0
0
0
0
0
0
0
0
0
0
0
0
0
0
0
0
0
0
0
0
0
0
0
0
0
0
0
0
0
0
0
0
0
0
0
0
0
0
0
0
0
0
0
0
0
0
0
0
0
0
0
0
0
0
0
0
0
0
0
0
0
0
0
0
0
0
0
0
0
0
0
0
0
0
0
0
0
0
0
0
0
0
0
0
0
0
0
0
0
0
0
0
0
0
0
0
0
0
0
0
0
0
0
0
0
0
0
0
0
0
0
0
0
0
0
0
0
0
0
0
0
0
0
0
0
0
0
0
0
0
0
0
0
0
0
0
0
0
0
0
0
0
0
0
0
0
0
0
0
0
0
0
0
0
0
0
0
0
0
0
0
0
0
0
0
0
0
0
0
0
0
0
0
0
0
0
0
0
0
0
0
0
0
0
0
0
0
0
0
0
0
0
0
0
0
0
0
0
0
0
0
0
0
0
0
0
0
0
0
0
0
0
0
0
0
0
0
0
0
0
0
0
0
0
0
0
0
0
0
0
0
0
0
0
0
0
0
0
0
0
0
0
0
0
0
0
0
0
0
0
0
0
0
0
0
0
0
0
0
0
0
0
0
0
0
0
0
0
0
0
0
0
0
0
0
0
0
0
0
0
0
0
0
0
0
0
0
0
0
0
0
0
0
0
0
0
0
0
0
0
0
0
0
0
0
0
0
0
0
0
0
0
0
0
0
0
0
0
0
0
0
0
0
0
0
0
0
0
0
0
0
0
0
0
0
0
0
0
0
0
0
0
0
0
0
0
0
0
0
0
0
0
0
0
0
0
0
0
0
0
0
0
0
0
0
0
0
0
0
0
0
0
0
0
0
0
0
0
0
0
0
0
0
0
0
0
0
0
0
0
0
0
0
0
0
0
0
0
0
0
0
0
0
0
0
0
0
0
0
0
0
0
0
0
0
0
0
0
0
0
0
0
0
0
0
0
0
0
0
0
0
0
0
0
0
0
0
0
0
0
0
0
0
0
0
0
0
0
0
0
0
0
0
0
0
0
0
0
0
0
0
0
0
0
0
0
0
0
0
0
0
0
0
0
0
0
0
0
0
0
0
0
0
0
0
0
0
0
0
0
0
0
0
0
0
0
0
0
0
0
0
0
0
0
0
0
0
0
0
0
0
0
0
0
0
0
0
0
0
0
0
0
0
0
0
0
0
0
0
0
0
0
0
0
0
0
0
0
0
0
0
0
0
0
0
0
0
0
0
0
0
0
0
0
0
0
0
0
0
0
0
0
0
0
0
0
0
0
0
0
0
0
0
0
0
0
0
0
0
0
0
0
0
0
0
0
0
0
0
0
0
0
0
0
0
0
0
0
0
0
0
0
0
0
0
0
0
0
0
0
0
0
0
0
0
0
0
0
0
0
0
0
0
0
0
0
0
0
0
0
0
0
0
0
0
0
0
0
0
0
0
0
0
0
0
0
0
0
0
0
0
0
0
0
0
0
0
0
0
0
0
0
0
0
0
0
0
0
0
0
0
0
0
0
0
0
0
0
0
0
0
0
0
0
0
0
0
0
0
0
0
0
0
0
0
0
0
0
0
0
0
0
0
0
0
0
0
0
0
0
0
0
0
0
0
0
0
0
0
0
0
0
0
0
0
0
0
0
0
0
0
0
0
0
0
0
0
0
0
0
0
0
0
0
0
0
0
0
0
0
0
0
0
0
0
0
0
0
0
0
0
0
0
0
0
0
0
0
0
0
0
0
0
0
0
0
0
0
0
0
0
0
0
0
0
0
0
0
0
0
0
3.061000e+01
3.061000e+01
3.061000e+01
1.644200e+02
1.837400e+02
1.905400e+02
2.019900e+02
2.126200e+02
2.126200e+02
2.126200e+02
2.101100e+02
2.047900e+02
1.987700e+02
1.853500e+02
1.790500e+02
1.790500e+02
1.790500e+02
1.681200e+02
1.695600e+02
1.712500e+02
1.733100e+02
1.751800e+02
1.751800e+02
1.751800e+02
1.699200e+02
1.714400e+02
1.702400e+02
1.680300e+02
1.691800e+02
1.691800e+02
1.691800e+02
1.743000e+02
1.760900e+02
9.432000e+01
1.737100e+02
2.020500e+02
2.020500e+02
2.020500e+02
2.045700e+02
2.121500e+02
2.092000e+02
2.054900e+02
1.956400e+02
1.991400e+02
1.991400e+02
200
2.042500e+02
2.042500e+02
2.042500e+02
2.075600e+02
2.075600e+02
2.075600e+02
2.057400e+02
2.031100e+02
2.043800e+02
2.091600e+02
2.153300e+02
2.153300e+02
2.153300e+02
2.037500e+02
2.037500e+02
2.131000e+02
2.131000e+02
2.131000e+02
2.131000e+02
2.131000e+02
2.522400e+02
2.580400e+02
2.593200e+02
2.541700e+02
2.495300e+02
2.495300e+02
2.495300e+02
2.701700e+02
2.701700e+02
2.701700e+02
2.701700e+02
2.701700e+02
2.701700e+02
2.701700e+02
2.784000e+02
2.784000e+02
2.784000e+02
2.899900e+02
2.899900e+02
2.899900e+02
2.899900e+02
3.001800e+02
3.001800e+02
3.001800e+02
3.001800e+02
3.001800e+02
3.001800e+02
3.001800e+02
2.582800e+02
2.582800e+02
2.582800e+02
2.502800e+02
2.460100e+02
2.460100e+02
2.460100e+02
2.494600e+02
2.494600e+02
2.494600e+02
2.494600e+02
2.494600e+02
2.494600e+02
2.494600e+02
2.700600e+02
2.700600e+02
2.874300e+02
2.874300e+02
2.839900e+02
2.839900e+02
2.839900e+02
2.536700e+02
2.536700e+02
2.536700e+02
2.536700e+02
2.536700e+02
2.536700e+02
2.536700e+02
2.417900e+02
2.417900e+02
2.381000e+02
2.381000e+02
2.381000e+02
2.381000e+02
2.381000e+02
2.455900e+02
2.455900e+02
2.515700e+02
2.515700e+02
2.567500e+02
2.567500e+02
2.567500e+02
2.567500e+02
2.567500e+02
2.452300e+02
2.452300e+02
2.313200e+02
2.313200e+02
2.313200e+02
2.254500e+02
2.254500e+02
2.257500e+02
2.257500e+02
2.231500e+02
2.231500e+02
2.231500e+02
2.201800e+02
2.201800e+02
2.169900e+02
2.169900e+02
2.175300e+02
2.175300e+02
2.175300e+02
2.156200e+02
2.156200e+02
2.156500e+02
2.156500e+02
2.159200e+02
2.159200e+02
2.159200e+02
2.173300e+02
2.173300e+02
2.188600e+02
2.188600e+02
2.188600e+02
2.188600e+02
2.188600e+02
2.214300e+02
2.214300e+02
2.230100e+02
2.230100e+02
2.230100e+02
2.230100e+02
2.230100e+02
2.230100e+02
2.230100e+02
2.220600e+02
2.220600e+02
2.095500e+02
2.095500e+02
2.095500e+02
2.174200e+02
2.174200e+02
2.148200e+02
2.148200e+02
2.118400e+02
2.118400e+02
2.118400e+02
2.118400e+02
2.118400e+02
2.118400e+02
2.118400e+02
2.118400e+02
2.118400e+02
2.118400e+02
2.118400e+02
2.118400e+02
2.260700e+02
2.260700e+02
2.260700e+02
2.260700e+02
2.260700e+02
2.310100e+02
2.310100e+02
2.334600e+02
2.334600e+02
2.343000e+02
2.343000e+02
2.343000e+02
2.400800e+02
2.400800e+02
2.429700e+02
2.429700e+02
2.313600e+02
2.313600e+02
2.313600e+02
2.450500e+02
2.450500e+02
2.445700e+02
2.445700e+02
2.437400e+02
2.437400e+02
2.437400e+02
2.409300e+02
2.409300e+02
2.386100e+02
2.386100e+02
2.386100e+02
2.386100e+02
2.386100e+02
2.386100e+02
2.386100e+02
2.441100e+02
2.441100e+02
2.441100e+02
2.441100e+02
2.441100e+02
2.508000e+02
2.508000e+02
2.558900e+02
2.558900e+02
2.562900e+02
2.562900e+02
2.562900e+02
2.593900e+02
2.593900e+02
2.593900e+02
2.593900e+02
3.078600e+02
3.078600e+02
3.078600e+02
3.253900e+02
3.253900e+02
3.312100e+02
3.312100e+02
3.379000e+02
3.379000e+02
3.379000e+02
3.410100e+02
3.410100e+02
3.410100e+02
3.410100e+02
3.410100e+02
3.410100e+02
3.410100e+02
3.410100e+02
3.410100e+02
3.410100e+02
3.410100e+02
3.568500e+02
3.568500e+02
3.568500e+02
3.568500e+02
3.568500e+02
3.827100e+02
3.827100e+02
4.008100e+02
4.008100e+02
4.008100e+02
4.091800e+02
4.091800e+02
4.062700e+02
4.062700e+02
4.067300e+02
4.067300e+02
4.067300e+02
4.067300e+02
4.067300e+02
3.681800e+02
3.681800e+02
3.633700e+02
3.633700e+02
3.633700e+02
2.253900e+02
2.253900e+02
2.180300e+02
2.180300e+02
2.151600e+02
2.151600e+02
2.151600e+02
2.092300e+02
2.092300e+02
2.056500e+02
2.056500e+02
2.017100e+02
2.017100e+02
2.017100e+02
1.960300e+02
1.960300e+02
1.960300e+02
1.960300e+02
1.872800e+02
1.872800e+02
1.872800e+02
1.813300e+02
1.813300e+02
1.778100e+02
1.778100e+02
1.778100e+02
1.778100e+02
1.778100e+02
1.683800e+02
1.683800e+02
1.649200e+02
1.649200e+02
1.649200e+02
1.649200e+02
1.649200e+02
1.568400e+02
1.568400e+02
1.537800e+02
1.537800e+02
1.515300e+02
1.515300e+02
1.515300e+02
1.486800e+02
1.486800e+02
1.486800e+02
1.486800e+02
1.486800e+02
1.486800e+02
1.486800e+02
1.427900e+02
1.427900e+02
1.427900e+02
1.427900e+02
1.427900e+02
1.427900e+02
1.427900e+02
1.357000e+02
1.357000e+02
1.345500e+02
1.345500e+02
1.345500e+02
1.345500e+02
1.345500e+02
1.345500e+02
1.345500e+02
1.299300e+02
1.299300e+02
1.299300e+02
1.299300e+02
1.299300e+02
1.255900e+02
1.255900e+02
1.255900e+02
1.255900e+02
1.255900e+02
1.255900e+02
1.255900e+02
1.209600e+02
1.209600e+02
1.209600e+02
1.209600e+02
1.209600e+02
1.209600e+02
1.209600e+02
1.160700e+02
1.160700e+02
1.154100e+02
1.154100e+02
1.142800e+02
1.142800e+02
1.142800e+02
1.127000e+02
1.127000e+02
1.127000e+02
1.127000e+02
1.127000e+02
1.127000e+02
1.127000e+02
1.127000e+02
1.090500e+02
1.090500e+02
1.090500e+02
1.076200e+02
1.076200e+02
1.076200e+02
1.064400e+02
1.064400e+02
1.064400e+02
1.064400e+02
1.064400e+02
1.064400e+02
1.064400e+02
1.035200e+02
1.035200e+02
1.023100e+02
1.023100e+02
1.018200e+02
1.018200e+02
1.018200e+02
9.993000e+01
9.993000e+01
9.993000e+01
9.993000e+01
9.993000e+01
9.993000e+01
9.993000e+01
9.738000e+01
9.738000e+01
9.738000e+01
9.738000e+01
9.468000e+01
9.468000e+01
9.468000e+01
9.440000e+01
9.440000e+01
9.440000e+01
9.440000e+01
9.440000e+01
9.440000e+01
9.440000e+01
9.440000e+01
9.440000e+01
9.440000e+01
8.963000e+01
8.963000e+01
8.963000e+01
8.963000e+01
9.164000e+01
9.164000e+01
9.164000e+01
9.164000e+01
9.164000e+01
9.164000e+01
9.164000e+01
9.164000e+01
9.164000e+01
8.627000e+01
8.627000e+01
8.627000e+01
8.627000e+01
8.627000e+01
8.686000e+01
8.686000e+01
8.686000e+01
8.686000e+01
8.686000e+01
8.686000e+01
8.686000e+01
8.686000e+01
8.686000e+01
8.686000e+01
8.686000e+01
8.686000e+01
8.686000e+01
8.686000e+01
8.332000e+01
8.332000e+01
8.332000e+01
8.332000e+01
8.332000e+01
8.332000e+01
8.332000e+01
8.131000e+01
8.131000e+01
8.131000e+01
8.131000e+01
8.131000e+01
8.131000e+01
8.131000e+01
8.082000e+01
8.082000e+01
8.082000e+01
8.082000e+01
8.082000e+01
8.082000e+01
8.082000e+01
7.761000e+01
7.761000e+01
7.761000e+01
7.761000e+01
7.676000e+01
7.676000e+01
7.676000e+01
7.508000e+01
7.508000e+01
7.649000e+01
7.649000e+01
7.222000e+01
7.222000e+01
7.222000e+01
7.313000e+01
7.313000e+01
7.181000e+01
7.181000e+01
7.110000e+01
7.110000e+01
7.110000e+01
7.188000e+01
7.110000e+01
7.110000e+01
7.110000e+01
7.110000e+01
7.110000e+01
7.110000e+01
7.083000e+01
7.083000e+01
7.025000e+01
7.025000e+01
6.857000e+01
6.857000e+01
6.857000e+01
6.857000e+01
6.857000e+01
6.857000e+01
6.857000e+01
7.016000e+01
7.016000e+01
7.016000e+01
6.894000e+01
6.894000e+01
7.109000e+01
7.109000e+01
7.109000e+01
7.109000e+01
7.109000e+01
7.109000e+01
7.109000e+01
7.109000e+01
7.109000e+01
7.109000e+01
7.109000e+01
7.109000e+01
7.109000e+01
7.109000e+01
7.007000e+01
7.007000e+01
7.007000e+01
7.007000e+01
7.007000e+01
7.007000e+01
7.007000e+01
7.007000e+01
7.007000e+01
7.007000e+01
7.007000e+01
7.007000e+01
7.007000e+01
7.007000e+01
7.007000e+01
7.007000e+01
7.007000e+01
7.007000e+01
7.007000e+01
7.007000e+01
7.007000e+01
6.373000e+01
6.373000e+01
6.373000e+01
6.373000e+01
6.373000e+01
6.373000e+01
6.373000e+01
6.373000e+01
6.373000e+01
6.373000e+01
6.373000e+01
6.373000e+01
6.373000e+01
6.762000e+01
6.762000e+01
6.762000e+01
6.762000e+01
6.762000e+01
6.762000e+01
6.673000e+01
6.673000e+01
6.790000e+01
6.790000e+01
6.790000e+01
6.790000e+01
6.790000e+01
6.432000e+01
6.432000e+01
6.432000e+01
6.432000e+01
6.432000e+01
6.432000e+01
6.432000e+01
6.416000e+01
6.416000e+01
6.250000e+01
6.250000e+01
6.302000e+01
6.302000e+01
6.302000e+01
6.425000e+01
6.425000e+01
6.425000e+01
6.425000e+01
6.425000e+01
6.425000e+01
6.425000e+01
6.783000e+01
6.783000e+01
6.515000e+01
6.515000e+01
6.368000e+01
6.368000e+01
6.368000e+01
6.011000e+01
6.011000e+01
6.011000e+01
6.011000e+01
6.011000e+01
6.011000e+01
6.011000e+01
6.188000e+01
6.188000e+01
5.997000e+01
5.997000e+01
6.495000e+01
6.495000e+01
6.495000e+01
6.560000e+01
6.560000e+01
6.560000e+01
6.560000e+01
6.560000e+01
6.560000e+01
6.560000e+01
6.560000e+01
6.560000e+01
6.560000e+01
6.560000e+01
6.560000e+01
6.560000e+01
6.560000e+01
6.560000e+01
6.320000e+01
6.320000e+01
6.531000e+01
6.535000e+01
6.535000e+01
6.535000e+01
6.471000e+01
6.471000e+01
6.416000e+01
6.416000e+01
6.509000e+01
6.509000e+01
6.509000e+01
6.406000e+01
6.406000e+01
6.406000e+01
6.406000e+01
6.406000e+01
6.406000e+01
6.406000e+01
6.586000e+01
6.586000e+01
6.506000e+01
6.506000e+01
6.638000e+01
6.638000e+01
6.638000e+01
6.711000e+01
6.711000e+01
6.711000e+01
6.711000e+01
5.753000e+01
5.753000e+01
5.753000e+01
5.667000e+01
5.667000e+01
6.648000e+01
6.648000e+01
6.318000e+01
6.318000e+01
6.318000e+01
6.318000e+01
6.318000e+01
6.318000e+01
6.318000e+01
5.669000e+01
5.669000e+01
5.669000e+01
5.669000e+01
5.669000e+01
6.023000e+01
6.023000e+01
6.274000e+01
6.274000e+01
6.274000e+01
6.426000e+01
6.426000e+01
6.281000e+01
6.281000e+01
6.281000e+01
6.281000e+01
6.281000e+01
5.821000e+01
5.821000e+01
5.911000e+01
5.911000e+01
6.444000e+01
6.444000e+01
6.444000e+01
6.531000e+01
6.531000e+01
6.531000e+01
6.531000e+01
5.601000e+01
5.601000e+01
5.601000e+01
5.561000e+01
5.561000e+01
5.561000e+01
5.561000e+01
5.547000e+01
5.547000e+01
5.547000e+01
5.516000e+01
5.516000e+01
5.567000e+01
5.567000e+01
5.567000e+01
5.567000e+01
5.567000e+01
6.191000e+01
6.191000e+01
6.232000e+01
6.232000e+01
6.209000e+01
6.209000e+01
6.209000e+01
6.103000e+01
6.103000e+01
6.122000e+01
6.122000e+01
6.084000e+01
6.084000e+01
6.084000e+01
5.779000e+01
5.779000e+01
5.779000e+01
5.779000e+01
5.578000e+01
5.578000e+01
5.578000e+01
6.235000e+01
6.235000e+01
5.753000e+01
5.753000e+01
5.753000e+01
5.753000e+01
5.753000e+01
5.459000e+01
5.459000e+01
5.501000e+01
5.501000e+01
5.494000e+01
5.494000e+01
5.494000e+01
6.338000e+01
6.338000e+01
6.083000e+01
6.083000e+01
6.104000e+01
6.104000e+01
6.104000e+01
5.528000e+01
5.528000e+01
5.528000e+01
5.444000e+01
5.869000e+01
5.869000e+01
5.869000e+01
5.714000e+01
5.714000e+01
5.714000e+01
5.714000e+01
5.714000e+01
5.714000e+01
5.714000e+01
5.906000e+01
5.906000e+01
6.152000e+01
6.152000e+01
5.596000e+01
5.596000e+01
5.596000e+01
5.908000e+01
5.908000e+01
5.748000e+01
5.748000e+01
5.440000e+01
5.440000e+01
5.440000e+01
5.329000e+01
5.329000e+01
5.337000e+01
5.337000e+01
1.398000e+01
1.398000e+01
1.398000e+01
5.293000e+01
5.293000e+01
5.264000e+01
5.264000e+01
5.635000e+01
5.635000e+01
5.635000e+01
5.463000e+01
5.463000e+01
5.572000e+01
5.572000e+01
5.593000e+01
5.593000e+01
5.593000e+01
5.603000e+01
5.603000e+01
5.662000e+01
5.662000e+01
5.536000e+01
5.536000e+01
5.536000e+01
5.533000e+01
5.533000e+01
5.565000e+01
5.565000e+01
5.674000e+01
5.674000e+01
5.674000e+01
5.638000e+01
5.638000e+01
5.674000e+01
5.674000e+01
5.674000e+01
5.674000e+01
5.674000e+01
6.535000e+01
6.535000e+01
6.338000e+01
6.338000e+01
5.949000e+01
5.949000e+01
5.949000e+01
5.646000e+01
5.646000e+01
5.653000e+01
5.653000e+01
5.719000e+01
5.719000e+01
5.719000e+01
6.262000e+01
6.262000e+01
5.991000e+01
5.991000e+01
5.991000e+01
5.991000e+01
5.991000e+01
6.606000e+01
6.606000e+01
6.656000e+01
6.656000e+01
6.358000e+01
6.358000e+01
6.358000e+01
5.952000e+01
5.952000e+01
6.443000e+01
6.443000e+01
6.623000e+01
6.623000e+01
6.623000e+01
6.527000e+01
6.527000e+01
6.527000e+01
6.527000e+01
6.527000e+01
6.527000e+01
6.527000e+01
5.531000e+01
5.531000e+01
5.634000e+01
5.634000e+01
5.549000e+01
5.549000e+01
5.549000e+01
5.483000e+01
5.483000e+01
5.483000e+01
5.483000e+01
5.458000e+01
5.458000e+01
5.458000e+01
5.518000e+01
5.518000e+01
5.446000e+01
5.446000e+01
5.446000e+01
5.446000e+01
5.446000e+01
5.471000e+01
5.471000e+01
5.577000e+01
5.577000e+01
5.503000e+01
5.503000e+01
5.503000e+01
5.471000e+01
5.471000e+01
5.540000e+01
5.540000e+01
5.482000e+01
5.482000e+01
5.482000e+01
5.486000e+01
5.486000e+01
5.545000e+01
5.545000e+01
5.545000e+01
5.545000e+01
5.545000e+01
5.660000e+01
5.660000e+01
5.660000e+01
5.660000e+01
5.493000e+01
5.493000e+01
5.493000e+01
5.391000e+01
5.391000e+01
5.391000e+01
5.391000e+01
5.391000e+01
5.391000e+01
5.391000e+01
5.492000e+01
5.492000e+01
5.438000e+01
5.438000e+01
5.438000e+01
5.438000e+01
5.438000e+01
5.419000e+01
5.419000e+01
5.499000e+01
5.499000e+01
5.419000e+01
5.419000e+01
5.419000e+01
5.406000e+01
5.406000e+01
5.389000e+01
5.389000e+01
5.397000e+01
5.397000e+01
5.397000e+01
5.354000e+01
5.354000e+01
5.407000e+01
5.407000e+01
5.407000e+01
5.407000e+01
5.407000e+01
5.407000e+01
5.407000e+01
5.449000e+01
5.449000e+01
5.449000e+01
5.449000e+01
5.449000e+01
5.325000e+01
5.325000e+01
5.390000e+01
5.390000e+01
5.431000e+01
5.431000e+01
5.431000e+01
5.435000e+01
5.435000e+01
5.351000e+01
5.351000e+01
5.351000e+01
5.351000e+01
5.351000e+01
5.408000e+01
5.408000e+01
5.402000e+01
5.402000e+01
5.402000e+01
5.402000e+01
5.402000e+01
5.399000e+01
5.399000e+01
5.412000e+01
5.412000e+01
5.412000e+01
5.412000e+01
5.412000e+01
5.387000e+01
5.387000e+01
5.389000e+01
5.389000e+01
5.404000e+01
5.404000e+01
5.404000e+01
5.381000e+01
5.381000e+01
5.434000e+01
5.434000e+01
5.434000e+01
5.434000e+01
5.434000e+01
5.434000e+01
5.434000e+01
5.334000e+01
5.334000e+01
5.464000e+01
5.464000e+01
5.464000e+01
5.494000e+01
5.494000e+01
5.001000e+01
5.001000e+01
5.001000e+01
5.001000e+01
5.001000e+01
5.546000e+01
5.546000e+01
5.481000e+01
5.481000e+01
5.498000e+01
5.498000e+01
5.498000e+01
5.499000e+01
5.499000e+01
5.464000e+01
5.464000e+01
5.464000e+01
5.464000e+01
5.464000e+01
5.434000e+01
5.434000e+01
5.432000e+01
5.432000e+01
5.432000e+01
5.432000e+01
5.432000e+01
5.514000e+01
5.514000e+01
5.531000e+01
5.531000e+01
5.531000e+01
5.531000e+01
5.531000e+01
5.583000e+01
5.583000e+01
5.627000e+01
5.627000e+01
5.627000e+01
5.627000e+01
5.627000e+01
5.670000e+01
5.670000e+01
5.696000e+01
5.696000e+01
5.696000e+01
5.696000e+01
5.696000e+01
5.767000e+01
5.767000e+01
5.767000e+01
5.767000e+01
5.904000e+01
5.904000e+01
5.904000e+01
5.924000e+01
5.924000e+01
5.924000e+01
5.924000e+01
5.924000e+01
5.924000e+01
5.924000e+01
5.924000e+01
5.924000e+01
6.195000e+01
6.195000e+01
6.195000e+01
6.195000e+01
6.195000e+01
6.801000e+01
6.801000e+01
6.801000e+01
6.801000e+01
6.801000e+01
6.801000e+01
6.801000e+01
7.310000e+01
7.310000e+01
7.411000e+01
7.411000e+01
7.244000e+01
7.244000e+01
7.244000e+01
7.861000e+01
7.861000e+01
78
78
78
78
78
6.961000e+01
6.961000e+01
8.288000e+01
8.288000e+01
8.733000e+01
8.733000e+01
8.733000e+01
8.927000e+01
8.927000e+01
8.973000e+01
8.973000e+01
8.973000e+01
8.973000e+01
8.973000e+01
8.663000e+01
8.663000e+01
9.029000e+01
9.029000e+01
7.881000e+01
7.881000e+01
7.881000e+01
7.881000e+01
7.881000e+01
7.881000e+01
7.881000e+01
7.881000e+01
7.881000e+01
7.881000e+01
7.998000e+01
7.998000e+01
8.005000e+01
8.005000e+01
7.952000e+01
7.952000e+01
7.952000e+01
7.952000e+01
7.952000e+01
9.813000e+01
9.813000e+01
9.813000e+01
9.813000e+01
9.813000e+01
9.813000e+01
9.813000e+01
9.813000e+01
9.813000e+01
9.813000e+01
9.813000e+01
9.813000e+01
9.813000e+01
9.813000e+01
9.813000e+01
9.813000e+01
9.813000e+01
9.813000e+01
9.813000e+01
9.003000e+01
9.003000e+01
9.003000e+01
9.003000e+01
9.272000e+01
9.272000e+01
9.272000e+01
1.101700e+02
1.101700e+02
8.714000e+01
8.714000e+01
1.119500e+02
1.119500e+02
1.119500e+02
135
135
121
121
183
183
183
183
183
194
194
201
201
201
170
170
225
225
225
225
225
205
205
205
205
205
205
205
2.266300e+02
2.266300e+02
2.459500e+02
2.459500e+02
2.480800e+02
2.480800e+02
2.480800e+02
1.951100e+02
1.951100e+02
2.362400e+02
2.362400e+02
2.564200e+02
2.564200e+02
2.564200e+02
2.591500e+02
2.591500e+02
2.591500e+02
2.591500e+02
2.616100e+02
2.616100e+02
2.616100e+02
2.471500e+02
2.471500e+02
2.517300e+02
2.517300e+02
2.541600e+02
2.541600e+02
2.541600e+02
2.505900e+02
2.505900e+02
2.542700e+02
2.542700e+02
2.573000e+02
2.573000e+02
2.573000e+02
2.633100e+02
2.633100e+02
2.633100e+02
2.633100e+02
2.781000e+02
2.781000e+02
2.781000e+02
2.719600e+02
2.719600e+02
2.612500e+02
2.612500e+02
2.582100e+02
2.582100e+02
2.582100e+02
2.376600e+02
2.376600e+02
2.537200e+02
2.537200e+02
2.574700e+02
2.574700e+02
2.574700e+02
2.476200e+02
2.476200e+02
2.494200e+02
2.494200e+02
2.494200e+02
2.494200e+02
2.494200e+02
2.515100e+02
2.515100e+02
2.585900e+02
2.585900e+02
2.580300e+02
2.580300e+02
2.580300e+02
2.564700e+02
2.564700e+02
2.501000e+02
2.501000e+02
2.532700e+02
2.532700e+02
2.532700e+02
2.531000e+02
2.531000e+02
2.563500e+02
2.563500e+02
2.484100e+02
2.484100e+02
2.484100e+02
2.480400e+02
2.480400e+02
2.480400e+02
2.480400e+02
2.389600e+02
2.389600e+02
2.389600e+02
2.413600e+02
2.413600e+02
243
243
2.436800e+02
2.436800e+02
2.436800e+02
2.436800e+02
2.436800e+02
2.436800e+02
2.436800e+02
2.436800e+02
2.436800e+02
2.436800e+02
2.505300e+02
2.505300e+02
2.211400e+02
2.211400e+02
2.211400e+02
2.211400e+02
2.211400e+02
2.248400e+02
2.248400e+02
2.268300e+02
2.268300e+02
2.381700e+02
2.381700e+02
2.381700e+02
2.341500e+02
2.341500e+02
2.315500e+02
2.315500e+02
2.335600e+02
2.335600e+02
2.335600e+02
2.343490e+02
2.343490e+02
2.356600e+02
2.356600e+02
2.356600e+02
