0
0
0
0
0
0
0
0
0
0
0
0
0
0
0
0
0
0
0
0
0
0
0
0
0
0
0
0
0
0
0
0
0
0
0
0
0
0
0
0
0
0
0
0
0
0
0
0
0
0
0
0
0
0
0
0
0
0
0
0
0
0
0
0
0
0
0
0
0
0
0
0
0
0
0
0
0
0
0
0
0
0
0
0
0
0
0
0
0
0
0
0
0
0
0
0
0
0
0
0
0
0
0
0
0
0
0
0
0
0
0
0
0
0
0
0
0
0
0
0
0
0
0
0
0
0
0
0
0
0
0
0
0
0
0
0
0
0
0
0
0
0
0
0
0
0
0
0
0
0
0
0
0
0
0
0
0
0
0
0
0
0
0
0
0
0
0
0
0
0
0
0
0
0
0
0
0
0
0
0
0
0
0
0
0
0
0
0
0
0
0
0
0
0
0
0
0
0
0
0
0
0
0
0
0
0
0
0
0
0
0
0
0
0
0
0
0
0
0
0
0
0
0
0
0
0
0
0
0
0
0
0
0
0
0
0
0
0
0
0
0
0
0
0
0
0
0
0
0
0
0
0
0
0
0
0
0
0
0
0
0
0
0
0
0
0
0
0
0
0
0
0
0
0
0
0
0
0
0
0
0
0
0
0
0
0
0
0
0
0
0
0
0
0
0
0
0
0
0
0
0
0
0
0
0
0
0
0
0
0
0
0
0
0
0
0
0
0
0
0
0
0
0
0
0
0
0
0
0
0
0
0
0
0
0
0
0
0
0
0
0
0
0
0
0
0
0
0
0
0
0
0
0
0
0
0
0
0
0
0
0
0
0
0
0
0
0
0
0
0
0
0
0
0
0
0
0
0
0
0
0
0
0
0
0
0
0
0
0
0
0
0
0
0
0
0
0
0
0
0
0
0
0
0
0
0
0
0
0
0
0
0
0
0
0
0
0
0
0
0
0
0
0
0
0
0
0
0
0
0
0
0
0
0
0
0
0
0
0
0
0
0
0
0
0
0
0
0
0
0
0
0
0
0
0
0
0
0
0
0
0
0
0
0
0
0
0
0
0
0
0
0
0
0
0
0
0
0
0
0
0
0
0
0
0
0
0
0
0
0
0
0
0
0
0
0
0
0
0
0
0
0
0
0
0
0
0
0
0
0
0
0
0
0
0
0
0
0
0
0
0
0
0
0
0
0
0
0
0
0
0
0
0
0
0
0
0
0
0
0
0
0
0
0
0
0
0
0
0
0
0
0
0
0
0
0
0
0
0
0
0
0
0
0
0
0
0
0
0
0
0
0
0
0
0
0
0
0
0
0
0
0
0
0
0
0
0
0
0
0
0
0
0
0
0
0
0
0
0
0
0
0
0
0
0
0
0
0
0
0
0
0
0
0
0
0
0
0
0
0
0
0
0
0
0
0
0
0
0
0
0
0
0
0
0
0
0
0
0
0
0
0
0
0
0
0
0
0
0
0
0
0
0
0
0
0
0
0
0
0
0
0
0
0
0
0
0
0
0
0
0
0
0
0
0
0
0
0
0
0
0
0
0
0
0
0
0
0
0
0
0
0
0
0
0
0
0
0
0
0
0
0
0
0
0
0
0
0
0
0
0
0
0
0
0
0
0
0
0
0
0
0
0
0
0
0
0
0
0
0
0
0
0
0
0
0
0
0
0
0
0
0
0
0
0
0
0
0
0
0
0
0
0
0
0
0
0
0
0
0
0
0
0
0
0
0
0
0
0
0
0
0
0
0
0
0
0
0
0
0
0
0
0
0
0
0
0
0
0
0
0
0
0
0
0
0
0
0
0
0
0
0
0
0
0
0
0
0
0
0
0
0
0
0
0
0
0
0
0
0
0
0
0
0
0
0
0
0
0
0
0
0
0
0
0
0
0
0
0
0
0
0
0
0
0
0
0
0
0
0
0
0
0
0
0
0
0
0
0
0
0
0
0
0
0
0
0
0
0
0
0
0
0
0
0
0
0
0
0
0
0
0
0
0
0
0
0
0
0
0
0
0
0
0
0
0
0
0
0
0
0
0
0
0
0
0
0
0
0
0
0
0
0
0
0
0
0
0
0
0
0
0
0
0
0
0
0
0
0
0
0
0
0
0
0
0
0
0
0
0
0
0
0
0
0
0
0
0
0
0
0
0
0
0
0
0
0
0
0
0
0
0
0
0
0
0
0
0
0
0
0
0
0
0
0
0
0
0
0
0
0
0
0
0
0
0
0
0
0
0
0
0
0
0
0
0
0
0
0
0
0
0
0
0
0
0
0
0
0
0
0
0
0
0
1078
1035
1035
1035
1035
836
828
828
1006
1002
906
863
892
805
836
805
891
988
906
950
988
991
1004
937
1087
988
962
1087
1045
1087
1279
1208
1035
1165
1087
1012
1056
1208
836
776
988
1045
1035
1006
776
725
725
1087
1208
1279
1035
906
1087
1208
988
988
988
988
988
1208
929
988
906
906
906
869
908
916
988
1208
1208
1208
1207
1207
988
988
988
988
988
1082
1082
1082
1082
1082
1082
1082
1082
1082
1082
1082
1082
1082
1082
1082
1082
1082
1082
687
687
687
719
719
724
724
279
905
860
727
776
725
905
910
910
910
856
856
876
724
715
715
715
725
679
724
730
710
710
710
746
735
739
739
739
739
739
739
734
720
720
728
728
728
1646
1640
724
719
799
799
799
1640
1640
644
660
655
655
655
655
1132
1132
1117
1117
1117
1117
1049
1011
1011
1028
1028
1028
1028
970
790
790
784
784
784
784
780
785
790
820
775
775
775
876
686
872
905
902
902
902
902
787
695
695
645
645
645
640
711
711
711
721
721
721
711
711
721
711
701
701
701
905
913
913
913
913
913
913
906
915
906
906
895
895
895
895
880
896
872
864
864
864
870
876
870
870
890
890
890
900
898
906
906
900
900
900
896
896
896
896
896
896
896
896
880
912
896
917
917
917
900
890
890
890
890
890
890
876
876
876
912
912
912
912
912
886
906
906
890
890
890
896
892
892
892
892
892
892
892
892
892
892
892
892
892
486
486
486
486
486
486
486
486
486
486
486
486
486
486
486
486
486
486
486
486
486
486
486
486
486
486
486
486
486
486
486
486
486
486
486
486
486
486
486
486
486
486
486
486
486
486
486
486
486
486
486
486
486
486
486
486
486
486
486
486
486
486
486
486
486
486
486
486
486
486
486
486
486
486
486
486
486
486
486
836
836
836
836
836
836
836
836
836
836
836
836
836
836
836
836
836
836
836
836
836
836
836
836
836
836
836
836
836
836
836
836
836
836
836
836
836
836
836
836
836
836
836
836
836
836
836
3.750000e+01
3.750000e+01
3.750000e+01
480
302
302
302
302
259
259
259
327
327
327
294
194
294
294
241
241
241
241
241
241
241
285
285
285
212
212
212
212
212
212
212
212
209
209
209
131
131
131
197
197
197
230
230
230
230
230
230
230
182
182
182
182
182
182
222
222
222
222
222
222
222
231
231
133
133
133
167
167
141
141
310
310
310
310
310
310
120
120
120
120
120
120
135
135
135
135
135
135
185
185
102
95
95
95
95
95
95
95
95
95
95
95
95
95
95
82
82
82
82
82
82
95
95
95
95
95
95
89
89
75
75
75
83
83
79
79
81
81
81
81
81
81
81
81
81
81
82
82
106
106
106
106
106
106
106
106
106
106
106
106
106
106
94
94
94
94
94
94
94
94
94
94
94
94
94
94
94
94
94
94
94
94
94
94
94
94
94
94
94
94
94
94
94
94
94
94
94
94
94
94
94
94
94
94
94
94
94
94
94
94
94
94
94
94
94
94
94
94
375
375
375
375
375
375
375
375
375
375
375
375
375
375
375
375
375
375
375
375
375
375
375
375
375
375
375
375
375
375
375
375
375
375
375
375
375
375
375
375
375
375
375
375
375
375
375
375
375
375
375
375
375
375
375
375
375
375
375
375
375
375
375
375
375
375
375
375
375
375
375
375
375
375
375
375
375
375
375
375
375
375
375
375
375
375
375
375
375
375
375
375
375
375
375
375
375
375
375
375
375
375
375
375
375
375
375
375
375
375
375
375
375
375
375
375
375
375
375
375
375
375
375
375
375
375
375
375
375
375
375
375
375
375
375
375
375
375
375
375
375
375
375
375
375
375
375
375
375
375
375
375
375
375
375
375
375
375
375
375
375
375
375
375
375
375
375
375
375
375
375
375
375
375
375
375
375
375
375
375
375
375
375
375
375
375
375
375
375
375
375
375
375
375
375
375
375
375
375
375
375
375
375
375
375
375
375
375
375
375
375
375
375
375
375
375
375
375
375
375
375
375
375
375
375
375
375
375
375
375
375
375
375
375
375
375
375
375
375
375
375
375
375
375
375
375
375
375
375
375
375
375
375
375
375
375
375
375
375
375
375
375
375
375
375
375
375
375
375
375
375
375
375
375
375
375
375
375
375
375
375
375
375
375
375
375
375
375
375
375
375
375
375
375
375
375
375
375
375
375
375
375
375
375
375
375
375
375
375
375
375
375
375
375
375
375
375
375
375
375
375
375
375
375
375
375
375
375
375
375
375
375
375
375
375
375
375
375
375
375
375
375
375
375
375
375
375
375
375
375
375
375
375
375
375
375
375
375
375
375
375
375
375
375
375
375
375
375
375
375
375
375
375
375
375
375
375
375
375
375
375
375
375
375
375
375
375
375
375
375
375
375
375
375
375
375
375
375
375
375
375
375
375
375
375
375
375
375
375
375
375
375
375
375
375
375
375
375
402
402
402
402
400
400
400
400
400
362
362
362
362
362
362
362
402
402
402
402
402
402
402
402
402
402
402
402
402
402
435
435
435
435
435
435
435
435
435
362
362
362
362
362
435
435
435
435
435
435
435
435
435
435
435
435
453
453
375
375
375
375
375
375
375
388
388
388
388
388
388
388
388
388
572
572
572
572
572
435
435
435
435
435
435
435
435
435
435
435
435
435
435
453
453
453
453
453
453
453
453
453
453
453
453
453
453
402
402
402
402
402
402
402
402
402
494
494
494
494
494
494
494
494
494
494
453
453
453
453
453
453
453
453
453
453
453
418
418
418
418
418
388
388
388
388
388
388
388
388
388
350
350
350
350
350
375
375
375
375
375
375
375
375
375
375
375
375
286
286
286
286
286
286
286
294
294
294
294
294
294
294
294
294
294
294
294
294
294
294
294
294
294
294
294
294
294
294
294
294
294
294
294
294
294
294
294
294
294
294
294
294
294
294
294
294
294
294
294
294
294
294
294
294
294
294
294
294
294
294
294
294
294
294
294
294
294
294
294
294
294
294
294
294
294
294
294
294
294
294
294
294
294
294
294
294
294
294
294
294
294
294
294
294
294
294
294
294
294
294
294
294
294
294
294
294
294
294
294
294
294
294
294
294
294
294
294
294
294
294
294
294
294
294
294
294
294
294
294
294
294
294
294
294
294
294
294
294
294
294
294
294
375
375
375
375
375
375
375
375
375
375
453
453
453
453
453
453
453
453
453
453
453
453
453
453
453
453
453
453
453
453
453
453
453
453
453
453
453
453
453
453
426
426
426
426
426
426
426
426
426
426
426
426
494
494
494
494
530
530
530
530
530
225
225
225
225
225
225
225
225
225
225
225
225
530
530
530
530
530
530
530
530
530
530
530
530
530
530
530
530
530
530
530
530
530
530
530
530
530
530
530
530
530
530
530
530
530
530
530
530
530
530
530
530
530
530
530
530
530
530
530
530
530
530
530
530
530
530
530
530
530
530
530
530
530
530
530
530
530
530
530
530
530
530
530
530
530
530
530
530
530
530
530
530
530
530
530
530
530
530
530
530
530
530
530
530
530
530
530
530
530
530
530
530
530
530
530
530
530
530
530
530
530
530
530
530
530
530
530
530
530
530
530
530
530
530
530
530
530
530
530
530
530
530
530
530
530
530
530
530
530
530
530
530
530
530
530
530
530
530
530
530
530
530
530
530
530
530
530
530
530
530
530
530
530
530
530
530
530
530
530
530
530
530
725
725
725
725
725
729
729
729
729
729
729
729
729
729
729
729
729
729
729
836
836
836
836
836
836
836
836
836
836
836
836
836
836
836
836
836
836
836
836
836
836
836
836
836
836
836
836
836
836
836
836
836
836
836
836
836
869
869
869
869
869
869
869
869
869
869
869
869
869
869
869
869
869
869
869
869
869
869
869
869
869
869
869
869
869
869
869
869
869
869
869
869
869
869
869
869
869
869
869
869
869
869
869
869
869
869
869
869
869
869
869
869
869
869
869
869
869
869
869
869
869
869
869
869
869
869
869
869
869
869
869
869
869
869
869
869
869
869
869
869
869
869
869
869
869
869
869
869
869
869
869
869
869
869
869
869
869
869
869
869
869
869
869
869
869
869
869
869
869
869
869
869
869
869
869
869
869
869
869
869
869
869
869
869
869
869
869
869
869
869
869
869
869
869
869
869
869
869
869
869
869
869
869
869
869
869
