0
0
0
0
0
0
0
0
0
0
0
0
0
0
0
0
0
0
0
0
0
0
0
0
0
0
0
0
0
0
0
0
0
0
0
0
0
0
0
0
0
0
0
0
0
0
0
0
0
0
0
0
0
0
0
0
0
0
0
0
0
0
0
0
0
0
0
0
0
0
0
0
0
0
0
0
0
0
0
0
0
0
0
0
0
0
0
0
0
0
0
0
0
0
0
0
0
0
0
0
0
0
0
0
0
0
0
0
0
0
0
0
0
0
0
0
0
0
0
0
0
0
0
0
0
0
0
0
0
0
0
0
0
0
0
0
0
0
0
0
0
0
0
0
0
0
0
0
0
0
0
0
0
0
0
0
0
0
0
0
0
0
0
0
0
0
0
0
0
0
0
0
0
0
0
0
0
0
0
0
0
0
0
0
0
0
0
0
0
0
0
0
0
0
0
0
0
0
0
0
0
0
0
0
0
0
0
0
0
0
0
0
0
0
0
0
0
0
0
0
0
0
0
0
0
0
0
0
0
0
0
0
0
0
0
0
0
0
0
0
0
0
0
0
0
0
0
0
0
0
0
0
0
0
0
0
0
0
0
0
0
0
0
0
0
0
0
0
0
0
0
0
0
0
0
0
0
0
0
0
0
0
0
0
0
0
0
0
0
0
0
0
0
0
0
0
0
0
0
0
0
0
0
0
0
0
0
0
0
0
0
0
0
0
0
0
0
0
0
0
0
0
0
0
0
0
0
0
0
0
0
0
0
0
0
0
0
0
0
0
0
0
0
0
0
0
0
0
0
0
0
0
0
0
0
0
0
0
0
0
0
0
0
0
0
0
0
0
0
0
0
0
0
0
0
0
0
0
0
0
0
0
0
0
0
0
0
0
0
0
0
0
0
0
0
0
0
0
0
0
0
0
0
0
0
0
0
0
0
0
0
0
0
0
0
0
0
0
0
0
0
0
0
0
0
0
0
0
0
0
0
0
0
0
0
0
0
0
0
0
0
0
0
0
0
0
0
0
0
0
0
0
0
0
0
0
0
0
0
0
0
0
0
0
0
0
0
0
0
0
0
0
0
0
0
0
0
0
0
0
0
0
0
0
0
0
0
0
0
0
0
0
0
0
0
0
0
0
0
0
0
0
0
0
0
0
0
0
0
0
0
0
0
0
0
0
0
0
0
0
0
0
0
0
0
0
0
0
0
0
0
0
0
0
0
0
0
0
0
0
0
0
0
0
0
0
0
0
0
0
0
0
0
0
0
0
0
0
0
0
0
0
0
0
0
0
0
0
0
0
0
0
0
0
0
0
0
0
0
0
0
0
0
0
0
0
0
0
0
0
0
0
0
0
0
0
0
0
0
0
0
0
0
0
0
0
0
0
0
0
0
0
0
0
0
0
0
0
0
0
0
0
0
0
0
0
0
0
0
0
0
0
0
0
0
0
0
0
0
0
0
0
0
0
0
0
0
0
0
0
0
0
0
0
0
0
0
0
0
0
0
0
0
0
0
0
0
0
0
0
0
0
0
0
0
0
0
0
0
0
0
0
0
0
0
0
0
0
0
0
0
0
0
0
0
0
0
0
0
0
0
0
0
0
0
0
0
0
0
0
0
0
0
0
0
0
0
0
0
0
0
0
0
0
0
0
0
0
0
0
0
0
0
0
0
0
0
0
0
0
0
0
0
0
0
0
0
0
0
0
0
0
0
0
0
0
0
0
0
0
0
0
0
0
0
0
0
0
0
0
0
0
0
0
0
0
0
0
0
0
0
0
0
0
0
0
0
0
0
0
0
0
0
0
0
0
0
0
0
0
0
0
0
0
0
0
0
0
0
0
0
0
0
0
0
0
0
0
0
0
0
0
0
0
0
0
0
0
0
0
0
0
0
0
0
0
0
0
0
0
0
0
0
0
0
0
0
0
0
0
0
0
0
0
0
0
0
0
0
0
0
0
0
0
0
0
0
0
0
0
0
0
0
0
0
0
0
0
0
0
0
0
0
0
0
0
0
0
0
0
0
0
0
0
0
0
0
0
0
0
0
0
0
0
0
0
0
0
0
0
0
0
0
0
0
0
0
0
0
0
0
0
0
0
0
0
0
0
0
0
0
0
0
0
0
0
0
0
0
0
0
0
0
0
0
0
0
0
0
0
0
0
0
0
0
0
0
0
0
0
0
0
0
0
0
0
0
0
0
0
0
0
0
0
0
0
0
0
0
0
0
0
0
0
0
0
0
0
0
0
0
0
0
0
0
0
0
0
0
0
0
0
0
0
0
0
0
0
0
0
0
0
0
0
0
0
0
0
0
0
0
0
0
0
0
0
0
0
0
0
0
0
0
0
0
0
0
0
0
0
0
0
0
0
0
0
0
0
0
0
0
0
0
54
50
84
91
95
101
136
134
109
181
168
142
204
242
283
288
296
296
296
343
374
369
377
343
343
343
369
414
432
391
391
391
391
411
410
491
535
510
510
510
402
402
402
434
440
440
440
440
471
517
540
538
538
538
538
542
542
543
550
561
563
565
565
575
587
602
598
599
603
606
606
617
615
618
618
621
621
620
620
622
622
622
243
570
646
655
662
662
662
668
667
664
664
667
667
667
665
670
669
593
525
525
525
151
557
657
655
554
554
554
605
655
623
720
723
723
723
723
1148
1148
1097
686
686
686
207
600
600
700
700
700
700
740
738
734
516
516
516
516
626
614
613
603
605
605
605
772
763
761
763
758
758
758
758
716
717
706
678
678
678
705
745
772
787
780
780
780
764
764
758
747
744
744
744
734
729
729
729
729
729
729
708
931
710
690
684
684
684
684
648
693
687
685
685
685
684
676
675
675
669
669
669
660
663
666
666
659
659
659
657
657
657
657
650
650
650
650
649
607
581
591
591
591
692
688
683
683
683
683
683
681
681
681
669
668
668
668
668
669
669
669
673
673
673
667
656
678
678
678
678
678
678
678
678
678
678
678
678
697
699
702
702
702
702
702
700
699
702
699
703
703
703
707
708
715
715
712
712
712
712
702
702
705
700
700
700
706
697
695
695
698
698
698
698
697
691
683
690
690
690
670
669
669
663
663
663
663
662
662
657
654
654
654
654
645
647
647
647
647
647
647
647
647
647
647
647
647
647
647
647
73
52
52
52
52
229
178
195
306
128
128
128
101
104
102
104
66
66
66
38
60
54
54
43
43
43
18
18
37
70
69
69
69
56
56
56
56
56
56
56
56
65
64
62
61
61
61
61
58
56
56
56
56
56
749
738
703
670
659
659
659
659
639
639
636
630
630
630
600
613
612
614
618
618
618
629
632
632
632
641
641
641
654
653
655
651
671
671
671
657
657
655
657
674
674
674
666
665
667
659
662
662
662
667
667
666
665
666
666
666
196
649
651
635
631
631
631
637
649
651
645
655
655
655
655
659
656
651
655
655
655
650
667
660
659
653
653
653
647
654
668
651
651
651
651
694
672
666
669
668
668
668
671
666
659
663
661
661
661
661
661
661
667
653
653
653
649
649
649
657
649
649
649
647
647
649
649
628
628
628
650
650
637
637
658
658
658
642
642
642
642
640
640
640
628
628
634
634
632
632
632
628
628
628
628
631
631
631
627
627
626
626
626
626
626
621
621
625
625
632
632
632
632
632
168
168
152
152
152
152
152
152
152
149
149
149
143
143
141
141
158
158
158
154
154
146
146
130
130
130
122
122
132
132
123
123
123
119
119
119
119
120
121
122
111
111
111
111
111
111
111
57
57
57
57
57
111
111
111
111
111
111
111
111
111
111
111
111
111
111
111
111
118
118
118
118
118
118
118
118
118
118
118
118
118
118
118
118
118
118
118
118
118
120
120
120
120
126
126
126
126
126
126
126
120
120
120
44
44
111
111
111
111
111
109
109
109
109
60
60
60
77
77
94
94
52
52
52
52
52
52
52
52
52
52
52
52
52
52
87
87
87
70
70
88
88
80
80
74
74
74
74
74
74
74
74
74
74
74
74
74
74
74
74
74
0
0
0
0
0
0
0
0
0
0
0
0
0
0
0
0
0
0
0
0
0
0
0
0
0
0
0
0
0
0
0
0
0
0
0
0
0
0
0
0
0
0
0
0
0
0
0
0
0
0
0
0
0
0
0
0
0
0
0
0
0
0
0
0
0
0
0
0
0
0
0
0
0
0
0
0
0
0
0
0
0
0
0
0
0
0
0
0
0
0
0
0
0
0
0
0
0
0
0
0
0
0
0
0
0
0
0
0
0
0
0
0
0
0
0
0
0
0
0
0
0
0
0
0
0
0
0
0
0
0
0
0
0
0
0
0
0
0
0
0
0
0
0
0
0
0
0
0
0
0
0
0
0
0
0
0
0
0
0
0
0
0
0
0
0
0
0
0
0
0
0
0
0
0
0
0
0
0
0
0
0
0
0
0
0
0
0
0
0
0
0
0
0
0
0
0
0
0
0
0
0
0
0
0
0
0
0
0
0
0
0
0
0
0
0
0
0
0
0
0
0
0
0
0
0
0
0
0
0
0
0
0
0
0
0
0
0
0
0
0
0
0
0
0
0
0
0
0
0
0
0
0
0
0
0
0
0
0
0
0
0
0
0
0
0
0
0
0
0
0
0
0
0
0
0
0
0
0
0
0
0
0
0
0
0
0
137
137
137
137
137
137
137
137
139
139
139
139
139
139
139
139
139
131
131
131
131
131
126
126
127
127
127
130
130
132
132
133
133
133
133
133
133
133
133
133
133
132
132
133
133
133
133
133
132
132
131
131
131
131
131
132
132
132
132
132
132
132
132
132
130
130
130
130
130
131
131
131
131
131
131
131
131
131
132
132
131
131
131
132
132
133
133
134
134
134
134
134
137
137
135
135
135
137
137
138
138
138
138
138
138
138
139
139
139
139
139
139
139
139
139
139
139
139
139
139
137
137
137
137
137
137
137
137
137
138
138
138
138
138
138
138
138
138
138
139
139
139
139
139
139
139
139
139
139
139
138
138
138
137
137
137
137
137
137
137
137
137
140
140
140
140
140
140
140
139
139
139
139
139
39
39
134
134
134
134
134
139
139
138
138
138
138
138
138
138
137
137
137
137
137
137
137
0
0
0
0
0
0
0
0
0
0
0
0
20
20
20
20
20
20
20
20
20
20
20
20
20
20
20
20
20
20
20
20
20
20
20
20
20
20
20
20
20
20
20
20
20
20
20
20
20
20
20
20
20
20
20
20
20
20
20
20
20
20
20
20
20
20
20
20
20
20
20
20
20
20
20
20
20
20
20
20
20
20
20
20
20
20
20
20
20
20
20
20
20
20
20
20
20
20
20
20
20
20
20
20
20
20
20
20
20
20
20
20
20
20
20
20
20
20
20
20
20
20
20
20
20
20
20
20
20
20
20
20
20
20
20
20
20
20
20
20
20
20
20
20
20
20
20
20
20
20
20
20
9.530000e+00
9.530000e+00
9.600000e+00
9.600000e+00
9.600000e+00
9.600000e+00
9.600000e+00
9.600000e+00
9.600000e+00
9.600000e+00
9.600000e+00
9.600000e+00
9.600000e+00
9.600000e+00
9.600000e+00
9.600000e+00
9.400000e+00
9.400000e+00
9.400000e+00
9.400000e+00
9.400000e+00
9.400000e+00
9.400000e+00
9.400000e+00
9.400000e+00
9.400000e+00
9.400000e+00
9.400000e+00
9.400000e+00
9.400000e+00
9.400000e+00
9.400000e+00
9.400000e+00
9.400000e+00
9.400000e+00
9.400000e+00
9.400000e+00
9.400000e+00
9.400000e+00
9.400000e+00
9.400000e+00
9.400000e+00
9.400000e+00
9.400000e+00
9.400000e+00
9.400000e+00
9.400000e+00
9.400000e+00
9.400000e+00
9.400000e+00
9.400000e+00
9.400000e+00
9.400000e+00
9.400000e+00
9.400000e+00
9.400000e+00
9.400000e+00
9.400000e+00
9.650000e+00
9.650000e+00
9.680000e+00
9.680000e+00
9.680000e+00
9.680000e+00
9.680000e+00
9.680000e+00
9.680000e+00
9.680000e+00
9.680000e+00
9.680000e+00
9.680000e+00
9.680000e+00
9.600000e+00
9.600000e+00
9.560000e+00
9.560000e+00
9.560000e+00
9.560000e+00
9.560000e+00
9.560000e+00
9.560000e+00
9.560000e+00
9.560000e+00
9.560000e+00
1.516000e+01
1.516000e+01
1.516000e+01
1.516000e+01
1.520000e+01
1.520000e+01
1.520000e+01
1.525000e+01
1.525000e+01
1.525000e+01
1.525000e+01
1.525000e+01
1.525000e+01
1.525000e+01
1.525000e+01
1.525000e+01
1.525000e+01
1.525000e+01
1.506000e+01
1.506000e+01
1.506000e+01
1.517000e+01
1.517000e+01
1.517000e+01
1.517000e+01
1.530000e+01
1.530000e+01
1.530000e+01
1.530000e+01
1.530000e+01
1.573000e+01
1.573000e+01
1.561000e+01
1.561000e+01
1.561000e+01
1.606000e+01
1.606000e+01
1.698000e+01
1.698000e+01
1.777000e+01
1.777000e+01
1.777000e+01
1.677000e+01
1.677000e+01
1.689000e+01
1.689000e+01
1.689000e+01
1.689000e+01
1.689000e+01
1.660000e+01
1.660000e+01
1.658000e+01
1.658000e+01
1.667000e+01
1.667000e+01
1.667000e+01
1.680000e+01
1.680000e+01
1.696000e+01
1.696000e+01
1.634000e+01
1.634000e+01
1.634000e+01
1.582000e+01
1.582000e+01
1.582000e+01
1.582000e+01
1.754000e+01
1.754000e+01
1.754000e+01
1.586000e+01
1.586000e+01
1.571000e+01
1.571000e+01
1.589000e+01
1.589000e+01
1.589000e+01
1.563000e+01
1.563000e+01
2.075000e+01
2.075000e+01
1.736000e+01
1.736000e+01
1.736000e+01
1.705000e+01
1.705000e+01
1.701000e+01
1.701000e+01
1.701000e+01
1.701000e+01
1.701000e+01
1.728000e+01
1.728000e+01
1.728000e+01
1.728000e+01
1.719000e+01
1.719000e+01
1.719000e+01
1.719000e+01
1.719000e+01
1.794000e+01
1.794000e+01
1.798000e+01
1.798000e+01
1.798000e+01
1.822000e+01
1.822000e+01
1.822000e+01
1.822000e+01
1.822000e+01
1.822000e+01
1.822000e+01
1.827000e+01
1.827000e+01
1.885000e+01
1.885000e+01
1.891000e+01
1.891000e+01
1.891000e+01
1.927000e+01
1.927000e+01
1.919000e+01
1.919000e+01
1.934000e+01
1.934000e+01
1.934000e+01
1.940000e+01
1.940000e+01
1.970000e+01
1.970000e+01
2.039000e+01
2.039000e+01
2.039000e+01
2.039000e+01
2.039000e+01
2.043000e+01
2.043000e+01
2.074000e+01
2.074000e+01
2.074000e+01
2.065000e+01
2.065000e+01
2.150000e+01
2.150000e+01
2.150000e+01
2.150000e+01
2.150000e+01
2.150000e+01
2.150000e+01
2.191000e+01
2.191000e+01
2.254000e+01
2.254000e+01
2.254000e+01
22
22
2.216000e+01
2.216000e+01
2.259000e+01
2.259000e+01
2.259000e+01
2.229000e+01
2.229000e+01
2.229000e+01
2.229000e+01
2.229000e+01
2.229000e+01
2.229000e+01
2.266000e+01
2.266000e+01
22
22
2.322000e+01
2.322000e+01
2.322000e+01
2.336000e+01
2.336000e+01
2.336000e+01
2.336000e+01
2.349000e+01
2.349000e+01
2.349000e+01
2.283000e+01
2.283000e+01
2.360000e+01
2.360000e+01
2.313000e+01
2.313000e+01
2.313000e+01
2.313000e+01
2.313000e+01
2.377000e+01
2.377000e+01
2.377000e+01
2.377000e+01
2.377000e+01
2.471000e+01
2.471000e+01
2.480000e+01
2.480000e+01
2.480000e+01
2.480000e+01
2.480000e+01
2.571000e+01
2.571000e+01
2.571000e+01
2.571000e+01
2.571000e+01
2.571000e+01
2.571000e+01
2.750000e+01
2.750000e+01
2.750000e+01
2.750000e+01
2.750000e+01
2.750000e+01
2.750000e+01
2.750000e+01
2.750000e+01
2.790000e+01
2.790000e+01
28
28
28
28
28
28
28
2.846000e+01
2.846000e+01
2.846000e+01
2.560000e+01
2.560000e+01
2.560000e+01
2.560000e+01
28
28
28
31
31
31
31
31
31
31
32
32
32
32
35
35
35
34
34
37
37
37
37
37
30
30
33
33
33
33
33
3.562000e+01
3.562000e+01
28
28
39
39
39
34
34
34
34
34
34
34
33
33
33
33
3.356000e+01
3.356000e+01
3.356000e+01
34
34
36
36
33
33
33
29
29
39
39
1.081500e+02
1.081500e+02
1.081500e+02
1.081500e+02
1.081500e+02
3.747000e+01
3.747000e+01
35
35
35
35
35
35
35
35
35
35
3.858000e+01
3.858000e+01
3.925000e+01
3.925000e+01
3.925000e+01
3.925000e+01
3.925000e+01
39
39
40
40
39
39
39
40
40
41
41
41
41
41
41
41
39
39
39
