0
0
0
0
0
0
0
0
0
0
0
0
0
0
0
0
0
0
0
0
0
0
0
0
0
0
0
0
0
0
0
0
0
0
0
0
0
0
0
0
0
0
0
0
0
0
0
0
0
0
0
0
0
0
0
0
0
0
0
0
0
0
0
0
0
0
0
0
0
0
0
0
0
0
0
0
0
0
0
0
0
0
0
0
0
0
0
0
0
0
0
0
0
0
0
0
0
0
0
0
0
0
0
0
0
0
0
0
0
0
0
0
0
0
0
0
0
0
0
0
0
0
0
0
0
0
0
0
0
0
0
0
0
0
0
0
0
0
0
0
0
0
0
0
0
0
0
0
0
0
0
0
0
0
0
0
0
0
0
0
0
0
0
0
0
0
0
0
0
0
0
0
0
0
0
0
0
0
0
0
0
0
0
0
0
0
0
0
0
0
0
0
0
0
0
0
0
0
0
0
0
0
0
0
0
0
0
0
0
0
0
0
0
0
0
0
0
0
0
0
0
0
0
0
0
0
0
0
0
0
0
0
0
0
0
0
0
0
0
0
0
0
0
0
0
0
0
0
0
0
0
0
0
0
0
0
0
0
0
0
0
0
0
0
0
0
0
0
0
0
0
0
0
0
0
0
0
0
0
0
0
0
0
0
0
0
0
0
0
0
0
0
0
0
0
0
0
0
0
0
0
0
0
0
0
0
0
0
0
0
0
0
0
0
0
0
0
0
0
0
0
0
0
0
0
0
0
0
0
0
0
0
0
0
0
0
0
0
0
0
0
0
0
0
0
0
0
0
0
0
0
0
0
0
0
0
0
0
0
0
0
0
0
0
0
0
0
0
0
0
0
0
0
0
0
0
0
0
0
0
0
0
0
0
0
0
0
0
0
0
0
0
0
0
0
0
0
0
0
0
0
0
0
0
0
0
0
0
0
0
0
0
0
0
0
0
0
0
0
0
0
0
0
0
0
0
0
0
0
0
0
0
0
0
0
0
0
0
0
0
0
0
0
0
0
0
0
0
0
0
0
0
0
0
0
0
0
0
0
0
0
0
0
0
0
0
0
0
0
0
0
0
0
0
0
0
0
0
0
0
0
0
0
0
0
0
0
0
0
0
0
0
0
0
0
0
0
0
0
0
0
0
0
0
0
0
0
0
0
0
0
0
0
0
0
0
0
0
0
0
0
0
0
0
0
0
0
0
0
0
0
0
0
0
0
0
0
0
0
0
0
0
0
0
0
0
0
0
0
0
0
0
0
0
0
0
0
0
0
0
0
0
0
0
0
0
0
0
0
0
0
0
0
0
0
0
0
0
0
0
0
0
0
0
0
0
0
0
0
0
0
0
0
0
0
0
0
0
0
0
0
0
0
0
0
0
0
0
0
0
0
0
0
0
0
0
0
0
0
0
0
0
0
0
0
0
0
0
0
0
0
0
0
0
0
0
0
0
0
0
0
0
0
0
0
0
0
0
0
0
0
0
0
0
0
0
0
0
0
0
0
0
0
0
0
0
0
0
0
0
0
0
0
0
0
0
0
0
0
0
0
0
0
0
0
0
0
0
0
0
0
0
0
0
0
0
0
0
0
0
0
0
0
0
0
0
0
0
0
0
0
0
0
0
0
0
0
0
0
0
0
0
0
0
0
0
0
0
0
0
0
0
0
0
0
0
0
0
0
0
0
0
0
0
0
0
0
0
0
0
0
0
0
0
0
0
0
0
0
0
0
0
0
0
0
0
0
0
0
0
0
0
0
0
0
0
0
0
0
0
0
0
0
0
0
0
0
0
0
0
0
0
0
0
0
0
0
0
0
0
0
0
0
0
0
0
0
0
0
0
0
0
0
0
0
0
0
0
0
0
0
0
0
0
0
0
0
0
0
0
0
0
0
0
0
0
0
0
0
0
0
0
0
0
0
0
0
0
0
0
0
0
0
0
0
0
0
0
0
0
0
0
0
0
0
0
0
0
0
0
0
0
0
0
0
0
0
0
0
0
0
0
0
0
0
0
0
0
0
0
0
0
0
0
0
0
0
0
0
0
0
0
0
0
0
0
0
0
0
0
0
0
0
0
0
0
0
0
0
0
0
0
0
0
0
0
0
0
0
0
0
0
0
0
0
0
0
0
0
0
0
0
0
0
0
0
0
0
0
0
0
0
0
0
0
0
0
0
0
0
0
0
0
0
0
0
0
0
0
0
0
0
0
0
0
0
0
0
0
0
0
0
0
0
0
0
0
0
0
0
0
0
0
0
0
0
0
0
0
0
0
0
0
0
0
0
0
0
0
0
0
0
0
0
0
0
0
0
0
0
0
861
518
408
679
836
856
906
906
906
725
836
836
793
1087
1201
1201
776
906
553
776
988
945
988
906
988
906
895
988
988
988
906
725
776
906
936
945
970
836
776
906
869
776
906
988
936
906
836
725
836
836
836
906
869
543
518
543
543
543
543
518
531
543
518
518
518
572
530
604
518
518
518
518
476
476
476
476
543
543
543
543
518
473
543
543
543
543
604
543
518
494
473
473
473
473
543
532
536
543
473
492
492
572
543
543
572
572
572
572
572
530
572
543
543
543
543
572
518
492
486
486
486
473
480
480
480
480
480
480
480
480
476
476
460
460
460
518
537
543
528
518
518
518
537
528
518
511
508
508
508
275
567
567
527
511
511
511
473
473
473
468
468
468
468
466
459
459
445
420
420
420
445
450
557
353
560
560
560
518
518
528
435
428
428
428
428
520
453
475
496
496
496
496
501
501
510
531
531
531
540
540
501
510
503
503
503
435
444
444
444
444
444
444
450
424
420
420
378
378
378
378
425
520
526
512
512
512
509
515
520
520
508
508
508
514
494
490
490
509
509
509
520
520
520
520
520
520
520
520
540
564
544
500
500
500
510
506
506
506
506
506
506
496
496
496
480
510
510
510
510
496
484
484
512
512
512
496
490
490
490
490
490
490
490
490
490
490
490
490
490
506
472
456
456
456
456
456
472
518
435
453
418
418
418
453
453
494
427
494
494
494
494
388
351
351
351
351
351
418
394
394
394
473
473
473
473
473
438
438
550
550
550
494
472
472
472
472
472
472
472
472
472
472
472
472
472
472
472
472
472
472
472
472
472
472
472
472
472
472
472
518
518
473
473
473
473
473
470
470
388
388
406
406
406
406
406
406
406
406
406
406
406
406
406
406
406
406
406
406
406
406
406
406
406
406
406
406
406
406
406
406
406
406
406
406
406
406
406
406
406
406
406
406
406
406
406
406
406
406
406
406
406
406
406
406
406
406
406
406
406
406
406
406
406
406
406
406
406
406
406
406
406
406
406
406
406
406
406
406
406
406
406
406
406
406
329
329
329
382
382
382
351
351
351
351
351
351
351
327
327
327
327
388
388
376
376
376
376
376
376
376
362
362
293
293
293
293
293
302
302
375
375
375
375
375
375
340
340
340
340
340
340
348
348
348
348
348
348
259
259
286
231
231
231
231
231
231
231
231
231
231
231
231
231
231
272
272
272
272
272
272
348
348
348
348
348
348
242
242
286
286
286
248
248
295
295
229
229
229
229
229
229
229
230
230
230
195
195
340
340
340
340
340
340
340
340
340
340
340
340
340
340
226
226
226
226
226
226
226
226
226
226
226
226
226
226
226
226
226
226
226
226
226
259
259
231
231
231
272
272
272
272
217
217
217
217
217
217
217
217
217
217
217
217
217
217
217
217
217
217
217
217
217
217
217
217
381
381
381
381
381
381
381
381
381
381
381
381
381
381
381
381
217
217
217
217
217
217
217
217
217
217
217
217
259
259
473
473
473
473
473
473
473
231
231
236
236
236
236
236
236
236
236
236
236
236
236
403
403
403
403
403
403
403
403
403
403
403
403
403
403
403
403
403
403
403
339
339
339
339
339
339
339
339
339
339
339
339
339
339
339
339
339
339
339
339
339
339
339
339
339
339
339
339
339
339
339
339
339
339
339
339
339
339
339
339
339
339
339
339
339
339
339
339
339
339
339
339
339
339
339
339
236
236
339
339
330
330
330
330
330
339
339
339
339
339
339
339
339
339
339
339
339
339
339
340
340
340
340
340
340
340
687
687
687
687
687
687
687
687
687
687
687
687
687
687
687
687
687
687
687
687
687
687
687
687
687
687
687
687
687
687
687
687
687
687
687
687
687
687
687
687
687
687
687
687
687
687
687
687
687
687
687
687
687
687
687
687
687
687
687
687
687
687
687
687
687
687
687
687
687
687
687
687
687
687
687
687
687
687
687
687
687
687
687
687
687
687
687
687
687
687
687
687
687
687
687
687
687
687
687
687
687
687
687
687
687
687
687
687
687
687
687
687
687
687
687
687
687
687
687
687
687
687
687
687
687
687
687
687
687
687
687
687
687
687
687
687
687
687
687
687
687
687
687
687
687
687
687
687
687
687
687
687
687
687
687
687
687
687
687
687
687
687
687
687
687
687
687
687
687
687
687
687
687
687
687
687
687
687
687
687
687
687
687
687
687
687
687
687
687
687
687
687
687
687
687
687
687
687
687
687
687
687
687
687
687
687
687
687
687
687
687
687
687
687
687
687
687
687
687
687
687
687
687
687
687
687
687
687
687
687
687
687
687
687
687
687
687
687
687
687
687
687
687
687
687
687
687
687
687
687
687
687
687
687
687
687
687
687
687
687
687
687
687
687
687
687
687
687
687
687
687
687
687
687
687
687
687
687
687
687
687
687
687
687
687
687
687
687
687
687
687
687
687
687
687
687
687
687
687
687
687
687
687
687
687
687
687
687
687
687
687
687
687
687
687
687
687
687
687
687
687
687
687
687
687
687
687
687
687
687
687
687
687
687
687
687
687
687
687
687
687
687
687
687
687
687
687
687
687
687
687
687
687
687
687
687
687
687
687
687
687
687
687
687
687
687
687
687
687
687
687
687
687
687
687
687
687
687
687
687
687
687
687
687
687
687
687
687
687
687
687
687
687
687
687
687
687
687
687
687
687
687
687
687
687
687
687
687
687
687
687
687
687
687
687
687
687
687
687
687
687
687
687
687
687
687
687
687
687
687
687
687
687
687
687
687
687
687
687
687
687
687
687
687
687
687
687
687
687
687
687
687
687
687
687
687
687
687
687
687
687
687
687
687
687
687
687
687
687
687
687
687
687
687
687
687
687
687
687
687
687
687
687
687
687
687
687
687
687
687
687
687
687
687
687
687
687
687
687
687
687
687
687
687
687
687
687
687
687
687
687
687
687
687
687
687
687
687
687
687
687
687
687
687
687
687
687
687
687
687
687
687
687
687
687
687
687
687
687
687
687
687
687
687
687
687
687
687
687
687
687
687
687
687
687
687
687
687
687
687
687
687
687
687
687
687
687
687
687
687
687
687
687
687
687
687
687
687
687
687
687
687
687
687
687
687
687
687
687
687
687
687
687
687
687
687
687
687
687
687
687
687
687
687
687
687
687
687
687
687
687
687
687
687
687
687
687
687
687
687
687
687
687
687
687
687
687
687
687
687
687
687
687
687
687
687
687
687
687
687
687
687
687
687
687
687
687
687
687
687
687
687
687
687
687
687
687
687
687
687
687
687
687
687
687
687
687
687
687
687
687
687
687
687
687
687
687
687
687
687
687
687
687
687
687
687
687
687
687
687
687
687
687
687
687
687
687
687
687
687
687
687
687
687
687
687
687
687
687
687
687
687
687
687
687
687
687
687
687
687
687
687
687
687
687
687
687
687
687
687
687
687
687
687
687
687
687
687
687
687
687
687
687
687
687
687
687
687
687
687
687
687
687
687
687
687
687
687
687
687
687
687
687
687
687
687
687
687
687
687
687
687
687
687
687
687
687
687
687
687
687
687
687
687
687
687
687
687
687
687
687
687
687
687
687
687
639
639
639
639
639
639
639
639
639
639
639
639
639
639
621
621
621
621
639
639
639
639
639
639
639
639
639
639
639
639
639
639
639
639
639
639
639
639
639
639
639
639
715
715
715
715
715
715
715
715
715
715
715
715
715
715
715
715
715
715
715
715
715
715
715
715
715
715
715
715
715
715
715
715
793
793
793
793
793
793
793
793
793
793
876
876
876
876
876
876
876
879
879
879
879
879
879
879
879
879
879
879
879
879
879
879
879
879
879
879
879
879
879
879
879
879
879
879
879
879
879
879
879
879
879
879
879
879
879
879
879
879
879
879
879
879
879
879
879
879
879
879
879
879
879
879
879
879
879
879
879
879
879
879
879
879
879
879
879
879
879
879
879
879
879
879
879
879
879
879
879
879
879
879
879
879
879
879
879
879
879
879
879
879
879
879
879
879
879
879
879
879
879
879
879
879
879
879
879
879
879
879
879
879
879
879
879
879
879
879
879
879
543
543
543
543
543
543
543
543
543
543
543
543
543
543
543
543
543
