0
0
0
0
0
0
0
0
0
0
0
0
0
0
0
0
0
0
0
0
0
0
0
0
0
0
0
0
0
0
0
0
0
0
0
0
0
0
0
0
0
0
0
0
0
0
0
0
0
0
0
0
0
0
0
0
0
0
0
0
0
0
0
0
0
0
0
0
0
0
0
0
0
0
0
0
0
0
0
0
0
0
0
0
0
0
0
0
0
0
0
0
0
0
0
0
0
0
0
0
0
0
0
0
0
0
0
0
0
0
0
0
0
0
0
0
0
0
0
0
0
0
0
0
0
0
0
0
0
0
0
0
0
0
0
0
0
0
0
0
0
0
0
0
0
0
0
0
0
0
0
0
0
0
0
0
0
0
0
0
0
0
0
0
0
0
0
0
0
0
0
0
0
0
0
0
0
0
0
0
0
0
0
0
0
0
0
0
0
0
0
0
0
0
0
0
0
0
0
0
0
0
0
0
0
0
0
0
0
0
0
0
0
0
0
0
0
0
0
0
0
0
0
0
0
0
0
0
0
0
0
0
0
0
0
0
0
0
0
0
0
0
0
0
0
0
0
0
0
0
0
0
0
0
0
0
0
0
0
0
0
0
0
0
0
0
0
0
0
0
0
0
0
0
0
0
0
0
0
0
0
0
0
0
0
0
0
0
0
0
0
0
0
0
0
0
0
0
0
0
0
0
0
0
0
0
0
0
0
0
0
0
0
0
0
0
0
0
0
0
0
0
0
0
0
0
0
0
0
0
0
0
0
0
0
0
0
0
0
0
0
0
0
0
0
0
0
0
0
0
0
0
0
0
0
0
0
0
0
0
0
0
0
0
0
0
0
0
0
0
0
0
0
0
0
0
0
0
0
0
0
0
0
0
0
0
0
0
0
0
0
0
0
0
0
0
0
0
0
0
0
0
0
0
0
0
0
0
0
0
0
0
0
0
0
0
0
0
0
0
0
0
0
0
0
0
0
0
0
0
0
0
0
0
0
0
0
0
0
0
0
0
0
0
0
0
0
0
0
0
0
0
0
0
0
0
0
0
0
0
0
0
0
0
0
0
0
0
0
0
0
0
0
0
0
0
0
0
0
0
0
0
0
0
0
0
0
0
0
0
0
0
0
0
0
0
0
0
0
0
0
0
0
0
0
0
0
0
0
0
0
0
0
0
0
0
0
0
0
0
0
662
673
678
680
686
692
664
679
683
776
797
790
840
883
880
879
876
872
876
881
859
851
852
851
851
846
848
848
848
845
843
849
851
853
855
852
847
852
852
853
846
849
854
839
849
841
850
845
848
850
846
860
859
860
851
855
864
867
864
859
868
852
855
851
851
851
851
851
851
851
851
851
851
851
851
851
758
764
720
652
633
521
614
631
840
822
837
795
789
843
863
859
894
810
786
891
776
753
739
741
745
719
659
745
721
730
763
752
694
681
717
717
875
721
891
898
864
760
842
842
709
656
759
730
725
732
739
797
774
776
772
818
8.148400e+02
729
801
803
673
775
784
806
798
812
791
819
819
880
902
878
892
892
889
866
851
848
862
872
853
992
911
1007
995
1032
1015
998
981
964
1030
1033
1029
1.021890e+03
999
1001
1001
640
588
577
564
628
618
548
543
549
584
720
727
730
730
738
734
717
734
811
811
826
829
818
815
804
622
617
620
618
622
613
619
615
595
601
567
445
590
616
614
622
614
625
633
612
609
599
605
593
607
605
599
608
600
599
592
530
530
530
595
590
545
5.748100e+02
592
575
684
657
672
683
690
681
683
670
666
637
658
647
672
643
502
683
639
626
602
570
626
612
612
603
593
608
601
608
579
607
586
529
581
593
581
562
614
597
517
489
477
480
478
474
466
466
466
466
466
460
477
475
451
456
455
459
692
440
443
450
435
435
427
427
427
413
430
418
422
404
422
421
420
423
416
434
433
403
419
415
417
421
397
406
370
406
400
359
394
395
401
377
382
370
397
409
389
363
375
360
354
358
406
361
359
372
363
352
356
368
406
367
342
365
358
356
362
362
357
357
352
351
336
353
328
328
310
310
341
321
316
343
335
345
332
339
463
444
430
438
415
459
386
386
386
436
429
427
433
418
425
431
409
412
450
276
411
411
393
393
436
407
407
404
417
422
408
413
392
434
341
324
776
442
442
442
363
363
350
388
387
387
381
381
406
423
440
391
395
388
390
392
410
416
369
371
396
408
393
415
253
277
271
273
279
271
253
272
273
267
262
263
272
259
268
232
232
232
365
390
401
392
381
356
359
371
372
375
372
370
356
351
13
21
27
34
236
209
262
368
311
347
312
203
375
397
382
388
392
345
503
480
591
604
375
345
329
294
194
179
213
202
192
189
180
543
231
272
286
305
254
207
473
329
356
259
253
250
543
302
259
390
473
455
453
329
388
639
420
640
548
459
453
340
302
679
698
679
253
362
213
340
320
259
3.140980e+02
3.004241e+02
2.867503e+02
198
217
162
205
205
205
242
217
362
340
518
518
518
272
189
163
453
362
362
362
181
153
418
375
375
375
375
291
291
291
291
139
139
139
139
178
178
178
205
205
205
143
435
311
286
167
149
149
149
198
186
172
158
329
286
286
253
253
418
253
253
253
253
253
392
494
480
480
480
403
418
153
160
132
132
132
134
143
135
135
135
135
135
135
143
125
125
108
108
108
311
325
679
623
217
217
217
325
311
272
286
244
244
244
247
247
247
642
646
646
646
198
166
166
186
186
186
186
163
154
129
138
135
135
135
138
135
375
322
375
375
375
226
238
238
320
309
309
309
309
256
235
240
246
246
246
246
246
246
247
244
244
244
240
240
244
238
230
230
230
362
360
360
360
360
360
360
354
352
347
347
340
340
340
340
290
260
286
236
236
236
234
240
237
237
215
215
215
218
259
270
270
262
262
262
268
268
268
268
268
268
268
268
268
268
268
268
268
268
268
268
268
256
256
256
256
256
256
256
280
286
286
286
286
272
296
296
287
287
287
287
290
290
290
290
290
290
290
290
290
290
290
290
290
302
793
603
603
603
603
603
781
356
356
473
543
543
543
494
604
543
543
543
543
543
543
418
397
397
166
166
166
262
254
259
259
226
226
226
226
268
236
239
237
237
237
236
234
234
228
228
228
228
245
245
233
230
230
230
230
249
233
233
233
233
233
233
233
233
233
233
233
233
233
233
233
233
233
233
233
233
233
233
233
318
435
435
435
639
518
494
473
473
473
473
272
320
351
351
351
351
351
351
351
311
356
362
362
362
368
253
320
435
403
403
403
403
403
403
403
403
403
403
294
294
322
275
294
294
294
329
329
329
362
362
362
362
362
141
141
141
285
285
285
285
285
280
241
275
275
275
275
275
275
275
291
291
291
227
227
227
227
227
227
227
227
245
245
245
247
247
247
271
271
271
237
237
237
237
237
237
237
241
241
241
241
241
241
241
241
241
241
241
241
241
241
241
248
248
248
242
242
259
259
248
248
248
248
248
248
184
184
184
184
184
184
237
237
237
237
237
237
400
400
242
242
242
242
242
242
242
242
242
242
242
242
242
242
242
242
242
242
242
242
242
242
242
242
242
242
242
242
242
242
242
242
242
242
242
242
195
195
195
195
195
195
195
128
128
128
128
128
155
155
155
155
155
155
155
155
155
155
155
155
155
155
155
155
155
155
155
155
155
155
155
155
155
155
155
155
155
155
155
155
155
155
155
155
155
155
155
155
155
155
155
155
155
155
155
155
155
155
155
155
155
155
155
155
155
155
155
155
155
155
155
155
155
155
155
155
155
155
155
155
155
155
155
155
155
155
155
155
155
155
155
155
155
155
155
155
155
155
155
155
155
155
155
155
155
155
155
155
155
155
155
155
155
155
155
155
155
155
155
155
155
155
155
155
155
155
155
155
155
155
155
155
155
155
155
155
155
155
155
155
155
155
155
155
155
155
155
155
155
155
155
155
155
155
155
155
155
155
155
155
155
155
155
155
155
155
155
155
155
155
155
155
155
155
155
155
155
155
155
155
155
155
155
155
155
155
155
155
155
155
155
155
155
155
155
155
155
155
155
155
155
155
155
155
155
155
155
155
155
155
155
155
155
155
155
155
155
155
155
155
155
155
155
155
155
217
217
217
217
217
217
217
217
217
217
217
217
217
217
217
217
217
217
217
217
217
217
217
217
217
217
217
217
217
217
217
217
217
217
217
217
217
217
217
217
217
217
217
217
217
217
217
217
217
217
217
217
217
217
217
217
217
217
209
209
209
209
209
209
209
209
209
209
209
209
209
209
209
209
209
209
209
209
209
209
209
209
209
209
209
209
209
209
209
209
209
209
209
209
209
209
209
209
209
209
209
209
209
209
209
209
209
209
209
209
209
209
209
209
209
209
209
209
209
209
209
209
209
209
209
209
209
209
209
209
209
209
209
209
209
209
209
209
209
209
209
209
209
209
209
209
209
198
198
198
198
198
198
198
198
198
198
198
198
198
198
198
198
198
198
198
198
198
198
198
198
198
198
198
198
198
198
205
205
205
205
205
205
205
205
205
205
205
205
217
217
217
217
217
229
229
234
234
234
234
234
234
234
234
234
234
234
234
234
234
234
234
234
234
234
234
234
243
243
243
243
243
242
242
242
242
242
242
242
242
242
242
242
242
242
242
242
242
242
242
242
242
242
242
242
242
262
262
262
262
262
262
262
262
262
262
262
262
217
217
217
217
217
217
217
217
217
217
217
217
217
217
217
217
217
217
217
217
244
244
221
221
229
229
229
229
229
345
345
340
340
340
340
340
340
340
340
340
340
340
340
339
339
339
339
339
339
339
388
388
388
388
388
388
388
401
401
401
401
401
424
424
435
435
435
435
435
435
435
435
435
462
462
462
462
462
362
362
362
362
362
362
362
362
362
362
362
362
358
358
368
368
368
368
368
368
368
368
368
368
368
368
340
340
346
346
346
346
346
346
346
246
246
246
246
246
249
249
142
142
142
142
142
142
142
142
142
142
142
142
142
142
142
142
142
142
142
142
142
142
142
142
142
142
149
149
123
123
123
123
123
123
123
123
123
123
123
123
123
123
129
129
129
129
129
129
129
131
131
131
131
131
207
207
207
207
207
207
207
207
207
207
207
207
207
207
207
207
155
158
158
158
158
158
158
158
158
167
167
167
234
234
234
234
239
239
239
239
239
226
226
229
229
229
240
240
247
247
250
250
250
250
250
259
259
259
259
259
301
301
298
298
298
298
298
298
298
301
301
306
306
306
311
311
311
311
247
247
247
247
247
250
250
256
256
256
259
259
259
259
259
259
259
259
259
259
259
259
259
259
259
259
259
259
259
259
259
259
259
263
263
262
262
262
279
279
286
286
286
286
286
286
286
127
127
128
128
128
128
128
128
128
128
128
128
128
128
128
128
128
128
128
128
128
128
128
128
128
128
128
128
128
128
128
128
128
128
128
128
128
128
128
128
128
128
128
128
128
128
128
128
128
128
128
128
128
128
128
128
128
128
128
128
128
128
128
128
128
128
128
128
128
128
128
128
128
128
128
128
128
128
128
128
128
128
128
128
128
128
128
128
128
128
128
128
128
128
128
128
128
128
310
310
310
310
310
324
324
339
339
339
339
339
339
339
310
310
324
324
324
316
316
321
321
321
321
321
321
321
321
321
321
321
321
315
315
315
315
315
315
315
315
315
315
315
315
315
315
315
315
315
315
315
315
315
315
315
315
315
315
315
315
315
315
315
315
315
315
315
315
315
315
315
315
315
315
315
315
315
315
315
315
315
315
315
315
315
315
315
315
315
315
315
315
315
315
315
315
315
315
315
315
315
315
315
315
315
315
315
315
315
315
315
315
315
315
315
315
315
315
315
315
315
315
315
315
315
315
315
315
315
315
315
315
315
315
315
315
315
315
315
315
315
315
315
315
315
315
315
315
315
315
315
315
315
315
315
315
315
315
315
315
315
315
315
315
315
315
315
315
315
315
315
315
315
315
315
315
315
315
315
315
315
315
315
426
426
426
426
426
426
426
426
426
426
426
426
426
426
429
429
429
429
429
429
429
429
429
429
429
429
429
429
429
429
429
429
429
429
429
429
429
429
429
429
429
429
429
429
429
429
429
429
429
429
429
429
429
429
429
429
429
429
429
429
429
429
429
429
429
429
429
429
429
429
429
429
429
429
429
429
429
429
429
429
429
429
429
429
429
429
429
429
429
429
429
429
429
429
429
429
429
429
429
429
429
429
429
429
429
429
429
429
429
429
329
329
329
329
329
329
329
329
329
329
329
329
329
329
329
329
329
329
329
329
329
329
329
329
329
329
329
329
290
290
290
290
290
315
315
315
315
315
315
315
315
315
294
294
294
294
294
294
294
294
294
294
294
294
294
294
294
294
294
294
294
294
294
294
294
294
294
294
294
294
290
290
290
290
290
290
290
290
290
290
290
290
290
290
290
290
290
