0
0
0
0
0
0
0
0
0
0
0
0
0
0
0
0
0
0
0
0
0
0
0
0
0
0
0
0
0
0
0
0
0
0
0
0
0
0
0
0
0
0
0
0
0
0
0
0
0
0
0
0
0
0
0
0
0
0
0
0
0
0
0
0
0
0
0
0
0
0
0
0
0
0
0
0
0
0
0
0
0
0
0
0
0
0
0
0
0
0
0
0
0
0
0
0
0
0
0
0
0
0
0
0
0
0
0
0
0
0
0
0
0
0
0
0
0
0
0
0
0
0
0
0
0
0
0
0
0
0
0
0
0
0
0
0
0
0
0
0
0
0
0
0
0
0
0
0
0
0
0
0
0
0
0
0
0
0
0
0
0
0
0
0
0
0
0
0
0
0
0
0
0
0
0
0
0
0
0
0
0
0
0
0
0
0
0
0
0
0
0
0
0
0
0
0
0
0
0
0
0
0
0
0
0
0
0
0
0
0
0
0
0
0
0
0
0
0
0
0
0
0
0
0
0
0
0
0
0
0
0
0
0
0
0
0
0
0
0
0
0
0
0
0
0
0
0
0
0
0
0
0
0
0
0
0
0
0
0
0
0
0
0
0
0
0
0
0
0
0
0
0
0
0
0
0
0
0
0
0
0
0
0
0
0
0
0
0
0
0
0
0
0
0
0
0
0
0
0
0
0
0
0
0
0
0
0
0
0
0
0
0
0
0
0
0
0
0
0
0
0
0
0
0
0
0
0
0
0
0
0
0
0
0
0
0
0
0
0
0
0
0
0
0
0
0
0
0
0
0
0
0
0
0
0
0
0
0
0
0
0
0
0
0
0
0
0
0
0
0
0
0
0
0
0
0
0
0
0
0
0
0
0
0
0
0
0
0
0
0
0
0
0
0
0
0
0
0
0
0
0
0
0
0
0
0
0
0
0
0
0
0
0
0
0
0
0
0
0
0
0
0
0
0
0
0
0
0
0
0
0
0
0
0
0
0
0
0
0
0
0
0
0
0
0
0
0
0
0
0
0
0
0
0
0
0
0
0
0
0
0
0
0
0
0
0
0
0
0
0
0
0
0
0
0
0
0
0
0
0
0
0
0
0
0
0
0
0
0
0
0
0
0
0
0
0
0
0
0
0
0
0
0
0
0
0
0
0
0
0
0
0
0
0
0
0
0
0
0
0
0
0
1.600000e-01
3.000000e-02
0
5.000000e-02
3.000000e-02
2.000000e-02
0
0
2.000000e-02
0
0
0
0
0
0
0
0
0
0
0
0
0
0
0
3.000000e-02
0
0
0
0
2.700000e-01
1.860000e+00
4.000000e-02
0
2.000000e-02
7.500000e-01
0
0
0
0
1.290000e+00
4.000000e-02
0
2.910000e+00
2.000000e-02
3.180000e+00
3.180000e+00
3.680000e+00
4.780000e+00
7.400000e-01
3.700000e-01
1.630000e+00
2.440000e+00
6.250000e+00
7.580000e+00
8.030000e+00
3.100000e+00
8.410000e+00
8.610000e+00
9.070000e+00
1.009000e+01
1.009000e+01
1.194000e+01
1.158000e+01
8.830000e+00
1.000000e-02
1.000000e-02
0
5.000000e-02
0
0
3.000000e-02
6.000000e-02
0
0
0
1.000000e-02
1.930000e+00
4.020000e+00
3.300000e+00
3.120000e+00
7.960000e+00
1.071000e+01
1.458000e+01
2.768000e+01
1.682000e+01
2.440000e+01
2.063000e+01
6.584000e+01
6.110000e+01
6.283000e+01
6.999000e+01
8.482000e+01
8.576000e+01
8.866000e+01
9.188000e+01
8.806000e+01
8.202000e+01
7.433000e+01
8.832000e+01
9.080000e+01
8.914000e+01
9.132000e+01
9.605000e+01
9.948000e+01
9.783000e+01
1.099100e+02
1.177500e+02
1.101300e+02
1.192800e+02
1.205100e+02
1.455000e+02
1.451600e+02
1.439200e+02
1.547000e+02
1.550200e+02
1.539100e+02
1.288400e+02
1.255500e+02
1.242000e+02
1.257000e+02
1.336400e+02
1.297000e+02
135
1.255000e+02
1.399000e+02
1.336900e+02
1.446000e+02
171
1.851900e+02
1.763210e+02
219
2.048700e+02
1.953100e+02
2.144000e+02
2.147000e+02
1.841000e+02
1.622800e+02
1.637300e+02
2.069000e+02
2.669600e+02
2.776700e+02
2.771500e+02
3.296500e+02
3.616800e+02
3.577400e+02
4.372000e+02
4.624900e+02
4.678300e+02
4.914000e+02
2.206900e+02
4.734000e+02
549
5.506400e+02
5.575200e+02
5.542800e+02
5.345200e+02
537
4.673500e+02
4.690900e+02
4.806000e+02
5.296700e+02
5.642500e+02
5.391900e+02
5.285000e+02
5.578000e+02
5.877500e+02
6.158600e+02
5.924700e+02
6.179400e+02
6.132200e+02
6.158500e+02
6.008200e+02
4.160100e+02
3.238000e+02
2.697200e+02
2.381800e+02
2.543800e+02
2.403900e+02
2.123400e+02
2.204000e+02
2.065600e+02
2.555900e+02
2.996000e+02
3.156300e+02
3.183400e+02
3.152100e+02
3.146000e+02
3.109000e+02
3.161700e+02
2.969000e+02
3.877000e+02
4.263500e+02
4.165700e+02
4.181500e+02
4.341500e+02
4.482200e+02
4.521900e+02
4.426500e+02
4.372600e+02
4.626700e+02
4.708500e+02
4.609700e+02
4.632200e+02
4.589900e+02
4.574000e+02
463
4.505600e+02
4.487700e+02
4.571900e+02
4.356300e+02
4.663500e+02
4.720100e+02
478
4.835100e+02
4.788500e+02
4.451700e+02
4.502800e+02
4.954900e+02
5.137300e+02
5.297300e+02
5.396400e+02
5.279300e+02
5.135600e+02
5.035000e+02
5.095200e+02
5.396500e+02
5.245900e+02
5.403900e+02
5.576500e+02
0
0
5.522900e+02
5.652900e+02
5.820300e+02
5.561400e+02
5.474600e+02
5.324600e+02
5.834200e+02
5.939800e+02
5.843100e+02
5.720400e+02
5.688800e+02
5.574200e+02
5.525700e+02
5.633000e+02
5.647400e+02
5.735800e+02
5.776300e+02
5.769000e+02
5.562200e+02
5.337600e+02
5.378800e+02
4.985200e+02
5.586700e+02
5.560700e+02
5.482600e+02
5.341100e+02
5.299100e+02
5.287600e+02
5.200700e+02
5.133800e+02
5.050800e+02
5.106100e+02
5.015500e+02
4.999100e+02
4.859500e+02
4.852400e+02
4.795600e+02
4.745200e+02
4.723000e+02
4.669900e+02
4.746500e+02
4.730300e+02
4.662200e+02
4.653500e+02
4.778300e+02
4.692800e+02
4.449300e+02
4.428900e+02
4.623400e+02
4.935300e+02
4.908900e+02
4.791200e+02
4.695400e+02
4.695400e+02
4.584700e+02
4.541100e+02
458
4.557700e+02
4.524000e+02
4.507400e+02
4.383400e+02
4.390900e+02
4.381300e+02
4.476100e+02
4.581100e+02
4.532400e+02
4.507600e+02
4.318870e+02
4.221600e+02
4.221600e+02
4.221600e+02
4.130600e+02
4.068200e+02
4.096300e+02
4.141100e+02
4.169600e+02
4.127800e+02
4.103400e+02
4.090500e+02
4.077100e+02
4.001800e+02
4.050800e+02
4.108500e+02
4.195900e+02
4.146600e+02
4.179900e+02
4.104000e+02
4.028700e+02
3.972800e+02
3.989700e+02
3.982000e+02
4.097200e+02
4.163600e+02
4.287300e+02
4.686100e+02
4.731800e+02
4.685700e+02
4.736500e+02
4.795100e+02
4.751400e+02
4.542800e+02
4.623700e+02
4.521300e+02
4.524700e+02
4.420600e+02
4.375500e+02
4.351100e+02
4.256000e+02
4.448700e+02
4.474000e+02
4.532700e+02
4.459900e+02
4.428900e+02
4.412300e+02
4.420600e+02
4.425900e+02
4.468200e+02
4.383800e+02
4.341300e+02
4.397900e+02
4.306700e+02
4.351900e+02
4.381000e+02
4.395600e+02
4.316000e+02
4.379700e+02
4.401200e+02
4.386000e+02
4.409500e+02
4.481200e+02
4.373500e+02
4.389100e+02
4.347300e+02
4.386000e+02
4.454800e+02
4.519500e+02
4.468900e+02
4.294100e+02
4.281500e+02
4.347700e+02
4.367500e+02
4.363400e+02
4.628900e+02
4.535000e+02
4.271500e+02
4.227100e+02
4.304700e+02
4.278000e+02
4.352400e+02
4.352400e+02
4.352400e+02
4.429200e+02
4.420400e+02
4.282400e+02
4.143800e+02
4.199000e+02
4.176200e+02
4.159000e+02
4.135600e+02
4.154800e+02
4.159200e+02
4.124400e+02
4.148800e+02
4.148800e+02
397
3.975300e+02
4.015300e+02
4.086200e+02
4.086200e+02
4.166500e+02
4.166600e+02
4.224400e+02
4.178200e+02
4.156800e+02
4.729100e+02
4.715300e+02
4.722400e+02
4.751300e+02
4.767000e+02
4.880600e+02
4.880600e+02
4.880600e+02
4.847800e+02
4.810100e+02
4.699700e+02
4.425000e+01
4.399200e+02
4.399200e+02
4.300200e+02
4.279900e+02
4.334100e+02
4.399100e+02
4.416300e+02
4.401700e+02
4.401400e+02
4.419800e+02
4.422000e+02
4.403500e+02
4.380700e+02
4.417500e+02
4.403300e+02
4.422300e+02
4.407700e+02
4.426000e+02
4.409500e+02
4.380800e+02
4.417100e+02
4.385500e+02
4.358500e+02
4.343400e+02
4.362600e+02
4.339600e+02
4.351500e+02
4.321600e+02
4.300900e+02
430
4.285200e+02
4.268100e+02
4.272100e+02
4.266800e+02
4.279900e+02
4.269200e+02
4.269200e+02
4.269200e+02
4.087300e+02
4.090200e+02
4.140700e+02
4.093700e+02
4.094900e+02
3.982300e+02
3.974600e+02
3.960700e+02
3.982500e+02
3.988600e+02
3.985800e+02
3.975000e+02
2.970100e+02
3.964800e+02
3.964200e+02
3.925100e+02
3.925700e+02
3.959700e+02
3.950800e+02
4.004800e+02
4.052800e+02
4.102400e+02
4.122500e+02
4.131800e+02
4.087300e+02
4.083900e+02
4.117800e+02
4.258100e+02
4.278200e+02
4.307600e+02
4.260700e+02
4.228300e+02
4.194800e+02
4.194400e+02
4.118700e+02
4.158600e+02
4.174100e+02
4.179700e+02
4.126500e+02
4.107600e+02
4.105100e+02
4.077700e+02
4.066600e+02
4.056100e+02
4.072900e+02
4.026800e+02
3.978600e+02
3.968500e+02
3.989600e+02
3.956200e+02
3.926000e+02
3.887700e+02
3.863100e+02
3.840400e+02
3.842400e+02
3.858900e+02
3.851700e+02
3.803300e+02
3.772800e+02
3.783800e+02
3.742500e+02
3.597800e+02
3.620100e+02
3.587700e+02
3.582000e+02
3.678900e+02
368
3.655200e+02
3.644700e+02
3.571600e+02
3.502100e+02
3.636000e+02
3.612300e+02
3.642100e+02
3.645100e+02
3.620800e+02
3.608500e+02
3.605500e+02
3.599400e+02
3.614500e+02
3.625100e+02
3.591500e+02
3.605300e+02
3.599600e+02
3.514300e+02
3.523000e+02
3.573101e+02
3.570495e+02
3.567889e+02
3.562800e+02
3.518700e+02
3.482100e+02
3.450700e+02
3.450700e+02
3.450700e+02
3.424500e+02
3.401900e+02
3.408100e+02
3.417000e+02
3.460900e+02
3.460900e+02
3.460900e+02
3.343400e+02
3.322800e+02
3.318600e+02
3.345000e+02
3.370800e+02
3.370800e+02
3.370800e+02
3.300500e+02
3.321600e+02
3.311000e+02
3.315800e+02
3.412200e+02
3.412200e+02
3.412200e+02
3.411400e+02
3.411400e+02
3.411400e+02
3.405600e+02
3.368900e+02
3.368900e+02
3.368900e+02
3.368900e+02
3.327500e+02
3.327500e+02
3.343900e+02
3.351700e+02
3.351700e+02
3.351700e+02
3.321700e+02
3.388400e+02
3.413300e+02
3.370500e+02
3.311900e+02
3.268800e+02
3.291000e+02
3.274300e+02
3.255400e+02
3.196800e+02
3.260500e+02
3.339300e+02
3.305700e+02
3.348100e+02
324
3.249600e+02
3.131000e+02
3.126100e+02
3.099800e+02
3.036400e+02
2.974500e+02
1.951800e+02
1.951800e+02
2.971100e+02
2.964600e+02
2.956300e+02
2.956300e+02
2.956300e+02
3.074300e+02
2.970200e+02
2.962900e+02
2.932900e+02
2.939400e+02
2.939400e+02
2.939400e+02
2.923400e+02
2.873000e+02
2.892300e+02
2.892300e+02
2.858500e+02
2.858500e+02
2.858500e+02
2.845100e+02
2.816400e+02
2.830800e+02
2.831100e+02
2.757800e+02
2.757800e+02
2.757800e+02
3.010400e+02
2.886100e+02
2.717500e+02
2.485100e+02
2.470300e+02
2.470300e+02
2.470300e+02
2.871800e+02
2.735100e+02
2.856900e+02
2.837400e+02
2.846800e+02
2.846800e+02
2.846800e+02
2.813500e+02
2.813500e+02
2.834600e+02
2.665000e+02
2.728200e+02
2.728200e+02
2.728200e+02
2.737300e+02
2.688500e+02
2.688500e+02
2.788400e+02
2.950500e+02
2.950500e+02
2.950500e+02
9.005000e+01
2.705500e+02
2.632400e+02
278
2.819000e+02
2.819000e+02
2.819000e+02
2.670300e+02
2.587700e+02
2.635700e+02
2.725300e+02
2.726100e+02
2.726100e+02
2.726100e+02
2.625300e+02
2.635400e+02
2.604900e+02
2.768600e+02
2.471200e+02
2.471200e+02
2.471200e+02
2.471200e+02
2.524700e+02
2.628300e+02
2.842390e+02
2.799000e+02
2.799000e+02
2.799000e+02
2.699600e+02
2.663100e+02
2.661100e+02
2.635900e+02
2.631900e+02
2.631900e+02
2.631900e+02
2.663800e+02
2.663800e+02
2.609700e+02
2.753800e+02
2.709600e+02
2.709600e+02
2.709600e+02
2.583400e+02
2.617500e+02
2.617500e+02
2.617500e+02
2.617500e+02
2.617500e+02
2.617500e+02
2.486500e+02
2.476700e+02
2.465700e+02
2.439700e+02
2.423100e+02
2.423100e+02
2.423100e+02
2.451800e+02
2.431700e+02
2.459800e+02
2.485100e+02
2.231800e+02
2.231800e+02
2.231800e+02
2.386200e+02
2.147700e+02
2.100700e+02
2.100700e+02
2.093900e+02
2.093900e+02
2.093900e+02
2.065000e+02
2.054600e+02
2.045800e+02
2.045800e+02
2.054800e+02
2.054800e+02
2.054800e+02
2.388400e+02
2.388400e+02
2.388400e+02
2.388400e+02
2.384900e+02
2.384900e+02
2.384900e+02
2.387300e+02
2.371400e+02
2.123900e+02
2.054800e+02
2.052800e+02
2.052800e+02
2.052800e+02
1.980500e+02
2.007800e+02
2.005500e+02
2.005500e+02
2.005500e+02
2.005500e+02
2.005500e+02
2.281200e+02
2.281200e+02
2.281200e+02
2.183200e+02
2.127300e+02
2.127300e+02
2.127300e+02
2.127300e+02
2.335100e+02
2.342700e+02
2.342700e+02
2.313900e+02
2.313900e+02
2.313900e+02
2.235300e+02
2.250700e+02
2.174800e+02
2.174800e+02
2.174800e+02
2.174800e+02
2.174800e+02
2.174800e+02
2.174800e+02
2.174800e+02
2.174800e+02
2.174800e+02
2.174800e+02
2.174800e+02
2.058600e+02
2.027000e+02
2.211400e+02
2.211400e+02
2.211400e+02
2.211400e+02
2.211400e+02
2.186800e+02
2.218000e+02
218
2.095000e+02
208
208
208
217
199
2.196600e+02
2.206400e+02
2.059200e+02
2.059200e+02
2.059200e+02
2.089300e+02
2.184700e+02
2.153400e+02
2.278000e+02
2.288000e+02
2.288000e+02
2.288000e+02
2.246000e+02
2.205400e+02
2.245000e+02
2.245000e+02
2.258300e+02
2.258300e+02
2.258300e+02
2.258300e+02
2.273600e+02
2.049800e+02
208
2.057400e+02
2.057400e+02
2.057400e+02
2.039300e+02
201
201
1.859700e+02
1.859700e+02
1.859700e+02
1.859700e+02
1.797500e+02
1.797500e+02
1.897100e+02
1.848600e+02
1.848600e+02
1.848600e+02
1.848600e+02
1.854100e+02
1.871600e+02
1.871600e+02
1.871600e+02
1.871600e+02
1.871600e+02
1.871600e+02
1.871600e+02
1.871600e+02
1.871600e+02
1.871600e+02
1.871600e+02
1.871600e+02
1.871600e+02
1.871600e+02
1.871600e+02
1.145300e+02
1.105500e+02
1.105500e+02
1.105500e+02
1.105500e+02
9.847000e+01
9.479000e+01
9.044000e+01
1.566500e+02
1.793300e+02
1.793300e+02
1.793300e+02
1.825400e+02
1.817700e+02
1.793300e+02
1.815300e+02
1.757300e+02
1.757300e+02
1.757300e+02
1.789700e+02
1.726500e+02
1.708600e+02
1.708600e+02
1.715600e+02
1.715600e+02
1.715600e+02
1.716300e+02
1.676900e+02
1.778100e+02
1.776900e+02
1.741200e+02
1.741200e+02
1.741200e+02
1.741000e+02
1.742400e+02
1.738600e+02
1.748400e+02
1.741700e+02
1.741700e+02
1.741700e+02
1.556100e+02
1.537300e+02
1.572200e+02
1.619800e+02
0
0
0
1.053600e+02
2.031700e+02
2.068000e+02
2.053100e+02
2.104400e+02
2.104400e+02
2.104400e+02
2.098600e+02
2.090500e+02
2.040700e+02
1.933100e+02
1.979800e+02
1.979800e+02
1.979800e+02
1.979800e+02
1.668600e+02
1.668600e+02
2.008400e+02
2.031700e+02
2.031700e+02
2.031700e+02
1.659600e+02
1.952700e+02
1.994800e+02
1.987600e+02
1.971000e+02
1.971000e+02
1.971000e+02
1.956000e+02
1.946100e+02
1.946100e+02
1.954900e+02
1.947900e+02
1.947900e+02
1.947900e+02
1.935100e+02
1.926200e+02
1.908700e+02
1.891900e+02
1.964300e+02
1.964300e+02
1.964300e+02
1.881200e+02
1.867100e+02
1.839000e+02
1.840800e+02
1.961800e+02
1.961800e+02
1.961800e+02
1.828200e+02
1.854400e+02
1.901300e+02
1.831300e+02
1.802700e+02
1.802700e+02
1.802700e+02
1.801500e+02
1.801500e+02
1.730600e+02
1.758500e+02
1.779200e+02
1.779200e+02
1.779200e+02
1.793300e+02
1.727500e+02
1.705400e+02
1.714800e+02
1.757200e+02
1.757200e+02
1.757200e+02
1.652800e+02
1.688500e+02
1.653200e+02
1.616600e+02
1.681200e+02
1.681200e+02
1.681200e+02
1.751500e+02
1.790700e+02
1.771100e+02
1.721400e+02
1.683800e+02
1.683800e+02
1.683800e+02
1.749600e+02
1.868400e+02
1.696400e+02
1.692700e+02
1.396600e+02
1.396600e+02
1.396600e+02
1.847200e+02
1.637000e+02
1.615100e+02
1.626400e+02
1.626400e+02
1.626400e+02
1.626400e+02
1.842400e+02
1.765100e+02
1.648700e+02
1.689100e+02
1.658200e+02
1.658200e+02
1.658200e+02
1.862600e+02
1.715200e+02
1.558700e+02
1.591500e+02
1.597000e+02
1.597000e+02
1.597000e+02
1.669400e+02
1.669400e+02
1.669400e+02
1.642600e+02
1.592000e+02
1.592000e+02
1.592000e+02
1.462200e+02
1.462200e+02
1.462200e+02
1.462200e+02
1.735900e+02
1.735900e+02
1.735900e+02
1.581600e+02
1.581600e+02
1.618400e+02
1.618400e+02
1.617400e+02
1.617400e+02
1.617400e+02
1.599200e+02
1.599200e+02
1.455000e+02
1.455000e+02
1.541300e+02
1.541300e+02
1.541300e+02
1.556300e+02
1.556300e+02
1.556300e+02
1.556300e+02
1.604300e+02
1.604300e+02
1.604300e+02
1.567100e+02
1.567100e+02
1.603200e+02
1.603200e+02
1.559800e+02
1.559800e+02
1.559800e+02
1.627700e+02
1.627700e+02
1.627700e+02
1.627700e+02
1.574000e+02
1.574000e+02
1.574000e+02
1.561700e+02
1.561700e+02
1.598200e+02
1.598200e+02
1.598200e+02
1.598200e+02
1.598200e+02
1.571300e+02
1.571300e+02
1.505900e+02
1.505900e+02
1.592400e+02
1.592400e+02
1.592400e+02
1.592400e+02
1.592400e+02
1.486200e+02
1.486200e+02
1.497700e+02
1.497700e+02
1.497700e+02
1.517400e+02
1.517400e+02
1.527700e+02
1.527700e+02
1.524400e+02
1.524400e+02
1.524400e+02
1.513100e+02
1.513100e+02
1.486000e+02
1.486000e+02
1.597500e+02
1.597500e+02
1.597500e+02
1.519700e+02
1.519700e+02
1.496800e+02
1.496800e+02
1.484900e+02
1.484900e+02
1.484900e+02
1.538100e+02
1.538100e+02
1.473400e+02
1.473400e+02
1.442100e+02
1.442100e+02
1.442100e+02
1.391000e+02
1.391000e+02
1.391000e+02
1.391000e+02
1.401000e+02
1.411000e+02
1.421000e+02
1.241600e+02
1.241600e+02
1.191900e+02
1.191900e+02
1.191900e+02
1.191900e+02
1.191900e+02
9.966000e+01
9.966000e+01
9.966000e+01
9.966000e+01
8.462000e+01
8.462000e+01
8.462000e+01
8.462000e+01
8.462000e+01
8.462000e+01
8.462000e+01
8.462000e+01
8.462000e+01
8.462000e+01
8.462000e+01
8.462000e+01
8.462000e+01
8.462000e+01
8.462000e+01
8.462000e+01
8.462000e+01
8.462000e+01
8.462000e+01
8.462000e+01
8.462000e+01
8.462000e+01
8.462000e+01
8.462000e+01
8.462000e+01
8.462000e+01
8.462000e+01
8.462000e+01
8.462000e+01
8.462000e+01
8.462000e+01
8.462000e+01
8.462000e+01
8.462000e+01
8.462000e+01
8.462000e+01
8.462000e+01
8.462000e+01
5.490000e+01
5.490000e+01
6.465000e+01
6.465000e+01
8.520000e+01
8.520000e+01
8.520000e+01
8.520000e+01
8.520000e+01
8.520000e+01
8.520000e+01
8.346000e+01
8.346000e+01
8.346000e+01
8.399000e+01
8.399000e+01
8.431000e+01
8.431000e+01
8.420000e+01
8.420000e+01
8.420000e+01
8.536000e+01
8.536000e+01
8.536000e+01
8.536000e+01
8.387000e+01
8.387000e+01
8.387000e+01
8.781000e+01
8.781000e+01
8.630000e+01
8.630000e+01
8.628000e+01
8.628000e+01
8.628000e+01
8.628000e+01
8.628000e+01
8.628000e+01
8.628000e+01
8.628000e+01
8.628000e+01
8.628000e+01
8.628000e+01
8.628000e+01
8.628000e+01
8.628000e+01
8.433000e+01
8.433000e+01
8.433000e+01
8.352000e+01
8.352000e+01
1.806300e+02
1.806300e+02
8.603000e+01
8.084000e+01
8.084000e+01
8.084000e+01
8.084000e+01
8.084000e+01
8.084000e+01
8.084000e+01
8.084000e+01
8.084000e+01
8.084000e+01
8.084000e+01
8.084000e+01
8.084000e+01
8.084000e+01
8.084000e+01
8.084000e+01
8.084000e+01
8.084000e+01
8.643000e+01
8.643000e+01
8.874000e+01
8.874000e+01
8.874000e+01
9.065000e+01
9.065000e+01
8.720000e+01
8.720000e+01
8.782000e+01
8.782000e+01
8.782000e+01
8.839000e+01
8.839000e+01
8.829000e+01
8.829000e+01
8.915000e+01
8.915000e+01
8.915000e+01
8.915000e+01
8.915000e+01
9.004000e+01
9.004000e+01
8.915000e+01
8.915000e+01
8.915000e+01
8.965000e+01
8.965000e+01
8.987000e+01
8.987000e+01
8.781000e+01
8.781000e+01
8.781000e+01
8.781000e+01
8.781000e+01
8.971000e+01
8.971000e+01
8.931000e+01
8.931000e+01
8.931000e+01
8.839000e+01
8.839000e+01
8.950000e+01
8.950000e+01
9.063000e+01
9.063000e+01
9.063000e+01
9.063000e+01
9.063000e+01
9.063000e+01
9.063000e+01
9.063000e+01
9.063000e+01
9.063000e+01
9.144000e+01
9.144000e+01
9.019000e+01
9.019000e+01
9.045000e+01
9.045000e+01
9.045000e+01
9.045000e+01
9.045000e+01
9.045000e+01
9.045000e+01
9.106000e+01
9.106000e+01
9.106000e+01
9.123000e+01
9.123000e+01
9.123000e+01
9.123000e+01
9.123000e+01
9.123000e+01
9.123000e+01
9.123000e+01
9.123000e+01
9.123000e+01
9.011000e+01
8.978000e+01
8.978000e+01
8.978000e+01
8.937000e+01
8.937000e+01
8.872000e+01
8.872000e+01
8.971000e+01
8.971000e+01
8.971000e+01
8.971000e+01
8.971000e+01
8.977000e+01
8.977000e+01
9.039000e+01
9.039000e+01
9.039000e+01
9.030000e+01
9.030000e+01
9.030000e+01
9.030000e+01
9.937000e+01
9.937000e+01
9.937000e+01
9.937000e+01
9.937000e+01
8.999000e+01
8.999000e+01
9.073000e+01
9.073000e+01
9.073000e+01
8.988000e+01
8.988000e+01
9.096000e+01
9.096000e+01
9.087000e+01
9.087000e+01
9.087000e+01
9.087000e+01
9.087000e+01
8.875000e+01
8.875000e+01
8.875000e+01
8.875000e+01
8.875000e+01
8.872000e+01
8.872000e+01
8.872000e+01
8.872000e+01
9.089000e+01
9.089000e+01
9.089000e+01
9.089000e+01
9.089000e+01
8.954000e+01
8.954000e+01
8.954000e+01
8.954000e+01
8.954000e+01
8.954000e+01
8.954000e+01
9.080000e+01
9.080000e+01
8.926000e+01
8.926000e+01
8.926000e+01
8.926000e+01
8.926000e+01
8.935000e+01
8.935000e+01
9.113000e+01
9.113000e+01
9.113000e+01
9.113000e+01
9.113000e+01
8.847000e+01
8.847000e+01
8.847000e+01
8.847000e+01
8.847000e+01
8.905000e+01
8.905000e+01
8.954000e+01
8.954000e+01
89
89
89
89
89
89
89
8.882000e+01
8.882000e+01
8.882000e+01
8.882000e+01
8.882000e+01
8.938000e+01
8.938000e+01
5.462000e+01
5.462000e+01
5.462000e+01
8.815000e+01
8.815000e+01
8.815000e+01
8.815000e+01
8.720000e+01
8.720000e+01
8.720000e+01
8.720000e+01
8.720000e+01
87
87
8.832000e+01
8.832000e+01
8.832000e+01
8.832000e+01
8.832000e+01
8.832000e+01
8.832000e+01
8.659000e+01
8.659000e+01
8.659000e+01
8.659000e+01
8.659000e+01
8.999000e+01
8.999000e+01
8.776000e+01
8.776000e+01
8.776000e+01
8.845000e+01
8.845000e+01
8.762000e+01
8.762000e+01
8.729000e+01
8.729000e+01
8.729000e+01
8.729000e+01
8.729000e+01
8.836000e+01
8.836000e+01
8.814000e+01
8.814000e+01
8.814000e+01
8.845000e+01
8.845000e+01
8.754000e+01
8.754000e+01
8.657000e+01
8.657000e+01
8.657000e+01
8.657000e+01
8.657000e+01
8.940000e+01
8.940000e+01
9.002000e+01
9.002000e+01
9.002000e+01
9.002000e+01
9.002000e+01
8.895000e+01
8.895000e+01
8.895000e+01
8.895000e+01
8.895000e+01
8.895000e+01
8.895000e+01
8.907000e+01
8.907000e+01
8.926000e+01
8.926000e+01
8.926000e+01
8.932000e+01
8.932000e+01
8.932000e+01
8.932000e+01
8.932000e+01
8.932000e+01
8.932000e+01
8.932000e+01
8.932000e+01
8.932000e+01
8.932000e+01
8.932000e+01
8.932000e+01
8.932000e+01
8.932000e+01
8.932000e+01
8.932000e+01
8.932000e+01
8.932000e+01
8.932000e+01
8.932000e+01
8.932000e+01
8.932000e+01
8.932000e+01
8.899000e+01
8.899000e+01
8.899000e+01
8.899000e+01
8.899000e+01
8.899000e+01
8.899000e+01
8.899000e+01
8.899000e+01
8.899000e+01
8.899000e+01
8.899000e+01
8.847000e+01
8.847000e+01
8.847000e+01
8.847000e+01
8.847000e+01
8.847000e+01
8.847000e+01
8.847000e+01
8.941000e+01
8.941000e+01
8.941000e+01
8.941000e+01
8.941000e+01
8.941000e+01
8.941000e+01
8.877000e+01
8.877000e+01
8.837000e+01
8.837000e+01
8.837000e+01
8.830000e+01
8.830000e+01
8.670000e+01
8.670000e+01
8.787000e+01
8.787000e+01
8.787000e+01
8.787000e+01
8.787000e+01
9.008000e+01
9.008000e+01
8.941000e+01
8.941000e+01
8.941000e+01
9.131000e+01
9.131000e+01
9.131000e+01
9.131000e+01
4.107000e+01
4.107000e+01
4.107000e+01
4.107000e+01
4.107000e+01
9.018000e+01
9.018000e+01
9.018000e+01
9.018000e+01
9.018000e+01
8.811000e+01
8.811000e+01
8.724000e+01
8.724000e+01
8.724000e+01
8.724000e+01
8.724000e+01
8.724000e+01
8.724000e+01
8.869000e+01
8.869000e+01
8.846000e+01
8.846000e+01
8.846000e+01
8.666000e+01
8.666000e+01
8.674000e+01
8.674000e+01
8.674000e+01
8.674000e+01
8.674000e+01
8.674000e+01
8.674000e+01
8.890000e+01
8.890000e+01
8.899000e+01
8.899000e+01
8.899000e+01
8.885000e+01
8.885000e+01
89
89
89
89
89
9.030000e+01
9.030000e+01
9.147000e+01
9.147000e+01
9.147000e+01
9.147000e+01
9.147000e+01
9.573000e+01
9.573000e+01
9.715000e+01
9.715000e+01
9.919000e+01
9.919000e+01
9.919000e+01
1.036100e+02
1.036100e+02
1.036100e+02
1.036100e+02
1.070500e+02
1.070500e+02
1.070500e+02
1.101100e+02
1.101100e+02
1.110700e+02
1.110700e+02
1.134200e+02
1.134200e+02
1.134200e+02
1.134200e+02
1.134200e+02
1.005100e+02
1.005100e+02
8.991000e+01
8.991000e+01
8.991000e+01
8.878000e+01
8.878000e+01
8.833000e+01
8.833000e+01
8.951000e+01
8.951000e+01
8.951000e+01
8.951000e+01
8.951000e+01
8.874000e+01
8.874000e+01
8.846000e+01
8.846000e+01
8.846000e+01
8.852000e+01
8.852000e+01
8.778000e+01
8.778000e+01
8.796000e+01
8.796000e+01
8.796000e+01
8.796000e+01
8.796000e+01
8.796000e+01
8.796000e+01
8.753000e+01
8.753000e+01
8.753000e+01
8.736000e+01
8.736000e+01
8.815000e+01
8.815000e+01
8.810000e+01
8.810000e+01
8.810000e+01
8.810000e+01
8.810000e+01
8.786000e+01
8.786000e+01
8.786000e+01
8.786000e+01
8.786000e+01
8.786000e+01
8.786000e+01
8.865000e+01
8.865000e+01
8.850000e+01
8.850000e+01
8.850000e+01
8.850000e+01
8.850000e+01
8.769000e+01
8.769000e+01
8.861000e+01
8.861000e+01
8.861000e+01
8.758000e+01
8.758000e+01
8.709000e+01
8.709000e+01
8.844000e+01
8.844000e+01
8.844000e+01
8.844000e+01
8.844000e+01
8.771000e+01
8.771000e+01
8.771000e+01
8.771000e+01
8.771000e+01
8.786000e+01
8.786000e+01
8.877000e+01
8.853000e+01
8.853000e+01
8.853000e+01
8.853000e+01
8.853000e+01
8.853000e+01
8.853000e+01
8.853000e+01
8.862000e+01
8.862000e+01
8.862000e+01
8.883000e+01
8.883000e+01
8.883000e+01
8.853000e+01
8.834000e+01
8.834000e+01
8.834000e+01
8.815000e+01
8.815000e+01
8.862000e+01
8.862000e+01
8.798000e+01
8.798000e+01
8.798000e+01
8.862000e+01
8.862000e+01
8.862000e+01
8.862000e+01
8.866000e+01
8.866000e+01
8.866000e+01
8.842000e+01
8.842000e+01
8.819000e+01
8.819000e+01
8.819000e+01
8.819000e+01
8.819000e+01
8.817000e+01
8.817000e+01
8.892000e+01
8.892000e+01
8.892000e+01
8.892000e+01
8.892000e+01
8.851000e+01
8.851000e+01
8.810000e+01
8.810000e+01
8.804000e+01
8.804000e+01
8.804000e+01
8.892000e+01
8.892000e+01
8.892000e+01
8.892000e+01
8.746000e+01
8.746000e+01
8.746000e+01
8.754000e+01
8.754000e+01
8.725000e+01
8.725000e+01
8.653000e+01
8.653000e+01
8.653000e+01
8.689000e+01
8.689000e+01
8.666000e+01
8.666000e+01
8.666000e+01
8.666000e+01
8.666000e+01
8.666000e+01
8.666000e+01
8.804000e+01
8.804000e+01
8.804000e+01
8.804000e+01
8.804000e+01
8.767000e+01
8.767000e+01
8.767000e+01
8.767000e+01
8.767000e+01
8.767000e+01
8.767000e+01
8.767000e+01
8.767000e+01
9.112000e+01
9.112000e+01
9.104000e+01
9.104000e+01
9.104000e+01
9.110000e+01
9.110000e+01
9.138000e+01
9.138000e+01
9.125000e+01
9.125000e+01
9.125000e+01
9.054000e+01
9.054000e+01
9.068000e+01
9.068000e+01
9.115000e+01
9.115000e+01
9.115000e+01
9.019000e+01
9.019000e+01
9.134000e+01
9.134000e+01
9.024000e+01
9.024000e+01
9.024000e+01
9.024000e+01
9.024000e+01
9.024000e+01
9.024000e+01
9.024000e+01
9.024000e+01
9.024000e+01
8.977000e+01
8.977000e+01
9.022000e+01
9.022000e+01
8.954000e+01
8.954000e+01
8.954000e+01
8.954000e+01
8.954000e+01
8.954000e+01
8.954000e+01
8.862000e+01
8.862000e+01
8.862000e+01
8.862000e+01
8.862000e+01
8.862000e+01
8.862000e+01
8.862000e+01
8.862000e+01
8.862000e+01
8.862000e+01
8.862000e+01
8.862000e+01
8.862000e+01
9.026000e+01
9.026000e+01
9.026000e+01
9.026000e+01
9.026000e+01
9.015000e+01
9.015000e+01
8.920000e+01
8.920000e+01
8.920000e+01
8.915000e+01
8.915000e+01
9.040000e+01
9.040000e+01
8.973000e+01
8.973000e+01
8.973000e+01
9.043000e+01
9.043000e+01
9.043000e+01
9.043000e+01
9.043000e+01
9.043000e+01
9.043000e+01
9.043000e+01
9.043000e+01
8.797000e+01
8.797000e+01
8.797000e+01
8.797000e+01
8.797000e+01
8.865000e+01
8.865000e+01
8.791000e+01
8.791000e+01
8.791000e+01
8.791000e+01
8.791000e+01
8.791000e+01
8.791000e+01
8.878000e+01
8.878000e+01
8.867000e+01
8.867000e+01
8.867000e+01
8.912000e+01
8.912000e+01
8.850000e+01
8.850000e+01
8.796000e+01
8.796000e+01
8.796000e+01
8.796000e+01
8.796000e+01
8.832000e+01
8.832000e+01
8.832000e+01
8.832000e+01
8.832000e+01
8.786000e+01
8.786000e+01
8.892000e+01
8.892000e+01
8.730000e+01
8.730000e+01
8.730000e+01
8.721000e+01
8.721000e+01
8.820000e+01
8.820000e+01
8.842000e+01
8.842000e+01
8.842000e+01
8.840000e+01
8.840000e+01
8.740000e+01
8.740000e+01
8.702000e+01
8.702000e+01
8.702000e+01
8.787000e+01
8.787000e+01
8.771000e+01
8.771000e+01
8.758000e+01
8.758000e+01
8.758000e+01
8.724000e+01
8.724000e+01
8.766000e+01
8.766000e+01
8.659000e+01
8.659000e+01
8.659000e+01
8.635000e+01
8.635000e+01
8.623000e+01
8.623000e+01
8.637000e+01
8.637000e+01
8.637000e+01
8.608000e+01
8.608000e+01
8.789000e+01
8.789000e+01
8.789000e+01
8.789000e+01
8.789000e+01
8.789000e+01
8.789000e+01
8.789000e+01
8.789000e+01
87
87
87
8.733000e+01
8.733000e+01
1.921000e+01
1.921000e+01
8.747000e+01
8.747000e+01
8.747000e+01
8.846000e+01
8.846000e+01
8.816000e+01
8.816000e+01
8.774000e+01
8.774000e+01
8.774000e+01
8.769000e+01
8.769000e+01
8.796000e+01
8.796000e+01
8.855000e+01
8.855000e+01
8.855000e+01
8.855000e+01
8.855000e+01
8.812000e+01
8.812000e+01
8.812000e+01
8.812000e+01
8.812000e+01
8.848000e+01
8.848000e+01
8.830000e+01
8.830000e+01
8.817000e+01
8.817000e+01
8.817000e+01
8.843000e+01
8.843000e+01
8.894000e+01
8.894000e+01
8.894000e+01
8.894000e+01
8.894000e+01
8.914000e+01
8.914000e+01
8.914000e+01
8.914000e+01
8.988000e+01
8.988000e+01
8.988000e+01
8.971000e+01
8.971000e+01
9.002000e+01
9.002000e+01
8.981000e+01
8.981000e+01
8.981000e+01
8.971000e+01
8.971000e+01
8.971000e+01
8.971000e+01
8.926000e+01
8.926000e+01
8.926000e+01
9.015000e+01
9.015000e+01
8.974000e+01
8.974000e+01
8.974000e+01
8.974000e+01
8.974000e+01
9.079000e+01
9.079000e+01
9.079000e+01
9.079000e+01
9.042000e+01
9.042000e+01
9.042000e+01
9.031000e+01
9.031000e+01
8.983000e+01
8.983000e+01
8.977000e+01
8.977000e+01
8.977000e+01
8.965000e+01
8.965000e+01
8.991000e+01
8.991000e+01
9.057000e+01
9.057000e+01
9.057000e+01
8.972000e+01
8.972000e+01
9.083000e+01
9.083000e+01
9.018000e+01
9.018000e+01
9.018000e+01
9.036000e+01
9.036000e+01
9.036000e+01
9.036000e+01
9.028000e+01
9.028000e+01
9.028000e+01
9.042000e+01
9.042000e+01
9.042000e+01
9.042000e+01
8.967000e+01
8.967000e+01
8.967000e+01
8.967000e+01
8.967000e+01
9.016000e+01
9.016000e+01
9.083000e+01
9.083000e+01
9.083000e+01
9.081000e+01
9.081000e+01
9.021000e+01
9.021000e+01
9.058000e+01
9.058000e+01
9.058000e+01
9.058000e+01
9.058000e+01
9.058000e+01
9.058000e+01
9.078000e+01
9.078000e+01
9.078000e+01
9.078000e+01
9.078000e+01
9.034000e+01
9.034000e+01
9.059000e+01
9.059000e+01
9.059000e+01
9.059000e+01
9.059000e+01
9.059000e+01
9.059000e+01
9.059000e+01
9.059000e+01
9.059000e+01
9.059000e+01
9.059000e+01
8.996000e+01
8.996000e+01
8.987000e+01
8.987000e+01
8.987000e+01
8.971000e+01
8.971000e+01
8.971000e+01
8.971000e+01
9.030000e+01
9.030000e+01
9.030000e+01
8.993000e+01
8.993000e+01
9.026000e+01
9.026000e+01
8.904000e+01
8.904000e+01
8.904000e+01
8.904000e+01
8.904000e+01
8.924000e+01
8.924000e+01
8.947000e+01
8.947000e+01
8.947000e+01
9.038000e+01
9.038000e+01
9.035000e+01
9.035000e+01
9.035000e+01
9.035000e+01
9.035000e+01
8.929000e+01
8.929000e+01
89
89
89
89
89
89
89
8.897000e+01
8.897000e+01
8.897000e+01
8.897000e+01
8.897000e+01
8.897000e+01
8.897000e+01
8.897000e+01
8.897000e+01
90
90
90
90
90
90
90
9.070000e+01
9.070000e+01
9.070000e+01
9.056000e+01
9.056000e+01
9.056000e+01
9.056000e+01
9.056000e+01
9.056000e+01
9.056000e+01
9.056000e+01
9.056000e+01
92
92
92
92
92
92
92
93
93
93
93
93
9.474000e+01
9.474000e+01
9.605000e+01
9.605000e+01
9.570000e+01
9.570000e+01
9.570000e+01
9.515000e+01
9.515000e+01
9.515000e+01
9.515000e+01
9.515000e+01
9.515000e+01
9.515000e+01
9.749000e+01
9.749000e+01
9.749000e+01
9.749000e+01
9.033000e+01
9.033000e+01
9.033000e+01
9.006000e+01
9.006000e+01
9.031000e+01
9.031000e+01
9.031000e+01
9.031000e+01
9.031000e+01
9.283000e+01
9.283000e+01
9.687000e+01
9.687000e+01
9.798000e+01
9.798000e+01
9.798000e+01
1.027400e+02
1.027400e+02
1.069500e+02
1.069500e+02
1.077000e+02
1.077000e+02
1.077000e+02
1.117500e+02
1.117500e+02
1.097300e+02
1.097300e+02
1.118700e+02
1.118700e+02
1.118700e+02
1.112400e+02
1.112400e+02
1.093100e+02
1.093100e+02
1.049400e+02
1.049400e+02
1.049400e+02
1.049400e+02
1.049400e+02
1.049400e+02
1.049400e+02
1.049400e+02
1.049400e+02
1.049400e+02
9.710000e+01
9.710000e+01
9.691000e+01
9.691000e+01
9.691000e+01
9.691000e+01
9.691000e+01
9.759000e+01
9.759000e+01
9.984000e+01
9.984000e+01
1.016000e+02
1.016000e+02
1.016000e+02
1.041700e+02
1.041700e+02
1.036600e+02
1.036600e+02
1.036700e+02
1.036700e+02
1.036700e+02
1.026700e+02
1.026700e+02
1.033500e+02
1.033500e+02
1.033500e+02
