0
0
0
0
0
0
0
0
0
0
0
0
0
0
0
0
0
0
0
0
0
0
0
0
0
0
0
0
0
0
0
0
0
0
0
0
0
0
0
0
0
0
0
0
0
0
0
0
0
0
0
0
0
0
0
0
0
0
0
0
0
0
0
0
0
0
0
0
0
0
0
0
0
0
0
0
0
0
0
0
0
0
0
0
0
0
0
0
0
0
0
0
0
0
0
0
0
0
0
0
0
0
0
0
0
0
0
0
0
0
0
0
0
0
0
0
0
0
0
0
0
0
0
0
0
0
0
0
0
0
0
0
0
0
0
0
0
0
0
0
0
0
0
0
0
0
0
0
0
0
0
0
0
0
0
0
0
0
0
0
0
0
0
0
0
0
0
0
0
0
0
0
0
0
0
0
0
0
0
0
0
0
0
0
0
0
0
0
0
0
0
0
0
0
0
0
0
0
0
0
0
0
0
0
0
0
0
0
0
0
0
0
0
0
0
0
0
0
0
0
0
0
0
0
0
0
0
0
0
0
0
0
0
0
0
0
0
0
0
0
0
0
0
0
0
0
0
0
0
0
0
0
0
0
0
0
0
0
0
0
0
0
0
0
0
0
0
0
0
0
0
0
0
0
0
0
0
0
0
0
0
0
0
0
0
0
0
0
0
0
0
0
0
0
0
0
0
0
0
0
0
0
0
0
0
0
0
0
0
0
0
0
0
0
0
0
0
0
0
0
0
0
0
0
0
0
0
0
0
0
0
0
0
0
0
0
0
0
0
0
0
0
0
0
0
0
0
0
0
0
0
0
0
0
0
0
0
0
0
0
0
0
0
0
0
0
0
0
0
0
0
0
0
0
0
0
0
0
0
0
0
0
0
0
0
0
0
0
0
0
0
0
0
0
0
0
0
0
0
0
0
0
0
0
0
0
0
0
0
0
0
0
0
0
0
0
0
0
0
0
0
0
0
0
0
0
0
0
0
0
0
0
0
0
0
0
0
0
0
0
0
0
0
0
0
0
0
0
0
0
0
0
0
0
0
0
0
0
0
0
0
0
0
0
0
0
0
0
0
0
0
0
0
0
0
0
0
0
0
0
0
0
0
0
0
0
0
0
0
0
0
0
0
0
0
0
0
0
0
0
0
0
0
0
0
0
0
0
0
0
0
0
0
0
0
0
0
0
0
0
0
0
0
0
0
0
0
0
0
0
0
0
0
0
0
0
0
0
0
0
0
0
0
0
0
0
0
0
0
0
0
0
0
0
0
0
0
0
0
0
0
0
0
0
0
0
0
0
0
0
0
0
0
0
0
0
0
0
0
0
0
0
0
0
0
0
0
0
0
0
0
0
0
0
0
0
0
0
0
0
0
0
0
0
0
0
0
0
0
0
0
0
0
0
0
0
0
0
0
0
0
0
0
0
0
0
0
0
0
0
0
0
0
0
0
0
0
0
0
0
0
0
0
0
0
0
0
0
0
0
0
0
0
0
0
0
0
0
0
0
0
0
0
0
0
0
0
0
0
0
0
0
0
0
0
0
0
0
0
0
0
0
0
0
0
0
0
0
0
0
0
0
0
0
0
0
0
0
0
0
0
0
0
0
0
0
0
0
0
0
0
0
0
0
0
0
0
0
0
0
0
0
0
0
0
0
0
0
0
0
0
0
0
0
0
0
0
0
0
0
0
0
0
0
0
0
0
0
0
0
0
0
0
0
0
0
0
0
0
0
0
0
0
0
0
0
0
0
0
0
0
0
0
0
0
0
0
0
0
0
0
0
0
0
0
0
0
0
0
0
0
0
0
0
0
0
0
0
0
0
0
0
0
0
0
0
0
0
0
0
0
0
0
0
0
0
0
0
0
0
0
0
0
0
0
0
0
0
0
0
0
0
0
0
0
0
0
0
0
0
0
0
0
0
0
0
0
0
0
0
0
0
0
0
0
0
0
0
0
0
0
0
0
0
0
0
0
0
0
0
0
0
0
0
0
0
0
0
0
0
0
0
0
0
0
0
0
0
0
0
0
0
0
0
0
0
0
0
0
0
0
0
0
0
0
0
0
0
0
0
0
0
0
0
0
0
0
0
0
0
0
0
0
0
0
0
0
0
0
0
0
0
0
0
0
0
0
0
0
0
0
0
0
0
0
0
0
0
0
0
0
0
0
0
0
0
0
0
0
0
0
0
0
0
0
0
0
0
0
0
0
0
0
0
0
0
0
0
0
0
0
0
0
0
0
0
0
0
0
0
0
0
0
0
0
0
0
0
0
0
0
0
0
0
0
0
0
0
0
0
0
0
0
0
0
0
0
0
0
0
0
0
0
0
0
0
0
0
0
0
0
0
0
0
0
0
0
0
0
0
0
0
0
0
0
0
0
0
0
0
0
0
0
0
0
0
0
0
0
0
0
0
0
0
0
0
0
0
0
0
0
0
0
0
0
0
0
0
0
0
0
0
0
0
0
0
0
0
0
0
0
0
0
0
0
0
0
0
0
0
0
0
0
0
0
0
0
0
0
0
0
0
0
0
0
0
0
0
0
0
0
0
0
0
0
0
0
0
0
0
0
0
0
0
0
0
0
0
0
0
0
0
0
0
0
0
0
0
0
0
0
0
0
0
0
0
0
0
0
0
0
0
0
0
0
0
0
0
0
0
0
0
0
0
0
0
0
0
0
0
0
0
0
0
0
0
0
0
0
0
0
0
0
0
0
0
0
0
0
0
0
0
0
0
0
0
0
0
0
0
0
0
0
0
0
0
0
0
0
0
0
0
0
0
0
0
0
0
0
0
0
0
0
0
0
0
0
0
0
0
0
0
0
0
0
0
0
0
0
0
0
0
0
0
0
0
0
0
0
0
0
0
0
0
0
0
0
0
0
0
0
0
0
0
0
0
0
0
0
0
0
0
0
0
0
0
0
0
0
0
0
0
0
0
0
0
0
0
0
0
0
0
0
0
0
0
0
0
0
0
0
0
0
0
0
0
0
0
0
0
0
0
0
0
0
0
0
0
0
0
0
0
0
0
0
0
0
0
0
0
0
0
0
0
0
0
0
0
0
0
0
0
0
0
0
0
0
0
0
0
0
0
0
0
0
0
0
0
0
0
0
0
0
0
0
0
0
0
0
0
0
0
0
0
0
0
0
0
0
0
0
0
0
0
0
0
0
0
0
0
0
0
0
0
0
0
0
0
0
0
0
0
0
0
0
0
0
0
0
0
0
0
0
0
0
0
0
0
0
0
0
0
0
0
0
0
0
0
0
0
0
0
0
0
0
0
0
0
0
0
0
0
0
0
0
0
0
0
0
0
0
0
0
0
0
0
0
0
0
0
0
0
0
0
0
0
0
0
0
0
0
0
0
0
0
0
0
0
0
0
0
0
0
0
0
0
0
0
0
0
0
0
0
0
0
0
8.482000e+01
1.121900e+02
1.505900e+02
2.333400e+02
3.232200e+02
3.232200e+02
3.232200e+02
3.232200e+02
6.758100e+02
6.758100e+02
7.867500e+02
6.617800e+02
6.617800e+02
6.617800e+02
4.455200e+02
6.753600e+02
8.894900e+02
9.045700e+02
9.045700e+02
9.045700e+02
9.045700e+02
9.854500e+02
1.004620e+03
1.025480e+03
1.146750e+03
1.389190e+03
1.389190e+03
1.389190e+03
1.194900e+03
1.177910e+03
1.169710e+03
1.185610e+03
1.181130e+03
1.181130e+03
1.181130e+03
1.073240e+03
1.701890e+03
1.837180e+03
1.833250e+03
1.787170e+03
1.787170e+03
1.787170e+03
1.459200e+03
1.459200e+03
1.459200e+03
1.523930e+03
1.560040e+03
1.560040e+03
1.560040e+03
1.686380e+03
1.686380e+03
1.710400e+03
1.710400e+03
1.762180e+03
1.762180e+03
1.762180e+03
1.742320e+03
1.742320e+03
1.806600e+03
1.806600e+03
1.778030e+03
1.778030e+03
1.778030e+03
1.787780e+03
1.787780e+03
1.787780e+03
1.787780e+03
1.797790e+03
1.797790e+03
1.797790e+03
1.795210e+03
1.795210e+03
1.793330e+03
1.793330e+03
1.796110e+03
1.796110e+03
1.796110e+03
1.755650e+03
1.755650e+03
1.755650e+03
1.755650e+03
1.747060e+03
1.747060e+03
1.747060e+03
1.740820e+03
1.740820e+03
1.708940e+03
1.708940e+03
1.708940e+03
1.708940e+03
1.708940e+03
1.755250e+03
1.755250e+03
1.696070e+03
1.696070e+03
1.455780e+03
1.455780e+03
1.455780e+03
1.455780e+03
1.455780e+03
1.074370e+03
1.074370e+03
1.041970e+03
1.041970e+03
1.041970e+03
9.863500e+02
9.863500e+02
9.673400e+02
9.673400e+02
9.318800e+02
9.318800e+02
9.318800e+02
9.096400e+02
9.096400e+02
8.096900e+02
8.096900e+02
8.596900e+02
8.596900e+02
8.596900e+02
8.522000e+02
8.522000e+02
8.182900e+02
8.182900e+02
8.009400e+02
8.009400e+02
8.009400e+02
7.856600e+02
7.856600e+02
6.409500e+02
6.409500e+02
9.627100e+02
9.627100e+02
9.627100e+02
1.039030e+03
1.039030e+03
1.072490e+03
1.072490e+03
1.072490e+03
1.072490e+03
1.072490e+03
1.129730e+03
1.129730e+03
1.131080e+03
1.131080e+03
1.131080e+03
1.131080e+03
1.131080e+03
1.138570e+03
1.138570e+03
1.138570e+03
1.138570e+03
1.111840e+03
1.111840e+03
1.111840e+03
1.111840e+03
1.111840e+03
1.378180e+03
1.378180e+03
1.378180e+03
1.378180e+03
1.378180e+03
1.378180e+03
1.378180e+03
1.472170e+03
1.472170e+03
1.472170e+03
1.472170e+03
1.472170e+03
1.528250e+03
1.528250e+03
1.580970e+03
1.580970e+03
1.536010e+03
1.536010e+03
1.536010e+03
1.479970e+03
1.479970e+03
1.491760e+03
1.491760e+03
1.555230e+03
1.555230e+03
1.555230e+03
1.550800e+03
1.550800e+03
1.548620e+03
1.548620e+03
1.548620e+03
1.548620e+03
1.548620e+03
1.533080e+03
1.533080e+03
1.523760e+03
1.523760e+03
1.521040e+03
1.521040e+03
1.521040e+03
1.521040e+03
1.521040e+03
1.521040e+03
1.521040e+03
1.500750e+03
1.500750e+03
1.500750e+03
1.497400e+03
1.497400e+03
1.492350e+03
1.492350e+03
1.474820e+03
1.474820e+03
1.474820e+03
5.508900e+02
5.508900e+02
5.508900e+02
5.508900e+02
3.801000e+02
3.801000e+02
3.801000e+02
2.877500e+02
2.877500e+02
2.617500e+02
2.617500e+02
2.403000e+02
2.403000e+02
2.403000e+02
2.403000e+02
2.403000e+02
2.403000e+02
2.403000e+02
2.403000e+02
2.403000e+02
2.403000e+02
2.403000e+02
2.403000e+02
2.403000e+02
2.403000e+02
1.560700e+02
1.560700e+02
1.560700e+02
1.475000e+02
1.475000e+02
1.467000e+02
1.467000e+02
1.459600e+02
1.459600e+02
1.459600e+02
1.459600e+02
1.470700e+02
1.470700e+02
1.470700e+02
1.470700e+02
1.470700e+02
1.470700e+02
1.470700e+02
1.470700e+02
1.470700e+02
1.470700e+02
1.470700e+02
1.470700e+02
1.470700e+02
1.470700e+02
1.470700e+02
1.449400e+02
1.449400e+02
1.468600e+02
1.468600e+02
1.468600e+02
1.470700e+02
1.470700e+02
1.464600e+02
1.464600e+02
1.444000e+02
1.444000e+02
1.444000e+02
1.456300e+02
1.456300e+02
1.453500e+02
1.453500e+02
1.453500e+02
1.453500e+02
1.453500e+02
1.424400e+02
1.424400e+02
1.500100e+02
1.500100e+02
1.455600e+02
1.455600e+02
1.455600e+02
0
0
0
0
0
0
0
1.443500e+02
1.443500e+02
1.359700e+02
1.359700e+02
1.347500e+02
1.347500e+02
1.347500e+02
1.347500e+02
1.347500e+02
1.328000e+02
1.328000e+02
1.322900e+02
1.322900e+02
1.322900e+02
1.307200e+02
1.307200e+02
1.307200e+02
1.307200e+02
1.307200e+02
1.307200e+02
1.307200e+02
1.307200e+02
1.307200e+02
0
0
0
0
1.019700e+02
1.019700e+02
1.019700e+02
1.026700e+02
1.026700e+02
0
0
0
0
0
0
0
0
0
0
1.038300e+02
1.038300e+02
1.038300e+02
0
1.052900e+02
1.052900e+02
1.052900e+02
1.052900e+02
1.052900e+02
106
106
106
106
106
106
106
106
106
1.059000e+02
1.059000e+02
1.059000e+02
1.059000e+02
1.059000e+02
1.059000e+02
1.059000e+02
1.074100e+02
1.074100e+02
1.074100e+02
1.064100e+02
1.064100e+02
1.064100e+02
1.064100e+02
1.074000e+02
1.074000e+02
1.074000e+02
1.074000e+02
1.074000e+02
1.074000e+02
1.074000e+02
1.074000e+02
1.074000e+02
1.074000e+02
1.074000e+02
1.074000e+02
1.074000e+02
1.074000e+02
1.074000e+02
1.074000e+02
1.074000e+02
1.074000e+02
1.074000e+02
1.074000e+02
1.074000e+02
1.086300e+02
1.086300e+02
1.086300e+02
1.086300e+02
1.086300e+02
1.086300e+02
1.086300e+02
1.086300e+02
1.086300e+02
1.086300e+02
1.086300e+02
1.086300e+02
1.086300e+02
1.471200e+02
1.463800e+02
1.463800e+02
1.463800e+02
1.499000e+02
1.499000e+02
1.499000e+02
1.499000e+02
1.455200e+02
1.455200e+02
1.455200e+02
1.455200e+02
1.455200e+02
1.439900e+02
1.439900e+02
1.439900e+02
1.439900e+02
1.439900e+02
1.439900e+02
1.439900e+02
1.451700e+02
1.451700e+02
1.445500e+02
1.445500e+02
1.445500e+02
1.445500e+02
1.445500e+02
1.445500e+02
1.414000e+02
1.440300e+02
1.440300e+02
1.440300e+02
1.452800e+02
1.452800e+02
1.456900e+02
1.456900e+02
1.448500e+02
1.448500e+02
1.448500e+02
1.442100e+02
1.442100e+02
1.442100e+02
1.442100e+02
1.442100e+02
1.442100e+02
1.442100e+02
1.434000e+02
1.434000e+02
1.423600e+02
1.423600e+02
1.423600e+02
1.423600e+02
1.423600e+02
1.423600e+02
1.423600e+02
1.419000e+02
1.419000e+02
1.419000e+02
1.419000e+02
1.419000e+02
1.437100e+02
1.437100e+02
1.446000e+02
1.446000e+02
1.446000e+02
1.446000e+02
1.446000e+02
1.446000e+02
1.446000e+02
1.423200e+02
1.423200e+02
1.422400e+02
1.422400e+02
1.422400e+02
1.440900e+02
1.440900e+02
1.439200e+02
1.439200e+02
1.455500e+02
1.455500e+02
1.455500e+02
1.455500e+02
1.455500e+02
1.441200e+02
1.441200e+02
1.412200e+02
1.412200e+02
1.412200e+02
1.412200e+02
1.412200e+02
1.412700e+02
1.412700e+02
1.417600e+02
1.417600e+02
1.417600e+02
1.417600e+02
1.417600e+02
1.423600e+02
1.423600e+02
1.423600e+02
1.423600e+02
1.423600e+02
1.423600e+02
1.423600e+02
1.420400e+02
1.420400e+02
1.442900e+02
1.442900e+02
1.442900e+02
1.442900e+02
1.442900e+02
1.920600e+02
1.920600e+02
1.920600e+02
1.920600e+02
1.920600e+02
1.920600e+02
1.920600e+02
1.920600e+02
1.920600e+02
1.920600e+02
1.920600e+02
1.920600e+02
1.920600e+02
1.920600e+02
1.920600e+02
1.920600e+02
1.920600e+02
1.920600e+02
1.920600e+02
1.920600e+02
1.920600e+02
1.835700e+02
1.835700e+02
1.835700e+02
1.835700e+02
1.835700e+02
1.835700e+02
1.835700e+02
1.835700e+02
1.835700e+02
1.835700e+02
1.835700e+02
1.835700e+02
1.835700e+02
1.835700e+02
1.835700e+02
1.835700e+02
1.835700e+02
1.835700e+02
1.835700e+02
1.835700e+02
1.835700e+02
1.886900e+02
1.886900e+02
1.886900e+02
1.886900e+02
1.886900e+02
1.807200e+02
1.807200e+02
1.885300e+02
1.885300e+02
1.902800e+02
1.902800e+02
1.902800e+02
1.902800e+02
1.902800e+02
1.887900e+02
1.887900e+02
1.888400e+02
1.888400e+02
1.888400e+02
1.940700e+02
1.940700e+02
1.952700e+02
1.952700e+02
1.927100e+02
1.927100e+02
1.927100e+02
1.927100e+02
1.927100e+02
1.790900e+02
1.790900e+02
1.941300e+02
1.941300e+02
1.941300e+02
1.941000e+02
1.941000e+02
1.948700e+02
1.948700e+02
1.948700e+02
1.948700e+02
1.948700e+02
1.925700e+02
1.925700e+02
1.889200e+02
1.889200e+02
1.912700e+02
1.912700e+02
1.912700e+02
1.934100e+02
1.934100e+02
1.941400e+02
1.941400e+02
1.939300e+02
1.939300e+02
1.939300e+02
1.939300e+02
1.939300e+02
1.912500e+02
1.912500e+02
1.912500e+02
1.912500e+02
1.912500e+02
1.928000e+02
1.928000e+02
193
193
193
193
193
193
193
0
0
0
0
0
0
0
0
0
0
0
0
0
0
0
0
1.801700e+02
1.801700e+02
1.801700e+02
2.044400e+02
2.044400e+02
2.071200e+02
2.071200e+02
2.082300e+02
2.082300e+02
2.082300e+02
2.082300e+02
2.082300e+02
2.093800e+02
2.093800e+02
2.092000e+02
2.092000e+02
2.092000e+02
2.092000e+02
2.092000e+02
2.098100e+02
2.098100e+02
2.103500e+02
2.103500e+02
2.103500e+02
2.103500e+02
2.103500e+02
2.093900e+02
2.093900e+02
2.093900e+02
2.093900e+02
2.093900e+02
2.093900e+02
2.093900e+02
2.135800e+02
2.135800e+02
2.117700e+02
2.117700e+02
2.117700e+02
2.109200e+02
2.109200e+02
2.109200e+02
2.109200e+02
2.124000e+02
2.124000e+02
2.124000e+02
2.142300e+02
2.142300e+02
2.142300e+02
2.142300e+02
2.142300e+02
2.142300e+02
2.142300e+02
2.155300e+02
2.155300e+02
2.168200e+02
2.168200e+02
2.163000e+02
2.163000e+02
2.163000e+02
2.166700e+02
2.166700e+02
2.172100e+02
2.172100e+02
2.172100e+02
2.172100e+02
2.172100e+02
2.172100e+02
2.172100e+02
2.203300e+02
2.203300e+02
2.211700e+02
2.211700e+02
2.211700e+02
2.211700e+02
2.211700e+02
2.209100e+02
2.209100e+02
2.220900e+02
2.220900e+02
2.220900e+02
2.186700e+02
2.186700e+02
2.193900e+02
2.193900e+02
2.193900e+02
2.193900e+02
2.193900e+02
2.251400e+02
2.251400e+02
2.234300e+02
2.234300e+02
2.234300e+02
2.234300e+02
2.234300e+02
2.230800e+02
2.230800e+02
2.261100e+02
2.261100e+02
2.261100e+02
2.261100e+02
2.261100e+02
2.242100e+02
2.242100e+02
2.255200e+02
2.255200e+02
2.275600e+02
2.275600e+02
2.275600e+02
2.274400e+02
2.274400e+02
2.274400e+02
2.274400e+02
2.268700e+02
2.268700e+02
2.268700e+02
2.313500e+02
2.313500e+02
2.522000e+02
2.522000e+02
2.571100e+02
2.571100e+02
2.571100e+02
2.587600e+02
2.587600e+02
2.888200e+02
2.888200e+02
2.888200e+02
2.888200e+02
2.888200e+02
2.941700e+02
2.941700e+02
3.191900e+02
3.191900e+02
3.633000e+02
3.633000e+02
3.633000e+02
3.633000e+02
4.015900e+02
4.252400e+02
4.252400e+02
4.252400e+02
4.252400e+02
4.252400e+02
4.733500e+02
4.733500e+02
5.223700e+02
5.223700e+02
5.280700e+02
5.280700e+02
5.280700e+02
5.266500e+02
5.266500e+02
5.228000e+02
5.228000e+02
5.228000e+02
5.228000e+02
5.228000e+02
5.223100e+02
5.223100e+02
5.223300e+02
5.223300e+02
5.234300e+02
5.234300e+02
5.234300e+02
5.234500e+02
5.234500e+02
5.236300e+02
5.236300e+02
5.236300e+02
5.236300e+02
5.236300e+02
5.386100e+02
5.386100e+02
5.390400e+02
5.390400e+02
5.390400e+02
5.390400e+02
5.390400e+02
5.368100e+02
5.368100e+02
5.322900e+02
5.322900e+02
5.333700e+02
5.333700e+02
5.333700e+02
5.342800e+02
5.342800e+02
5.369100e+02
5.369100e+02
5.341100e+02
5.341100e+02
5.341100e+02
5.349500e+02
5.349500e+02
3.241100e+02
3.241100e+02
3.241100e+02
3.241100e+02
3.241100e+02
5.569100e+02
5.569100e+02
5.574600e+02
5.574600e+02
5.599400e+02
5.599400e+02
5.599400e+02
5.591700e+02
5.591700e+02
5.591700e+02
5.591700e+02
5.592200e+02
5.592200e+02
5.592200e+02
5.597100e+02
5.597100e+02
5.883700e+02
5.883700e+02
5.883700e+02
5.883700e+02
5.883700e+02
5.566600e+02
5.566600e+02
5.566600e+02
5.566600e+02
5.528200e+02
5.528200e+02
5.528200e+02
5.509100e+02
5.509100e+02
5.509100e+02
5.509100e+02
5.516600e+02
5.516600e+02
5.516600e+02
5.522700e+02
5.522700e+02
5.512500e+02
5.512500e+02
5.512500e+02
5.512500e+02
5.512500e+02
8.836500e+02
8.836500e+02
5.665600e+02
5.665600e+02
8.621400e+02
8.621400e+02
8.621400e+02
8.700100e+02
8.700100e+02
8.718200e+02
8.718200e+02
7.453400e+02
7.453400e+02
7.453400e+02
7.319900e+02
7.319900e+02
7.264000e+02
7.264000e+02
7.230600e+02
7.230600e+02
7.230600e+02
7.230600e+02
7.230600e+02
7.230600e+02
7.230600e+02
7.230600e+02
7.230600e+02
7.230600e+02
6.788800e+02
6.788800e+02
6.828900e+02
6.828900e+02
6.828900e+02
6.828900e+02
6.828900e+02
6.828900e+02
6.810900e+02
6.855800e+02
6.855800e+02
6.855800e+02
6.855800e+02
6.855800e+02
6.660100e+02
6.660100e+02
6.714700e+02
6.714700e+02
6.909700e+02
6.909700e+02
6.909700e+02
6.919000e+02
6.919000e+02
6.914400e+02
6.914400e+02
6.914400e+02
6.914400e+02
6.914400e+02
6.866300e+02
6.866300e+02
6.832500e+02
6.832500e+02
6.832500e+02
6.832500e+02
6.832500e+02
6.559300e+02
6.559300e+02
6.582100e+02
6.582100e+02
6.538000e+02
6.538000e+02
6.538000e+02
6.490400e+02
6.490400e+02
6.487400e+02
6.487400e+02
6.486400e+02
6.486400e+02
6.486400e+02
6.486400e+02
6.486400e+02
5.383300e+02
5.383300e+02
6.434300e+02
6.434300e+02
6.434300e+02
6.399200e+02
6.399200e+02
6.368600e+02
6.368600e+02
6.366800e+02
6.366800e+02
6.366800e+02
6.345100e+02
6.345100e+02
8.703100e+02
8.703100e+02
8.703100e+02
8.703100e+02
8.703100e+02
856
856
8.525100e+02
8.525100e+02
8.524800e+02
8.524800e+02
8.524800e+02
8.383000e+02
8.383000e+02
8.772700e+02
8.772700e+02
8.772700e+02
8.772700e+02
8.772700e+02
8.772700e+02
8.772700e+02
8.772700e+02
8.772700e+02
8.468500e+02
8.468500e+02
8.468500e+02
8.483800e+02
8.483800e+02
8.483800e+02
8.483800e+02
8.742200e+02
8.742200e+02
8.742200e+02
8.524100e+02
8.524100e+02
8.485500e+02
8.485500e+02
8.453000e+02
8.453000e+02
8.453000e+02
8.461100e+02
8.461100e+02
8.420600e+02
8.420600e+02
8.416300e+02
8.416300e+02
8.416300e+02
8.379900e+02
8.379900e+02
8.354000e+02
8.354000e+02
8.354000e+02
8.354000e+02
8.354000e+02
8.237400e+02
8.237400e+02
8.315400e+02
8.315400e+02
8.237800e+02
8.237800e+02
8.237800e+02
8.212700e+02
8.212700e+02
8.248200e+02
8.248200e+02
8.223300e+02
8.223300e+02
8.223300e+02
8.194500e+02
8.194500e+02
8.194500e+02
8.194500e+02
7.966200e+02
7.966200e+02
7.966200e+02
8.058500e+02
8.058500e+02
8.062200e+02
8.062200e+02
8.041700e+02
8.041700e+02
8.041700e+02
7.949200e+02
7.949200e+02
7.959500e+02
7.959500e+02
6.387200e+02
6.387200e+02
6.387200e+02
7.233100e+02
7.233100e+02
7.335400e+02
7.335400e+02
7.335400e+02
7.335400e+02
7.335400e+02
7.274400e+02
7.274400e+02
7.274400e+02
7.274400e+02
7.343000e+02
7.343000e+02
7.343000e+02
7.343000e+02
7.343000e+02
5.268100e+02
5.268100e+02
4.940500e+02
4.940500e+02
4.940500e+02
5.038400e+02
5.038400e+02
5.038400e+02
5.038400e+02
5.038400e+02
5.038400e+02
5.038400e+02
6.889300e+02
6.889300e+02
6.901200e+02
6.901200e+02
6.819200e+02
6.819200e+02
6.819200e+02
6.782300e+02
6.782300e+02
6.729100e+02
6.729100e+02
727
727
727
7.186900e+02
7.186900e+02
7.179200e+02
7.179200e+02
6.868700e+02
6.868700e+02
6.868700e+02
6.868700e+02
6.868700e+02
6.841100e+02
6.841100e+02
6.894400e+02
6.894400e+02
6.894400e+02
6.950400e+02
6.950400e+02
7.010600e+02
7.010600e+02
7.010600e+02
7.010600e+02
7.010600e+02
7.010600e+02
7.010600e+02
7.018100e+02
7.018100e+02
7.016100e+02
7.016100e+02
7.016100e+02
7.105600e+02
7.105600e+02
7.101400e+02
7.101400e+02
7.186200e+02
7.186200e+02
7.186200e+02
7.170800e+02
7.170800e+02
7.170800e+02
7.170800e+02
7.170800e+02
7.170800e+02
7.170800e+02
7.232400e+02
7.232400e+02
720
720
7.204100e+02
7.204100e+02
7.204100e+02
7.228900e+02
7.228900e+02
7.228900e+02
7.228900e+02
6.604700e+02
6.604700e+02
6.604700e+02
6.940200e+02
6.940200e+02
6.935000e+02
6.935000e+02
6.975500e+02
6.975500e+02
6.975500e+02
6.975500e+02
6.975500e+02
6.981900e+02
6.981900e+02
6.981900e+02
6.981900e+02
6.981900e+02
7.084400e+02
7.084400e+02
7.054800e+02
7.054800e+02
7.054800e+02
7.054800e+02
7.054800e+02
7.012900e+02
7.012900e+02
7.012900e+02
7.012900e+02
7.012900e+02
7.012900e+02
7.012900e+02
7.079100e+02
7.079100e+02
7.079100e+02
7.079100e+02
7.079100e+02
7.079100e+02
7.079100e+02
7.079100e+02
7.079100e+02
7.024400e+02
7.024400e+02
710
710
710
710
710
710
710
7.122400e+02
7.122400e+02
7.122400e+02
6.788100e+02
6.788100e+02
6.788100e+02
6.788100e+02
757
757
757
703
703
700
700
700
700
700
706
706
706
706
706
706
706
710
710
710
710
710
710
710
703
703
702
702
702
702
702
6.986900e+02
6.986900e+02
697
697
687
687
687
687
687
687
687
692
692
692
692
692
683
683
6.868600e+02
6.868600e+02
6.868600e+02
683
683
681
681
683
683
683
681
681
680
680
6.812700e+02
6.812700e+02
6.812700e+02
6.812700e+02
6.812700e+02
701
701
767
767
767
767
767
767
767
767
767
767
7.620100e+02
7.620100e+02
7.565600e+02
7.565600e+02
752
752
752
576
576
665
665
678
678
678
657
657
647
647
681
681
681
681
681
555
555
555
