0
0
0
0
0
0
0
0
0
0
0
0
0
0
0
0
0
0
0
0
0
0
0
0
0
0
0
0
0
0
0
0
0
0
0
0
0
0
0
0
0
0
0
0
0
0
0
0
0
0
0
0
0
0
0
0
0
0
0
0
0
0
0
0
0
0
0
0
0
0
0
0
0
0
0
0
0
0
0
0
0
0
0
0
0
0
0
0
0
0
0
0
0
0
0
0
0
0
0
0
0
0
0
0
0
0
0
0
0
0
0
0
0
0
0
0
0
0
0
0
0
0
0
0
0
0
0
0
0
0
0
0
0
0
0
0
0
0
0
0
0
0
0
0
0
0
0
0
0
0
0
0
0
0
0
0
0
0
0
0
0
0
0
0
0
0
0
0
0
0
0
0
0
0
0
0
0
0
0
0
0
0
0
0
0
0
0
0
0
0
0
0
0
0
0
0
0
0
0
0
0
0
0
0
0
0
0
0
0
0
0
0
0
0
0
0
0
0
0
0
0
0
0
0
0
0
0
0
0
0
0
0
0
0
0
0
0
0
0
0
0
0
0
0
0
0
0
0
0
0
0
0
0
0
0
0
0
0
0
0
0
0
0
0
0
0
0
0
0
0
0
0
0
0
0
0
0
0
0
0
0
0
0
0
0
0
0
0
0
0
0
0
0
0
0
0
0
0
0
0
0
0
0
0
0
0
0
0
0
0
0
0
0
0
0
0
0
0
0
0
0
0
0
0
0
0
0
0
0
0
0
0
0
0
0
0
0
0
0
0
0
0
0
0
0
0
0
0
0
0
0
0
0
0
0
0
0
0
0
0
0
0
0
0
0
0
0
0
0
0
0
0
0
0
0
0
0
0
0
0
0
0
0
0
0
0
0
0
0
0
0
0
0
0
0
0
0
0
0
0
0
0
0
0
0
0
0
0
0
0
0
0
0
0
0
0
0
0
0
0
0
0
0
0
0
0
0
0
0
0
0
0
0
0
0
0
0
0
0
0
0
0
0
0
0
0
0
0
0
0
0
0
0
0
0
0
0
0
0
0
0
0
0
0
0
0
0
0
0
0
0
0
0
0
0
0
0
0
0
0
0
0
0
0
0
0
0
0
0
0
0
0
0
0
0
0
0
0
0
0
0
0
0
0
0
0
0
0
0
0
0
0
0
0
0
0
0
0
0
0
0
0
0
0
0
0
0
0
0
0
0
0
0
0
0
0
0
0
0
0
0
0
0
0
0
0
0
0
0
0
0
0
0
0
0
0
0
0
0
0
0
0
0
0
0
0
0
0
0
0
0
0
0
0
0
0
0
0
0
0
0
0
0
0
0
0
0
0
0
0
0
0
0
0
0
0
0
0
0
0
0
0
0
0
0
0
0
0
0
0
0
0
0
0
0
0
0
0
0
0
0
0
0
0
0
0
0
0
0
0
0
0
0
0
0
0
0
0
0
0
0
0
0
0
0
0
0
0
0
0
0
0
0
0
0
0
0
0
0
0
0
0
0
0
0
0
0
0
0
0
0
0
0
0
0
0
0
0
0
0
0
0
0
0
0
0
0
0
0
0
0
0
0
0
0
0
0
0
0
0
0
0
0
0
0
0
0
0
0
0
0
0
0
0
0
0
0
0
0
0
0
0
0
0
0
0
0
0
0
0
0
0
0
0
0
0
0
0
0
0
0
0
0
0
0
0
0
0
0
0
0
0
0
0
0
0
0
0
0
0
0
0
0
0
0
0
0
0
0
0
0
0
0
0
0
0
0
0
0
0
0
0
0
0
0
0
0
0
0
0
0
0
0
0
0
0
0
0
0
0
0
0
0
0
0
0
0
0
0
0
0
0
0
0
0
0
0
0
0
0
0
0
0
0
0
0
0
0
0
0
0
0
0
0
0
0
0
0
0
0
0
0
0
0
0
0
0
0
0
0
0
0
0
0
0
0
0
0
0
0
0
0
0
0
0
0
0
0
0
0
0
0
0
0
0
0
0
0
0
0
0
0
0
0
0
0
0
0
0
0
0
0
0
0
0
0
0
0
0
0
0
0
0
0
0
0
0
0
0
0
0
0
0
0
0
0
0
0
0
0
0
0
0
0
0
0
0
0
0
0
0
0
0
0
0
0
0
0
0
0
0
0
0
0
0
0
0
0
0
0
0
0
0
0
0
0
0
0
0
0
0
0
0
0
0
0
0
0
0
0
0
0
0
0
0
0
0
0
0
0
0
0
0
0
0
0
0
0
0
0
0
0
0
0
0
0
0
0
0
0
0
0
0
0
0
0
0
0
0
0
0
0
0
0
0
0
0
0
0
0
0
0
0
0
0
0
0
0
0
0
0
0
0
0
0
0
0
0
0
0
0
0
0
0
0
0
0
0
0
0
0
0
0
0
0
0
0
0
0
0
0
0
0
0
0
0
0
0
0
0
0
0
0
0
0
0
0
0
0
0
0
0
0
0
0
0
0
0
0
1
1
1
1
0
0
0
1
2
2
2
2
4
5
6
7
7
7
9
8
9
9
9
8
9
9
10
1
12
16
18
17
18
20
21
24
26
28
30
32
32
33
35
35
35
35
41
37
33
33
36
36
36
38
41
42
42
42
42
42
42
43
44
44
45
45
45
46
42
47
46
47
47
47
51
49
38
51
55
55
55
60
60
64
42
60
60
60
57
58
58
61
63
63
63
64
64
63
64
66
66
66
71
73
71
76
75
75
75
77
79
82
83
87
87
87
76
76
80
81
82
82
82
95
95
95
95
95
95
95
100
100
101
80
33
33
33
56
36
74
74
74
74
74
74
3
30
56
62
62
62
62
43
44
35
69
69
69
108
108
108
108
112
112
112
116
117
54
87
92
92
92
123
56
56
56
146
146
146
62
57
59
62
66
66
66
74
76
76
80
82
82
82
85
85
85
63
67
67
67
71
72
76
78
80
80
80
80
82
83
83
83
83
83
87
88
88
88
88
88
88
88
83
84
84
84
84
84
43
44
48
48
48
48
48
56
58
61
61
67
67
67
71
71
71
71
71
71
71
106
107
110
114
115
115
115
131
117
117
120
120
120
120
133
128
128
118
120
120
120
224
434
280
280
280
280
280
337
244
153
136
137
137
137
135
135
135
135
135
135
135
128
127
125
128
128
128
128
130
130
129
107
107
107
107
362
321
614
529
280
280
280
517
526
651
651
336
336
336
328
328
328
424
359
359
359
398
333
333
5.433000e+02
5.477000e+02
5.477000e+02
5.477000e+02
4.862000e+02
497
486
490
488
488
488
238
203
2.438000e+02
2.438000e+02
9.610000e+01
9.610000e+01
9.610000e+01
284
225
190
270
270
270
270
186
186
3.076000e+02
2
2
2
2
2
0
0
0
0
0
0
0
0
342
342
342
342
342
342
342
342
342
342
342
342
1.722000e+02
1.536800e+02
1.780200e+02
1.871700e+02
1.916600e+02
1.916600e+02
1.916600e+02
4.640000e+00
4.640000e+00
4.020000e+00
7.786000e+01
1.153800e+02
1.153800e+02
1.153800e+02
1.821900e+02
1.126400e+02
1.814500e+02
2.206500e+02
1.651000e+02
1.651000e+02
1.651000e+02
2.113900e+02
2.382800e+02
2.621500e+02
4.293800e+02
3.598700e+02
3.598700e+02
3.598700e+02
3.568100e+02
5.506800e+02
4.838200e+02
4.141800e+02
4.256000e+02
4.256000e+02
4.256000e+02
4.513900e+02
4.823500e+02
509
5.168000e+02
5.052200e+02
5.052200e+02
5.052200e+02
5.595300e+02
5.455300e+02
5.455300e+02
5.455300e+02
5.577000e+02
5.577000e+02
5.577000e+02
5.228600e+02
5.208700e+02
5.208700e+02
5.213100e+02
2.786700e+02
2.786700e+02
2.786700e+02
2.233600e+02
2.233600e+02
1.831300e+02
1.516200e+02
2.033300e+02
2.033300e+02
2.033300e+02
1.853700e+02
2.013400e+02
2.247300e+02
1.953700e+02
5.272000e+01
5.272000e+01
5.272000e+01
2.024200e+02
2.439200e+02
2.782300e+02
3.055700e+02
3.300800e+02
3.300800e+02
3.300800e+02
5.811800e+02
5.811800e+02
5.811800e+02
5.937000e+02
5.925300e+02
5.925300e+02
5.925300e+02
5.770800e+02
5.770800e+02
5.716200e+02
5.716200e+02
5.481100e+02
5.481100e+02
5.481100e+02
5.404200e+02
5.404200e+02
5.357800e+02
5.357800e+02
5.224300e+02
5.224300e+02
5.224300e+02
6.084000e+02
6.084000e+02
6.084000e+02
6.084000e+02
1.549100e+02
1.549100e+02
1.549100e+02
3.722200e+02
3.722200e+02
5.096300e+02
5.096300e+02
5.581100e+02
5.581100e+02
5.581100e+02
6.584300e+02
6.584300e+02
6.584300e+02
6.584300e+02
7.019000e+02
7.019000e+02
7.019000e+02
7.732500e+02
7.732500e+02
7.337000e+02
7.337000e+02
7.337000e+02
7.337000e+02
7.337000e+02
6.203400e+02
6.203400e+02
5.743700e+02
5.743700e+02
5.307800e+02
5.307800e+02
5.307800e+02
5.307800e+02
5.307800e+02
2.977600e+02
2.977600e+02
2.467900e+02
2.467900e+02
2.467900e+02
5.123300e+02
5.123300e+02
5.228300e+02
5.228300e+02
5.069200e+02
5.069200e+02
5.069200e+02
1.716400e+02
1.716400e+02
5.869500e+02
5.869500e+02
2.936700e+02
2.936700e+02
2.936700e+02
6.428800e+02
6.428800e+02
6.288100e+02
6.288100e+02
1.036400e+02
1.036400e+02
1.036400e+02
7.048000e+01
7.048000e+01
5.976600e+02
5.976600e+02
6.362000e+02
7.213800e+02
7.213800e+02
7.213800e+02
7.213800e+02
6.884000e+02
6.884000e+02
6.884000e+02
6.884000e+02
6.884000e+02
8.864000e+01
8.864000e+01
6.826000e+02
6.826000e+02
6.826000e+02
6.826000e+02
6.826000e+02
7.571000e+02
7.571000e+02
7.571000e+02
7.571000e+02
1.008000e+02
1.008000e+02
1.008000e+02
1.008000e+02
1.008000e+02
1.008000e+02
1.008000e+02
1.008000e+02
1.008000e+02
1.008000e+02
1.008000e+02
1.008000e+02
1.008000e+02
1.008000e+02
1.008000e+02
1.008000e+02
1.008000e+02
3.455900e+02
3.455900e+02
3.455900e+02
3.455900e+02
3.455900e+02
3.455900e+02
3.455900e+02
3.455900e+02
3.455900e+02
3.455900e+02
3.455900e+02
3.455900e+02
3.455900e+02
3.455900e+02
3.455900e+02
3.455900e+02
3.455900e+02
3.455900e+02
3.455900e+02
3.455900e+02
3.455900e+02
1.312900e+02
1.312900e+02
1.355500e+02
1.355500e+02
1.416300e+02
1.416300e+02
1.416300e+02
1.416300e+02
1.416300e+02
1.416300e+02
1.416300e+02
4.747300e+02
4.747300e+02
4.747300e+02
4.856700e+02
4.856700e+02
500
500
5.103800e+02
5.103800e+02
5.103800e+02
6.122700e+02
6.122700e+02
6.122700e+02
6.122700e+02
5.480800e+02
5.480800e+02
5.480800e+02
5.835800e+02
5.835800e+02
596
596
5.114200e+02
5.114200e+02
5.114200e+02
5.114200e+02
5.114200e+02
5.114200e+02
5.114200e+02
5.114200e+02
5.114200e+02
5.114200e+02
5.114200e+02
5.114200e+02
5.114200e+02
5.114200e+02
2.722500e+02
2.722500e+02
2.722500e+02
2.678900e+02
2.678900e+02
2.681800e+02
2.681800e+02
2.678900e+02
2.678900e+02
2.115800e+02
2.115800e+02
2.115800e+02
2.115800e+02
2.115800e+02
2.115800e+02
2.115800e+02
2.115800e+02
2.115800e+02
2.115800e+02
2.115800e+02
2.115800e+02
2.115800e+02
2.115800e+02
2.115800e+02
2.115800e+02
2.115800e+02
4.437900e+02
4.437900e+02
8.653800e+02
8.653800e+02
8.653800e+02
8.016400e+02
8.016400e+02
7.883500e+02
7.883500e+02
7.708400e+02
7.708400e+02
7.708400e+02
7.429500e+02
7.429500e+02
7.144700e+02
7.144700e+02
7.144700e+02
7.144700e+02
7.144700e+02
1.051590e+03
1.051590e+03
1.571650e+03
1.571650e+03
1.451580e+03
1.451580e+03
1.451580e+03
1.317150e+03
1.317150e+03
1.196090e+03
1.196090e+03
1.196090e+03
1.196090e+03
1.196090e+03
1.248110e+03
1.248110e+03
1.088480e+03
1.088480e+03
1.178270e+03
1.178270e+03
1.178270e+03
1.178270e+03
1.178270e+03
1.124180e+03
1.124180e+03
1.084690e+03
1.084690e+03
1.084690e+03
1.005590e+03
9.264900e+02
8.473900e+02
7.682900e+02
6.891900e+02
6.100900e+02
5.309900e+02
4.518900e+02
3.727900e+02
1.097130e+03
1.097130e+03
1.097130e+03
1.097130e+03
1.097130e+03
1.076850e+03
1.076850e+03
1.665220e+03
1.665220e+03
1.688950e+03
1.665220e+03
1.665220e+03
1.665220e+03
1.665220e+03
1.665220e+03
1.665220e+03
1.665220e+03
1.665220e+03
1.665220e+03
1.525000e+02
1.525000e+02
1.525000e+02
1.525000e+02
7.308000e+01
7.308000e+01
7.308000e+01
7.308000e+01
7.308000e+01
7.328000e+01
7.328000e+01
7.328000e+01
7.328000e+01
7.328000e+01
7.328000e+01
7.328000e+01
7.328000e+01
7.328000e+01
5.848000e+01
5.848000e+01
5.848000e+01
5.848000e+01
5.848000e+01
5.848000e+01
5.848000e+01
1.380670e+03
1.380670e+03
1.380670e+03
1.627480e+03
1.627480e+03
1.627480e+03
1.627480e+03
1.721760e+03
1.721760e+03
1.721760e+03
1.721760e+03
1.721760e+03
1.721760e+03
1.721760e+03
1.721760e+03
1.721760e+03
1.721760e+03
1.721760e+03
1.721760e+03
1.721760e+03
1.721760e+03
1.721760e+03
1.721760e+03
1.721760e+03
1.721760e+03
1.721760e+03
1.721760e+03
1.721760e+03
1.929270e+03
1.929270e+03
1.929270e+03
1.929270e+03
1.929270e+03
1.929270e+03
1.929270e+03
1.929270e+03
1.929270e+03
1.929270e+03
1.929270e+03
1.929270e+03
1.929270e+03
1.952330e+03
1.911190e+03
1.911190e+03
1.911190e+03
1.905670e+03
1.905670e+03
1.905670e+03
1.905670e+03
1.874090e+03
1.874090e+03
1.874090e+03
1.874090e+03
1.874090e+03
1.767420e+03
1.767420e+03
1.767420e+03
1.767420e+03
1.767420e+03
1.767420e+03
1.767420e+03
1.813670e+03
1.813670e+03
1.802450e+03
1.802450e+03
1.802450e+03
1.802450e+03
1.802450e+03
1.779540e+03
1.779540e+03
1.782710e+03
1.782710e+03
1.782710e+03
1.760630e+03
1.760630e+03
1.774420e+03
1.774420e+03
1.748990e+03
1.748990e+03
1.748990e+03
1.821410e+03
1.821410e+03
1.821410e+03
1.821410e+03
1.821410e+03
1.821410e+03
1.821410e+03
1.969970e+03
1.969970e+03
2.009310e+03
2.009310e+03
2.009310e+03
2.009310e+03
2.009310e+03
2.009310e+03
2.009310e+03
2.041860e+03
2.041860e+03
2.055870e+03
2.055870e+03
2.055870e+03
2.085640e+03
2.085640e+03
2.104770e+03
2.104770e+03
2.104770e+03
2.104770e+03
2.104770e+03
2.104770e+03
2.104770e+03
2.154650e+03
2.154650e+03
2.128220e+03
2.128220e+03
2.128220e+03
2.195300e+03
2.195300e+03
2.206480e+03
2.206480e+03
2.238800e+03
2.238800e+03
2.238800e+03
2.238800e+03
2.238800e+03
2.258010e+03
2.258010e+03
2.250980e+03
2.250980e+03
2.250980e+03
2.250980e+03
2.250980e+03
2.231940e+03
2.231940e+03
2.250330e+03
2.250330e+03
2.250330e+03
2.239130e+03
2.239130e+03
2.233560e+03
2.233560e+03
2.233560e+03
2.233560e+03
2.233560e+03
2.233560e+03
2.233560e+03
2.199030e+03
2.199030e+03
2.200930e+03
2.200930e+03
2.200930e+03
2.200930e+03
2.200930e+03
2.200930e+03
2.191780e+03
2.191780e+03
2.191780e+03
2.191780e+03
2.191780e+03
2.191780e+03
2.191780e+03
2.191780e+03
2.191780e+03
2.191780e+03
2.191780e+03
2.191780e+03
2.191780e+03
2.191780e+03
2.191780e+03
2.191780e+03
2.191780e+03
2.191780e+03
2.191780e+03
2.191780e+03
2.216310e+03
2.216310e+03
2.216310e+03
2.216310e+03
2.216310e+03
2.216310e+03
2.216310e+03
2.216310e+03
2.216310e+03
2.216310e+03
2.216310e+03
2.216310e+03
2.216310e+03
2.234950e+03
2.234950e+03
2.234950e+03
2.234950e+03
2.234950e+03
2.234950e+03
2.234950e+03
2.234950e+03
2.256840e+03
2.256840e+03
2.256840e+03
2.256840e+03
2.256840e+03
2.223960e+03
2.223960e+03
2.223790e+03
2.223790e+03
2.233610e+03
2.233610e+03
2.233610e+03
2.233610e+03
2.233610e+03
2.242110e+03
2.242110e+03
2.242900e+03
2.242900e+03
2.242900e+03
2.256720e+03
2.256720e+03
2.230810e+03
2.230810e+03
1.380870e+03
1.380870e+03
1.380870e+03
1.380870e+03
1.380870e+03
2.282190e+03
2.282190e+03
2.263630e+03
2.263630e+03
2.263630e+03
2.246350e+03
2.246350e+03
2.229920e+03
2.229920e+03
2.229920e+03
2.229920e+03
2.229920e+03
2214
2214
2.201320e+03
2.201320e+03
2.203690e+03
2.203690e+03
2.203690e+03
2.189700e+03
2.189700e+03
2.184470e+03
2.184470e+03
2.191800e+03
2.191800e+03
2.191800e+03
2.191800e+03
2.191800e+03
2.255360e+03
2.255360e+03
2.255360e+03
2.255360e+03
2.255360e+03
2.146890e+03
2.146890e+03
2.151950e+03
2.151950e+03
2.151950e+03
2.151950e+03
2.151950e+03
2.151950e+03
2.151950e+03
2.070890e+03
2.070890e+03
2.061850e+03
2.061850e+03
2.061850e+03
2.005700e+03
2.005700e+03
2.028470e+03
2.028470e+03
2.056950e+03
2.056950e+03
2.056950e+03
2.056950e+03
2.056950e+03
1.977910e+03
1.977910e+03
2.002090e+03
2.002090e+03
2.002090e+03
1.989490e+03
1.989490e+03
2.000240e+03
2.000240e+03
1.986380e+03
1.986380e+03
1.986380e+03
1.986380e+03
1.986380e+03
1.979120e+03
1.979120e+03
2.008440e+03
2.008440e+03
2.008440e+03
2.008440e+03
2.008440e+03
1.983210e+03
1.983210e+03
1.986380e+03
1.986380e+03
1.986380e+03
1.986380e+03
1.986380e+03
1.987420e+03
1.987420e+03
1.987420e+03
1.987420e+03
1.987420e+03
1.987420e+03
1.987420e+03
2.008090e+03
2.008090e+03
2.025320e+03
2.025320e+03
2.025320e+03
2.013120e+03
2.013120e+03
2.013120e+03
2.013120e+03
2.083740e+03
2.083740e+03
2.083740e+03
2.062740e+03
2.062740e+03
2.062740e+03
2.062740e+03
2.062740e+03
2.062740e+03
2.062740e+03
5.016800e+02
5.016800e+02
1.745020e+03
1.745020e+03
1.627130e+03
1.627130e+03
1.627130e+03
1.608370e+03
1.608370e+03
1.606230e+03
1.606230e+03
1.606230e+03
1.606230e+03
1.606230e+03
1.606230e+03
1.606230e+03
1.614600e+03
1.614600e+03
1.606470e+03
1.606470e+03
1.606470e+03
1.606470e+03
1.606470e+03
1.611060e+03
1.611060e+03
1.611060e+03
1.611060e+03
1.611060e+03
1.537870e+03
1.537870e+03
1633
1633
1633
1633
1633
1.650060e+03
1.650060e+03
1.630340e+03
1.630340e+03
1.630340e+03
1.630340e+03
1.630340e+03
1.695470e+03
1.695470e+03
1.667070e+03
1.667070e+03
1.667070e+03
1.667070e+03
1.667070e+03
1.625190e+03
1.625190e+03
1.615790e+03
1.615790e+03
1.601630e+03
1.601630e+03
1.601630e+03
1.140540e+03
1.140540e+03
1.140540e+03
1.140540e+03
1.258500e+03
1.258500e+03
1.258500e+03
1.364100e+03
1.364100e+03
1.582250e+03
1.582250e+03
1.491410e+03
1.491410e+03
1.491410e+03
1.543370e+03
1.543370e+03
1.689100e+03
1.689100e+03
1.689100e+03
1.689100e+03
1.689100e+03
1.707910e+03
1.707910e+03
1.709160e+03
1.709160e+03
1.692540e+03
1.692540e+03
1.692540e+03
1.692540e+03
1.716200e+03
1.716780e+03
1.716780e+03
1.716780e+03
1.716780e+03
1.716780e+03
1.734710e+03
1.734710e+03
1.727340e+03
1.727340e+03
1.735650e+03
1.735650e+03
1.735650e+03
1.727690e+03
1.727690e+03
1.724310e+03
1.724310e+03
1.724310e+03
1.724310e+03
1.724310e+03
1.720950e+03
1.720950e+03
1.720190e+03
1.720190e+03
1.704830e+03
1.704830e+03
1.704830e+03
1.665240e+03
1.665240e+03
1.653810e+03
1.653810e+03
1.653810e+03
1.653810e+03
1.653810e+03
5.425800e+02
5.425800e+02
5.235600e+02
5.235600e+02
5.235600e+02
5.235600e+02
5.235600e+02
4.554400e+02
4.554400e+02
4.554400e+02
4.554400e+02
4.554400e+02
4.554400e+02
4.554400e+02
4.554400e+02
4.554400e+02
3.555100e+02
3.555100e+02
7.477600e+02
7.477600e+02
7.477600e+02
1.002040e+03
1.002040e+03
1.113690e+03
1.113690e+03
1.113690e+03
1.113690e+03
1.113690e+03
1.219150e+03
1.219150e+03
1.142540e+03
1.142540e+03
1.226190e+03
1.226190e+03
1.226190e+03
1.254600e+03
1.254600e+03
1.254600e+03
1.254600e+03
1.290090e+03
1.290090e+03
1.290090e+03
1.310500e+03
1.310500e+03
1.310750e+03
1.310750e+03
1.310750e+03
1.310750e+03
1.310750e+03
1.305340e+03
1.305340e+03
1.305340e+03
1.305340e+03
1.313520e+03
1.313520e+03
1.313520e+03
1.321390e+03
1.321390e+03
1.321390e+03
1.321390e+03
1.337190e+03
1.337190e+03
1.337190e+03
1.372640e+03
1.372640e+03
1.344930e+03
1.344930e+03
1.344930e+03
1.344930e+03
1.344930e+03
1.378730e+03
1.378730e+03
1.172140e+03
1.172140e+03
1.366370e+03
1.366370e+03
1.366370e+03
8.591100e+02
8.591100e+02
1.368430e+03
1.368430e+03
1.374460e+03
1.374460e+03
1.374460e+03
1.393180e+03
1.393180e+03
1.411690e+03
1.411690e+03
1.414190e+03
1.414190e+03
1.414190e+03
1.414190e+03
1.414190e+03
1.414190e+03
1.414190e+03
1.414190e+03
1.414190e+03
1.414190e+03
1.434920e+03
1.434920e+03
1.431940e+03
1.431940e+03
1.431940e+03
1.431940e+03
1.431940e+03
1.431940e+03
1.434150e+03
1.431120e+03
1.431120e+03
1.431120e+03
1.431120e+03
1.431120e+03
1.368710e+03
1.368710e+03
1.379080e+03
1.379080e+03
1.384820e+03
1.384820e+03
1.384820e+03
1.234230e+03
1.234230e+03
1.342430e+03
1.342430e+03
1.342430e+03
1.342430e+03
1.342430e+03
1.363540e+03
1.363540e+03
1.403260e+03
1.403260e+03
1.403260e+03
1.403260e+03
1.403260e+03
1415
1415
1.424670e+03
1.424670e+03
1.423040e+03
1.423040e+03
1.423040e+03
1.429330e+03
1.429330e+03
1.414240e+03
1.414240e+03
1.410470e+03
1.410470e+03
1.410470e+03
1.410470e+03
1.410470e+03
1.410240e+03
1.410240e+03
1.408580e+03
1.408580e+03
1.408580e+03
1.404860e+03
1.404860e+03
1.402370e+03
1.402370e+03
1.406460e+03
1.406460e+03
1.406460e+03
1.414490e+03
1.414490e+03
9.770900e+02
9.770900e+02
9.770900e+02
9.770900e+02
9.770900e+02
1.329580e+03
1.329580e+03
1.339110e+03
1.339110e+03
1.347920e+03
1.347920e+03
1.347920e+03
1.363340e+03
1.363340e+03
1.395620e+03
1.395620e+03
1.395620e+03
1.395620e+03
1.395620e+03
1.395620e+03
1.395620e+03
1.395620e+03
1.395620e+03
1.379530e+03
1.379530e+03
1.379530e+03
1.378730e+03
1.378730e+03
1.378730e+03
1.378730e+03
1.384860e+03
1.384860e+03
1.384860e+03
1.380490e+03
1.380490e+03
1.375740e+03
1.375740e+03
1.375780e+03
1.375780e+03
1.375780e+03
1.376520e+03
1.376520e+03
1.377660e+03
1.377660e+03
1.377040e+03
1.377040e+03
1.377040e+03
1.373060e+03
1.373060e+03
1.375250e+03
1.375250e+03
1.375250e+03
1.375250e+03
1.375250e+03
1.449810e+03
1.449810e+03
1.409640e+03
1.409640e+03
1.410950e+03
1.410950e+03
1.410950e+03
1.405780e+03
1.405780e+03
1.418100e+03
1.418100e+03
1.423260e+03
1.423260e+03
1.423260e+03
1.422540e+03
1.422540e+03
1.422540e+03
1.422540e+03
1.415530e+03
1.415530e+03
1.415530e+03
1.415650e+03
1.415650e+03
1.402380e+03
1.402380e+03
1.411440e+03
1.411440e+03
1.411440e+03
1.405370e+03
1.405370e+03
1.358950e+03
1.358950e+03
1.406070e+03
1.406070e+03
1.406070e+03
1.382560e+03
1.382560e+03
1.378860e+03
1.378860e+03
1.378860e+03
1.378860e+03
1.378860e+03
1.380620e+03
1.380620e+03
1.380620e+03
1.380620e+03
1.374700e+03
1.374700e+03
1.374700e+03
1.374700e+03
1.374700e+03
1.360900e+03
1.360900e+03
1.373240e+03
1.373240e+03
1.373240e+03
1.368820e+03
1.368820e+03
1.368820e+03
1.368820e+03
1.368820e+03
1.368820e+03
1.368820e+03
1.331280e+03
1.331280e+03
1.388080e+03
1.388080e+03
1.340450e+03
1.340450e+03
1.340450e+03
1.344430e+03
1.344430e+03
1.342330e+03
1.342330e+03
1.329280e+03
1.329280e+03
1.329280e+03
1.335580e+03
1.335580e+03
1.318900e+03
1.318900e+03
1.219330e+03
1.219330e+03
1.219330e+03
1.219330e+03
1.219330e+03
1319
1319
1.315140e+03
1.315140e+03
1.315140e+03
1.316460e+03
1.316460e+03
1.314410e+03
1.314410e+03
1.314410e+03
1.314410e+03
1.314410e+03
1.314410e+03
1.314410e+03
1.298170e+03
1.298170e+03
1.264960e+03
1.264960e+03
1.264960e+03
1.316440e+03
1.316440e+03
1.298420e+03
1.298420e+03
1.304900e+03
1.304900e+03
1.304900e+03
1.308680e+03
1.308680e+03
1.308680e+03
1.308680e+03
1.308680e+03
1.308680e+03
1.308680e+03
1.300340e+03
1.300340e+03
1299
1299
1.298560e+03
1.298560e+03
1.298560e+03
1.293960e+03
1.293960e+03
1.293960e+03
1.293960e+03
1.286890e+03
1.286890e+03
1.286890e+03
1.283460e+03
1.283460e+03
1.277650e+03
1.277650e+03
1.275090e+03
1.275090e+03
1.275090e+03
1.275090e+03
1.275090e+03
1.276440e+03
1.276440e+03
1.276440e+03
1.276440e+03
1.276440e+03
1.276460e+03
1.276460e+03
1.277440e+03
1.277440e+03
1.277440e+03
1.277440e+03
1.277440e+03
1.277910e+03
1.277910e+03
1.277910e+03
1.277910e+03
1.277910e+03
1.277910e+03
1.277910e+03
1.276600e+03
1.276600e+03
1.276600e+03
1.276600e+03
1.276600e+03
1.276600e+03
1.276600e+03
1.276600e+03
1.276600e+03
1.273520e+03
1.273520e+03
1269
1269
1269
1269
1269
1269
1269
1.262260e+03
1.262260e+03
1.262260e+03
1.265940e+03
1.265940e+03
1.265940e+03
1.265940e+03
1292
1292
1292
1338
1338
1346
1346
1346
1346
1346
1367
1367
1367
1367
1347
1347
1347
1323
1323
1131
1131
1131
1131
1131
1300
1300
1293
1293
1289
1289
1289
1.295540e+03
1.295540e+03
1288
1288
1284
1284
1284
1277
1277
1277
1277
1284
1284
1284
1285
1285
1287
1287
1.290050e+03
1.290050e+03
1.290050e+03
1291
1291
1294
1294
1300
1300
1300
1306
1306
1305
1305
1305
1305
1305
1305
1305
1.267720e+03
1.267720e+03
1362
1362
1362
1362
1362
1362
1362
1362
1362
1362
1.396370e+03
1.396370e+03
1.395900e+03
1.395900e+03
1387
1387
1387
1386
1386
1389
1389
1391
1391
1391
1390
1390
1347
1347
1377
1377
1377
1377
1377
1410
1410
1410
