0
0
0
0
0
0
0
0
0
0
0
0
0
0
0
0
0
0
0
0
0
0
0
0
0
0
0
0
0
0
0
0
0
0
0
0
0
0
0
0
0
0
0
0
0
0
0
0
0
0
0
0
0
0
0
0
0
0
0
0
0
0
0
0
0
0
0
0
0
0
0
0
0
0
0
0
0
0
0
0
0
0
0
0
0
0
0
0
0
0
0
0
0
0
0
0
0
0
0
0
0
0
0
0
0
0
0
0
0
0
0
0
0
0
0
0
0
0
0
0
0
0
0
0
0
0
0
0
0
0
0
0
0
0
0
0
0
0
0
0
0
0
0
0
0
0
0
0
0
0
0
0
0
0
0
0
0
0
0
0
0
0
0
0
0
0
0
0
0
0
0
0
0
0
0
0
0
0
0
0
0
0
0
0
0
0
0
0
0
0
0
0
0
0
0
0
0
0
0
0
0
0
0
0
0
0
0
0
0
0
0
0
0
0
0
0
0
0
0
0
0
0
0
0
0
0
0
0
0
0
0
0
0
0
0
0
0
0
0
0
0
0
0
0
0
0
0
0
0
0
0
0
0
0
0
0
0
0
0
0
0
0
0
0
0
0
0
0
0
0
0
0
0
0
0
0
0
0
0
0
0
0
0
0
0
0
0
0
0
0
0
0
0
0
0
0
0
0
0
0
0
0
0
0
0
0
0
0
0
0
0
0
0
0
0
0
0
0
0
0
0
0
0
0
0
0
0
0
0
0
0
0
0
0
0
0
0
0
0
0
0
0
0
0
0
0
0
0
0
0
0
0
0
0
0
0
0
0
0
0
0
0
0
0
0
0
0
0
0
0
0
0
0
0
0
0
0
0
0
0
0
0
0
0
0
0
0
0
0
0
0
0
0
0
0
0
0
0
0
0
0
0
0
0
0
0
0
0
0
0
0
0
0
0
0
0
0
0
0
0
0
0
0
0
0
0
0
0
0
0
0
0
0
0
0
0
0
0
0
0
0
0
0
0
0
0
0
0
0
0
0
0
0
0
0
0
0
0
0
0
0
0
0
0
0
0
0
0
0
0
0
0
0
0
0
0
0
0
0
0
0
0
0
0
0
0
0
0
0
0
0
0
0
0
0
0
0
0
0
0
0
0
0
0
0
0
0
0
0
0
0
0
0
0
0
0
0
0
0
0
0
0
0
0
0
0
0
0
0
0
0
0
0
0
0
0
0
0
0
0
0
0
0
0
0
0
0
0
0
0
0
0
0
0
0
0
0
0
0
0
0
0
0
0
0
0
0
0
0
0
0
0
0
0
0
0
0
0
0
0
0
0
0
0
0
0
0
0
0
0
0
0
0
0
0
0
0
0
0
0
0
0
0
0
0
0
0
0
0
0
0
0
0
0
0
0
0
0
0
0
0
0
0
0
0
0
0
0
0
0
0
0
0
0
0
0
0
0
0
0
0
0
0
0
0
0
0
0
0
0
0
0
0
0
0
0
0
0
0
0
0
0
0
0
0
0
0
0
0
0
0
0
0
0
0
0
0
0
0
0
0
0
0
0
0
0
0
0
0
0
0
0
0
0
0
0
0
0
0
0
0
0
0
0
0
0
0
0
0
0
0
0
0
0
0
0
0
0
0
0
0
0
0
0
0
0
0
0
0
0
0
0
0
0
0
0
0
0
0
0
0
0
0
0
0
0
0
0
0
0
0
0
0
0
0
0
0
0
0
0
0
0
0
0
0
0
0
0
0
0
0
0
0
0
0
0
0
0
0
0
0
0
0
0
0
0
0
0
0
0
0
0
0
0
0
0
0
0
0
0
0
0
0
0
0
0
0
0
0
0
0
0
0
0
0
0
0
0
0
0
0
0
0
0
0
0
0
0
0
0
0
0
0
0
0
0
0
0
0
0
0
0
0
0
0
0
0
0
0
0
0
0
0
0
0
0
0
0
0
0
0
0
0
0
0
0
0
0
0
0
0
0
0
0
0
0
0
0
0
0
0
0
0
0
0
0
0
0
0
0
0
0
0
0
0
0
0
0
0
0
0
0
0
0
0
0
0
0
0
0
0
0
0
0
0
0
0
0
0
0
0
0
0
0
0
0
0
0
0
0
0
0
0
0
0
0
0
0
0
0
0
0
0
0
0
0
0
0
0
0
0
0
0
0
0
0
0
0
0
0
0
0
0
0
0
0
0
0
0
0
0
0
0
0
0
0
0
0
0
0
0
0
0
0
0
0
0
0
0
0
0
0
0
0
0
0
0
0
0
0
0
0
0
0
0
0
0
0
0
0
0
0
0
0
0
0
0
0
0
0
0
0
0
0
0
0
0
0
0
0
0
0
0
0
0
0
0
0
0
0
945
1449
1358
1375
1449
1358
1449
1303
1208
1287
1273
1553
1553
1449
1208
1130
1087
988
1208
1144
1553
1358
1509
1253
1315
1422
1358
1430
1087
1144
1144
1144
1208
1279
988
1087
1087
1087
1087
988
860
849
1087
988
988
988
1120
1376
1087
776
988
988
988
980
980
980
980
890
890
890
890
988
1208
1208
1208
1208
1208
1087
1144
1208
1279
1208
1208
1208
1208
1208
1221
1208
1087
1679
1540
1087
1208
1208
1208
1220
1220
1220
1087
1087
1060
1208
1087
1087
1087
988
1035
1087
1060
1125
1125
1125
985
976
1025
1025
1025
1025
1025
1025
976
950
950
980
980
980
1087
1063
1087
1052
1208
1208
1208
1063
1063
1087
1075
1080
1080
1080
988
1087
1087
1028
1011
1011
1011
1208
1195
1195
1190
1190
1190
1190
1150
1165
1070
1054
1177
1177
1177
1208
1230
1198
1166
988
988
988
1087
1075
1080
1208
1076
1076
1076
1125
1140
1208
1200
1138
1138
1138
1117
1208
1202
1092
1087
1087
1087
988
980
99
99
482
482
482
906
836
843
843
843
843
843
843
843
763
756
988
988
988
988
988
988
988
968
968
968
906
906
906
906
906
906
906
875
875
988
972
968
968
968
836
811
811
811
988
988
988
980
980
970
963
954
954
954
960
956
944
944
936
936
936
942
942
942
639
622
622
622
639
652
637
637
636
636
636
636
725
718
718
718
718
718
719
776
754
754
754
754
754
754
679
704
670
670
670
670
604
590
581
581
581
581
581
595
679
655
655
648
648
648
648
648
648
648
648
648
648
635
725
718
720
718
718
718
718
679
679
679
679
679
679
526
526
526
710
686
686
686
706
716
688
688
688
688
688
725
716
725
720
679
679
679
725
725
725
725
725
725
725
718
726
725
725
725
725
725
725
735
734
734
734
734
734
734
734
721
721
721
721
721
704
704
714
714
714
714
714
1358
1358
1358
720
1358
1358
1358
1208
1208
1208
1208
1208
1208
1208
1358
1308
1206
1192
1553
1553
1553
1358
1225
1225
1225
724
724
724
724
980
980
1110
1110
1110
1110
970
970
970
970
970
970
970
970
970
970
970
970
970
970
221
221
256
256
256
256
256
246
211
242
242
988
988
988
980
896
896
896
896
896
896
896
896
906
886
886
886
886
886
725
725
725
604
604
604
619
1208
1109
1126
1130
1130
1130
1156
1358
1358
679
679
679
679
696
1208
1196
1190
1138
1138
1138
1108
679
679
679
679
679
679
1358
1350
1350
1186
906
906
906
1118
1118
1118
1118
1118
1118
1118
1118
1118
1118
1118
1118
1118
1118
1118
1118
1118
1118
1118
1118
1118
1118
1118
1118
776
776
776
776
776
776
315
315
351
351
351
389
389
350
350
345
345
345
345
345
345
345
345
345
345
481
481
395
395
395
395
395
395
395
395
395
395
395
395
395
395
488
488
488
488
488
488
488
488
488
488
488
488
488
488
488
488
488
488
488
488
488
186
186
205
205
205
205
205
242
242
279
279
279
279
279
279
279
279
279
279
279
279
279
279
279
279
279
279
279
279
279
279
279
279
279
279
421
421
421
421
421
421
421
421
421
421
421
421
421
421
421
421
421
421
421
421
421
421
421
421
421
421
421
421
421
421
421
421
421
421
421
421
421
421
421
421
421
421
421
421
421
421
421
421
421
421
421
421
421
421
421
421
421
421
421
421
421
421
421
421
421
421
421
421
421
421
421
421
421
421
421
421
421
421
421
421
421
421
421
421
421
421
421
421
421
421
421
421
421
421
421
421
421
421
421
421
421
421
421
421
421
421
421
421
421
421
421
421
421
421
421
421
421
421
421
421
421
421
421
421
205
205
1.780000e+01
1.780000e+01
520
520
520
520
520
517
517
517
517
517
510
510
510
510
517
517
517
517
517
530
530
530
530
530
510
510
510
510
510
510
510
510
510
510
510
510
510
510
510
510
510
510
510
510
510
510
510
510
510
510
510
510
510
510
510
510
510
510
510
510
510
510
510
510
510
510
510
510
510
510
510
510
510
510
510
510
510
510
510
510
510
510
510
510
510
510
510
510
510
510
510
682
682
682
906
906
906
906
906
906
906
906
906
906
906
906
906
906
906
906
906
906
906
906
906
906
906
906
906
906
906
906
906
906
906
906
906
906
906
906
906
906
906
905
905
905
557
557
557
557
557
557
557
557
557
557
557
557
557
557
557
557
557
557
557
557
557
557
557
362
362
362
362
362
362
362
362
362
724
724
724
724
724
724
724
724
724
724
724
724
724
724
724
724
724
724
724
724
724
724
724
724
724
724
724
724
724
724
724
724
724
724
724
724
724
724
724
724
724
724
724
724
724
724
724
724
724
724
724
724
724
724
724
724
724
724
724
712
712
724
724
724
724
724
724
724
724
724
724
724
724
724
724
724
712
712
712
712
712
712
712
712
712
712
712
712
712
712
712
712
712
712
712
712
1087
1087
1087
1087
1087
1087
1087
1087
1087
1087
1087
1087
1087
1087
1087
1087
1087
1087
1087
1087
1087
1087
1087
1087
1087
1087
906
906
906
906
908
908
908
908
908
776
776
776
776
776
776
776
836
836
836
836
836
836
836
836
836
836
836
836
836
836
906
906
906
906
906
906
906
906
906
1087
1087
1087
1087
1087
906
906
906
906
906
906
906
906
906
906
906
906
906
906
776
776
776
776
776
776
776
906
906
906
906
906
906
906
906
906
906
906
906
906
906
724
724
724
724
724
724
724
906
906
906
906
906
906
906
906
906
906
906
906
906
906
906
906
906
906
906
906
906
836
836
836
836
836
836
836
836
836
906
906
906
906
906
906
906
906
906
906
776
776
776
776
776
776
776
776
776
776
776
906
906
906
906
906
906
906
906
906
906
906
906
906
906
906
906
906
906
906
776
776
776
776
776
776
776
776
776
776
776
776
320
320
320
320
320
320
320
692
692
706
706
706
706
706
706
706
706
706
706
706
706
706
706
706
706
518
518
518
518
518
518
518
518
518
518
518
518
518
518
518
518
518
518
518
817
817
817
817
817
817
817
1144
1144
1144
1144
1144
688
688
688
688
621
621
621
518
518
962
962
962
962
962
572
572
572
572
621
621
621
898
898
898
898
898
898
898
898
898
898
898
898
898
898
898
898
898
898
898
898
898
898
898
239
239
290
290
290
334
334
265
265
265
265
265
265
265
256
256
256
256
256
256
256
256
256
300
300
300
300
300
300
300
300
300
300
300
300
300
300
351
351
351
253
253
253
253
268
268
268
268
268
302
302
302
302
302
302
302
302
302
302
302
302
302
302
302
302
302
302
302
302
302
302
302
302
302
302
302
302
302
302
302
302
302
302
302
913
913
913
913
913
913
913
913
913
913
913
913
913
913
913
913
104
104
104
104
104
265
265
265
265
265
145
145
744
744
744
744
744
765
765
765
765
765
765
765
765
765
765
765
765
765
765
765
765
84
84
84
84
84
84
84
84
84
84
84
84
84
84
84
84
84
84
84
84
84
84
84
84
84
84
84
84
84
84
84
84
84
84
84
84
84
84
84
84
84
84
84
84
84
84
84
84
84
84
84
84
84
84
84
84
84
84
84
84
84
84
84
84
84
84
84
84
84
84
84
84
84
84
84
84
84
84
84
84
84
84
84
84
84
84
84
84
84
84
84
84
84
84
84
84
84
84
84
84
84
84
84
84
84
84
84
84
84
84
84
84
84
84
84
84
84
84
84
84
84
84
84
84
84
84
84
84
84
84
84
84
84
84
84
84
84
84
84
84
84
84
84
84
84
84
84
84
84
84
84
84
84
84
972
972
972
972
972
898
898
898
898
898
898
898
898
898
898
898
898
898
898
970
970
970
970
970
970
970
970
970
970
970
970
970
970
970
970
970
970
970
970
970
970
970
970
970
970
970
970
970
970
970
970
856
856
856
856
856
856
856
856
856
856
750
750
750
750
750
750
750
750
750
750
750
750
750
750
750
750
750
750
750
750
750
750
750
750
750
750
750
750
750
750
750
750
750
750
750
750
750
750
750
750
750
750
750
750
750
750
750
750
750
750
750
750
750
750
750
750
750
750
750
750
750
750
750
750
750
750
750
750
750
750
750
750
750
750
750
750
750
750
750
750
750
750
750
750
750
750
750
750
750
750
750
750
750
750
750
750
750
750
750
750
750
750
750
750
750
750
750
750
750
750
750
750
750
750
750
750
750
750
750
750
750
750
750
750
750
750
750
750
750
750
750
750
750
750
750
750
750
750
750
750
750
750
750
750
750
