0
0
0
0
0
0
0
0
0
0
0
0
0
0
0
0
0
0
0
0
0
0
0
0
0
0
0
0
0
0
0
0
0
0
0
0
0
0
0
0
0
0
0
0
0
0
0
0
0
0
0
0
0
0
0
0
0
0
0
0
0
0
0
0
0
0
0
0
0
0
0
0
0
0
0
0
0
0
0
0
0
0
0
0
0
0
0
0
0
0
0
0
0
0
0
0
0
0
0
0
0
0
0
0
0
0
0
0
0
0
0
0
0
0
0
0
0
0
0
0
0
0
0
0
0
0
0
0
0
0
0
0
0
0
0
0
0
0
0
0
0
0
0
0
0
0
0
0
0
0
0
0
0
0
0
0
0
0
0
0
0
0
0
0
0
0
0
0
0
0
0
0
0
0
0
0
0
0
0
0
0
0
0
0
0
0
0
0
0
0
0
0
0
0
0
0
0
0
0
0
0
0
0
0
0
0
0
0
0
0
0
0
0
0
0
0
0
0
0
0
0
0
0
0
0
0
0
0
0
0
0
0
0
0
0
0
0
0
0
0
0
0
0
0
0
0
0
0
0
0
0
0
0
0
0
0
0
0
0
0
0
0
0
0
0
0
0
0
0
0
0
0
0
0
0
0
0
0
0
0
0
0
0
0
0
0
0
0
0
0
0
0
0
0
0
0
0
0
0
0
0
0
0
0
0
0
0
0
0
0
0
0
0
0
0
0
0
0
0
0
0
0
0
0
0
0
0
0
0
0
0
0
0
0
0
0
0
0
0
0
0
0
0
0
0
0
0
0
0
0
0
0
0
0
0
0
0
0
0
0
0
0
0
0
0
0
0
0
0
0
0
0
0
0
0
0
0
0
0
0
0
0
0
0
0
0
0
0
0
0
0
0
0
0
0
0
0
0
0
0
0
0
0
0
0
0
0
0
0
0
0
0
0
0
0
0
0
0
0
0
0
0
0
0
0
0
0
0
0
0
0
0
0
0
0
0
0
0
0
0
0
0
0
0
0
0
0
0
0
0
0
0
0
0
0
0
0
0
0
0
0
0
0
0
0
0
0
0
0
0
0
0
0
0
0
0
0
0
0
0
0
0
0
0
0
0
0
0
0
0
0
0
0
0
0
0
0
0
0
0
0
0
0
0
0
0
0
0
0
0
0
0
0
0
0
0
0
0
0
0
0
0
0
0
0
0
0
0
0
0
0
0
0
0
0
0
0
0
0
0
0
0
0
0
0
0
0
0
0
0
0
0
0
0
0
0
0
0
0
0
0
0
0
0
0
0
0
0
0
0
0
0
0
0
0
0
0
0
0
0
0
0
0
0
0
0
0
0
0
0
0
0
0
0
0
0
0
0
0
0
0
0
0
0
0
0
0
0
0
0
0
0
0
0
0
0
0
0
0
0
0
0
0
0
0
0
0
0
0
0
0
0
0
0
0
0
0
0
0
0
0
0
0
0
0
0
0
0
0
0
0
0
0
0
0
0
0
0
0
0
0
0
0
0
0
0
0
0
0
0
0
0
0
0
0
0
0
0
0
0
0
0
0
0
0
0
0
0
0
0
0
0
0
0
0
0
0
0
0
0
0
0
0
0
0
0
0
0
0
0
0
0
0
0
0
0
0
0
0
0
0
0
0
0
0
0
0
0
0
0
0
0
0
0
0
0
0
0
0
0
0
0
0
0
0
0
0
0
0
0
0
0
0
0
0
0
0
0
659
621
659
659
836
855
679
639
659
639
749
724
749
805
679
679
701
659
604
855
701
701
639
701
724
701
724
659
659
679
679
749
855
1015
749
639
639
701
701
776
764
701
701
679
776
701
724
724
724
724
679
679
776
700
746
701
639
639
639
604
701
701
659
659
659
604
604
595
563
621
494
604
472
472
679
639
621
587
557
604
659
675
661
639
572
776
724
505
679
659
604
572
621
604
410
622
623
587
572
604
1237
572
639
639
724
776
679
679
639
657
679
650
604
679
679
639
604
659
659
679
679
679
639
679
679
679
680
679
639
572
582
494
604
477
442
538
614
494
528
744
479
538
494
518
518
518
557
557
543
572
535
541
556
518
560
490
560
473
473
557
557
494
518
518
554
453
453
528
481
543
473
679
679
494
403
403
403
494
572
607
518
494
494
494
445
543
572
518
473
473
473
572
435
505
530
362
639
403
435
543
543
435
513
362
364
364
378
381
354
364
375
396
362
310
365
358
388
388
388
522
422
419
407
494
472
396
451
446
419
405
446
440
460
439
434
438
441
419
413
418
416
406
400
316
314
307
282
251
297
305
308
295
293
290
303
301
297
310
308
294
302
286
269
272
273
283
288
266
270
281
276
276
272
269
287
279
274
272
273
246
230
277
232
270
229
226
284
326
330
224
290
224
330
255
303
316
311
316
322
302
347
369
342
361
358
3.605065e+02
3.656296e+02
3.707527e+02
366
347
367
366
366
366
347
362
352
346
373
373
373
348
323
354
327
340
340
340
346
349
351
344
339
339
339
330
330
330
330
349
349
349
349
336
329
328
331
331
331
314
320
333
321
308
317
314
305
131
312
303
295
622
342
338
328
331
344
344
319
347
345
345
355
328
302
302
302
330
334
298
291
315
315
315
263
362
331
331
312
312
312
320
288
308
308
310
310
310
453
368
322
311
265
265
265
368
368
316
310
305
305
305
886
303
303
289
289
289
289
289
275
275
262
262
262
262
270
261
304
177
244
244
244
248
222
252
243
245
245
245
240
237
231
240
229
229
229
229
230
230
230
225
225
225
217
208
212
212
208
208
208
200
221
197
217
215
215
215
211
192
214
222
222
222
222
222
206
211
198
199
199
199
199
215
199
204
209
209
209
203
203
203
203
221
221
221
207
206
200
195
190
190
190
190
196
196
196
195
195
195
193
196
205
194
199
199
199
195
185
200
200
215
215
215
203
203
203
155
188
188
188
188
188
188
196
174
174
174
174
168
125
125
125
125
125
125
196
189
189
189
189
189
172
172
171
188
174
174
174
171
162
166
166
166
166
166
153
147
142
142
157
157
157
162
162
162
162
162
162
162
131
163
174
175
147
147
147
140
150
150
149
149
149
149
150
145
145
543
543
543
543
206
157
157
157
157
157
157
157
157
157
157
157
157
157
308
308
308
308
308
308
308
195
203
191
197
197
197
197
174
184
186
186
186
186
186
166
164
169
169
174
174
174
182
182
192
192
192
192
192
205
205
205
86
158
158
158
253
150
150
150
133
133
133
218
251
251
442
302
302
302
307
238
238
238
238
238
238
300
318
326
311
731
731
731
187
187
187
187
187
187
187
187
187
68
376
138
138
138
250
250
169
169
169
169
169
335
335
275
347
543
543
543
527
532
532
532
532
532
532
532
532
327
330
330
330
330
330
188
188
188
188
188
188
207
252
256
261
260
260
260
260
164
164
969
969
969
969
1006
987
978
952
935
935
935
970
95
95
95
95
95
95
293
290
290
290
290
290
290
290
290
290
290
290
290
290
290
290
290
290
290
290
290
290
290
290
290
290
290
290
545
545
545
540
540
540
540
540
540
540
540
540
540
540
540
540
540
540
278
278
278
272
272
272
272
272
272
272
151
151
151
151
145
145
145
679
679
679
679
679
679
679
679
679
679
679
679
679
679
679
679
196
196
196
196
196
196
196
148
148
146
146
146
149
149
149
149
149
149
149
114
114
118
118
130
130
130
117
117
130
130
130
130
130
127
127
120
120
120
120
120
130
130
130
130
130
130
130
130
130
90
90
93
93
93
93
93
90
90
120
120
120
120
120
120
120
120
120
120
120
120
120
120
120
120
120
247
247
240
240
257
257
257
262
262
262
262
262
262
262
243
243
243
243
44
44
44
540
540
540
540
540
540
540
540
540
135
135
135
135
135
135
135
135
135
133
133
133
133
133
133
133
133
133
133
72
72
135
135
56
56
56
114
114
114
114
114
114
114
114
114
114
114
209
209
209
209
209
209
209
209
209
209
211
211
211
211
135
135
135
135
135
135
135
138
138
138
70
70
70
70
181
181
181
184
184
184
184
177
177
177
198
198
198
198
70
70
70
68
68
198
198
198
198
198
202
202
202
202
202
202
202
178
178
180
180
180
180
180
178
178
178
178
178
178
178
162
162
162
162
162
162
162
162
162
162
162
162
162
162
162
162
162
162
162
162
162
162
162
162
162
162
162
162
162
162
162
162
162
162
162
162
162
162
162
162
162
162
162
162
162
162
162
162
162
162
162
162
162
162
162
162
162
162
162
162
162
162
162
162
162
162
162
162
162
162
162
162
162
162
162
162
162
162
162
162
162
162
162
162
162
162
162
162
162
162
162
162
162
162
162
162
162
162
162
162
162
162
162
162
162
162
162
162
162
162
162
162
162
162
162
162
162
162
162
162
162
162
162
162
162
162
162
162
162
162
162
162
162
162
162
162
162
162
162
162
162
162
162
162
162
162
162
162
162
162
162
162
162
162
162
162
162
162
162
162
162
162
162
162
162
162
162
162
162
162
162
162
162
162
162
162
162
162
162
162
162
162
162
162
162
162
162
162
162
162
162
162
162
162
162
162
162
162
162
162
162
162
162
162
162
162
162
162
162
162
162
162
162
162
162
162
162
162
162
162
162
162
162
162
162
162
162
162
162
162
162
162
162
162
162
162
162
162
162
162
162
162
162
162
162
162
162
162
162
162
162
162
184
184
184
184
184
184
184
185
185
185
185
172
172
172
148
148
148
148
148
148
148
152
152
152
152
127
127
127
122
122
122
122
122
122
122
122
122
115
115
110
110
110
110
110
110
110
110
110
110
110
110
110
110
110
110
110
110
110
110
110
110
110
110
80
80
80
80
250
250
250
250
250
250
250
250
250
250
192
192
194
194
186
186
186
186
186
186
186
186
186
186
162
162
204
204
204
204
204
204
204
204
204
204
204
204
204
204
110
110
103
103
103
102
102
97
97
97
97
97
97
97
117
117
94
94
94
94
94
94
94
94
94
94
106
106
98
98
104
104
104
102
102
102
102
102
102
102
231
231
192
192
164
164
164
127
127
127
127
127
127
127
127
127
127
127
127
127
127
127
127
127
127
127
127
127
127
127
127
127
127
127
127
125
125
125
125
125
125
125
128
128
128
136
136
136
136
136
136
136
136
136
136
136
126
126
125
125
110
110
110
110
110
110
110
110
110
110
1225
125
111
111
110
110
110
128
128
128
128
127
127
127
98
98
98
98
100
100
100
160
160
160
160
160
160
160
155
155
152
152
166
166
166
178
178
178
178
178
178
178
167
167
155
155
146
146
146
144
144
144
144
144
144
144
144
144
163
163
163
163
163
163
163
167
167
167
167
167
167
167
118
118
112
112
112
106
106
106
106
106
106
106
167
167
167
167
105
105
105
105
105
105
105
105
105
105
105
105
105
105
105
105
105
105
105
105
105
105
105
105
102
102
96
96
96
96
96
90
90
90
90
90
90
90
90
90
90
90
90
90
90
90
90
90
90
90
90
90
85
85
85
85
85
85
85
85
85
85
85
85
85
85
88
88
88
88
92
92
92
94
94
94
94
94
94
94
94
94
94
94
94
94
94
302
302
320
320
311
311
311
320
320
325
325
325
325
325
325
325
322
322
322
322
322
322
322
320
320
320
320
320
320
320
311
311
311
311
311
326
326
326
326
326
326
326
326
326
311
311
311
311
311
290
290
290
290
290
290
290
274
274
274
274
274
274
274
266
266
252
252
252
252
252
250
250
250
250
250
250
250
237
237
237
237
237
237
237
255
255
255
255
255
255
255
256
256
256
256
256
256
256
250
250
250
250
245
245
245
211
211
211
211
211
211
211
211
211
247
247
247
247
247
247
247
247
247
247
247
247
250
250
250
250
250
250
250
235
235
235
235
235
235
235
235
235
235
235
235
235
235
247
247
247
247
247
247
247
340
340
330
330
365
365
365
365
365
365
365
365
365
365
365
365
311
311
311
311
311
311
311
311
311
311
311
311
298
298
298
298
298
298
298
298
298
298
298
298
298
298
298
298
298
298
298
298
298
298
298
298
298
298
298
298
298
298
298
298
298
298
298
298
298
298
298
298
298
298
298
298
298
298
298
298
298
298
298
298
298
298
298
298
298
298
331
331
331
331
331
331
331
340
340
340
340
340
327
327
327
327
327
327
327
327
327
327
327
311
311
311
311
311
311
311
311
311
311
311
311
311
311
311
311
311
286
286
286
286
286
286
286
286
286
254
254
254
254
254
240
240
240
240
240
240
240
240
240
240
240
220
220
220
256
256
256
256
256
256
256
260
260
260
260
260
260
260
260
260
260
260
260
260
260
260
260
260
260
260
260
260
260
260
260
260
260
260
260
260
260
260
260
260
260
260
260
260
260
260
260
260
260
260
260
260
260
211
211
211
211
211
211
211
211
