0
0
0
0
0
0
0
0
0
0
0
0
0
0
0
0
0
0
0
0
0
0
0
0
0
0
0
0
0
0
0
0
0
0
0
0
0
0
0
0
0
0
0
0
0
0
0
0
0
0
0
0
0
0
0
0
0
0
0
0
0
0
0
0
0
0
0
0
0
0
0
0
0
0
0
0
0
0
0
0
0
0
0
0
0
0
0
0
0
0
0
0
0
0
0
0
0
0
0
0
0
0
0
0
0
0
0
0
0
0
0
0
0
0
0
0
0
0
0
0
0
0
0
0
0
0
0
0
0
0
0
0
0
0
0
0
0
0
0
0
0
0
0
0
0
0
0
0
0
0
0
0
0
0
0
0
0
0
0
0
0
0
0
0
0
0
0
0
0
0
0
0
0
0
0
0
0
0
0
0
0
0
0
0
0
0
0
0
0
0
0
0
0
0
0
0
0
0
0
0
0
0
0
0
0
0
0
0
0
0
0
0
0
0
0
0
0
0
0
0
0
0
0
0
0
0
0
0
0
0
0
0
0
0
0
0
0
0
0
0
0
0
0
0
0
0
0
0
0
0
0
0
0
0
0
0
0
0
0
0
0
0
0
0
0
0
0
0
0
0
0
0
0
0
0
0
0
0
0
0
0
0
0
0
0
0
0
0
0
0
0
0
0
0
0
0
0
0
0
0
0
0
0
0
0
0
0
0
0
0
0
0
0
0
0
0
0
0
0
0
0
0
0
0
0
0
0
0
0
0
0
0
0
0
0
0
0
0
0
0
0
0
0
0
0
0
0
0
0
0
0
0
0
0
0
0
0
0
0
0
0
0
0
0
0
0
0
0
0
0
0
0
0
0
0
0
0
0
0
0
0
0
0
0
0
0
0
0
0
0
0
0
0
0
0
0
0
0
0
0
0
0
0
0
0
0
0
0
0
0
0
0
0
0
0
0
0
0
0
0
0
0
0
0
0
0
0
0
0
0
0
0
0
0
0
0
0
0
0
0
0
0
0
0
0
0
0
0
0
0
0
0
0
0
0
0
0
0
0
0
0
0
0
0
0
0
0
0
0
0
0
0
0
0
0
0
0
0
0
0
0
0
0
0
0
0
0
0
0
0
0
0
0
0
0
0
0
0
0
0
0
0
0
0
0
0
0
0
0
0
0
0
0
0
0
0
0
0
0
0
0
0
0
0
0
0
0
0
0
0
0
0
0
0
0
0
0
0
0
0
0
0
0
0
0
0
0
0
0
0
0
0
0
0
0
0
0
0
0
0
0
0
0
0
0
0
0
0
0
0
0
0
0
0
0
0
0
0
0
0
0
0
0
0
0
0
0
0
0
0
0
0
0
0
0
0
0
0
0
0
0
0
0
0
0
0
0
0
0
0
0
0
0
0
0
0
0
0
0
0
0
0
0
0
0
0
0
0
0
0
0
0
0
0
0
0
0
0
0
0
0
0
0
0
0
0
0
0
0
0
0
0
0
0
0
0
0
0
0
0
0
0
0
0
0
0
0
0
0
0
0
0
0
0
0
0
0
0
0
0
0
0
0
0
0
0
0
0
0
0
0
0
0
0
0
0
0
0
0
0
0
0
0
0
0
0
0
0
0
0
0
0
0
0
0
0
0
0
0
0
0
0
0
0
0
0
0
0
0
0
0
0
0
0
0
0
0
0
0
0
0
0
0
0
0
0
0
0
0
0
0
0
0
0
0
0
0
0
0
0
0
0
0
0
4.000000e-02
0
3.100000e-01
1.040000e+00
1.970000e+00
3.810000e+00
6.400000e+00
8.200000e+00
7.350000e+00
1.195000e+01
1.223000e+01
1.640000e+01
1.644000e+01
1.702000e+01
1.919000e+01
1.951000e+01
2.022000e+01
2.133000e+01
2.321000e+01
2.443000e+01
2.505000e+01
2.738000e+01
2.744000e+01
3.472000e+01
3.559000e+01
3.715000e+01
4.078000e+01
4.089000e+01
3.950000e+01
4.005000e+01
4.248000e+01
4.226000e+01
4.326000e+01
4.016000e+01
4.033000e+01
3.956000e+01
3.936000e+01
3.923000e+01
3.784000e+01
4.054000e+01
4.730000e+01
4.550000e+01
4.550000e+01
5.068000e+01
5.302000e+01
5.132000e+01
5.320000e+01
5.338000e+01
5.439000e+01
5.684000e+01
5.954000e+01
5.952000e+01
5.762000e+01
5.930000e+01
6.412000e+01
6.684000e+01
6.386000e+01
6.386000e+01
6.058000e+01
5.712000e+01
5.712000e+01
5.652000e+01
6.506000e+01
6.439000e+01
6.645000e+01
6.896000e+01
6.889000e+01
6.697000e+01
6.735000e+01
7.303000e+01
7.773000e+01
7.715000e+01
8.281000e+01
8.128000e+01
8.689000e+01
8.835000e+01
8.820000e+01
9.149000e+01
8.714000e+01
6.894000e+01
3.620000e+00
7.268000e+01
4.878000e+01
6.201000e+01
6.990000e+01
7.846000e+01
8.495000e+01
1.044300e+02
1.058400e+02
1.058900e+02
1.078700e+02
105
1.027900e+02
1.030200e+02
9.828000e+01
1.027900e+02
1.018900e+02
9.920000e+01
1.008800e+02
1.015600e+02
1.025100e+02
1.064300e+02
1.083400e+02
1.071900e+02
1.077200e+02
1.052800e+02
1.105300e+02
1.125900e+02
1.162700e+02
1.178000e+02
1.139500e+02
1.151000e+02
1.145600e+02
1.135200e+02
1.137400e+02
1.122400e+02
1.134600e+02
1.047900e+02
1.037100e+02
1.026700e+02
6.356000e+01
1.256400e+02
1.134600e+02
1.181300e+02
1.192000e+02
1.185600e+02
1.163700e+02
1.223500e+02
1.246300e+02
1.274300e+02
1.394800e+02
1.393600e+02
1.336800e+02
1.311700e+02
1.307400e+02
1.266700e+02
1.236600e+02
1.237700e+02
1.237700e+02
1.237700e+02
1.279700e+02
1.265400e+02
1.244100e+02
1.290200e+02
1.289300e+02
1.282400e+02
1.255900e+02
1.286900e+02
1.378700e+02
1.359500e+02
1.357300e+02
1.319900e+02
1.319900e+02
1.266300e+02
1.277300e+02
1.261000e+02
1.250600e+02
1.250600e+02
1.228400e+02
1.257500e+02
1.265800e+02
1.237600e+02
1.269700e+02
1.271600e+02
1.284500e+02
1.311900e+02
1.274800e+02
1.264600e+02
1.283700e+02
1.283700e+02
1.283700e+02
1.272900e+02
1.393700e+02
1.374500e+02
1.321800e+02
1.342900e+02
1.342900e+02
1.338300e+02
1.344900e+02
1.345600e+02
1.373700e+02
1.512100e+02
1.480400e+02
1.498900e+02
1.507500e+02
1.501600e+02
1.490200e+02
1.493100e+02
1.509200e+02
1.573000e+02
1.581000e+02
1.537600e+02
1.546100e+02
1.558000e+02
1.550500e+02
1.533900e+02
1.560100e+02
1.554700e+02
1.527500e+02
1.533900e+02
1.549300e+02
1.606100e+02
1.707200e+02
1.676800e+02
1.709100e+02
1.691300e+02
1.716500e+02
1.691000e+02
1.665100e+02
1.739900e+02
1.823900e+02
1.823900e+02
1.823900e+02
1.784900e+02
1.825300e+02
1.888700e+02
1.891600e+02
1.906100e+02
1.916400e+02
1.936300e+02
1.967700e+02
1.955700e+02
1.987500e+02
2.003700e+02
2.042500e+02
2.067900e+02
2.072100e+02
2.125200e+02
2.164700e+02
2.183500e+02
2.157900e+02
2.159100e+02
2.199800e+02
2.227100e+02
2.250700e+02
2.278200e+02
2.266400e+02
2.326900e+02
2.318400e+02
2.327700e+02
2.338700e+02
2.454600e+02
2.430900e+02
2.365400e+02
2.347300e+02
2.355200e+02
2.355200e+02
2.340300e+02
2.356800e+02
2.355600e+02
2.374800e+02
2.386200e+02
2.364200e+02
2.362700e+02
2.345100e+02
2.392400e+02
2.411800e+02
2.396800e+02
2.381100e+02
2.488700e+02
2.459800e+02
2.428100e+02
2.536000e+02
2.579300e+02
2.655000e+02
2.616800e+02
2.539500e+02
2.635900e+02
2.657900e+02
2.633300e+02
2.583300e+02
2.632300e+02
2.646900e+02
2.600900e+02
2.601000e+02
2.634700e+02
2.634900e+02
2.622200e+02
2.661900e+02
2.689200e+02
2.729900e+02
2.643700e+02
2.636900e+02
2.655500e+02
2.635700e+02
2.655500e+02
2.636900e+02
2.751600e+02
2.797600e+02
2.863800e+02
2.872800e+02
2.868200e+02
2.898400e+02
2.934500e+02
2.949100e+02
2.932100e+02
2.994800e+02
2.999500e+02
2.993900e+02
3.021330e+02
3.041273e+02
3.061216e+02
3.045600e+02
3.019700e+02
2.990500e+02
2.972300e+02
2.972300e+02
2.972300e+02
2.975200e+02
2.931300e+02
2.895700e+02
2.288300e+02
2.891600e+02
2.891600e+02
2.891600e+02
2.887200e+02
2.895500e+02
2.907000e+02
2.929300e+02
2.965500e+02
2.965500e+02
2.965500e+02
2.958700e+02
3.008600e+02
2.987100e+02
3.022700e+02
3.039700e+02
3.039700e+02
3.039700e+02
3.128300e+02
3.128300e+02
3.128300e+02
3.181100e+02
3.165300e+02
3.165300e+02
3.165300e+02
3.165300e+02
316
3.209600e+02
3.199700e+02
3.227700e+02
3.227700e+02
3.227700e+02
3.625500e+02
3.486000e+01
3.332900e+02
3.228100e+02
3.222500e+02
3.227800e+02
3.278700e+02
2.358900e+02
3.246000e+02
3.214900e+02
3.259900e+02
3.358900e+02
3.316700e+02
3.942100e+02
3.767700e+02
3.689300e+02
3.666500e+02
3.721100e+02
3.646200e+02
3.876800e+02
3.755100e+02
3.665500e+02
3.665500e+02
3.665100e+02
3.512600e+02
3.687800e+02
3.687800e+02
3.687800e+02
3.879400e+02
3.796000e+02
3.783900e+02
3.803100e+02
3.837100e+02
3.837100e+02
3.837100e+02
2.328100e+02
3.510300e+02
4.006600e+02
4.006600e+02
3.763600e+02
3.763600e+02
3.763600e+02
3.742500e+02
3.746200e+02
3.730600e+02
3.576400e+02
3.599900e+02
3.599900e+02
3.599900e+02
2.252600e+02
3.613400e+02
4.104100e+02
3.815000e+02
3.687100e+02
3.687100e+02
3.687100e+02
3.858400e+02
3.638700e+02
3.846400e+02
4.034800e+02
4.010400e+02
4.010400e+02
4.010400e+02
2.324300e+02
3.676600e+02
3.814800e+02
3.814800e+02
4.100900e+02
4.100900e+02
4.100900e+02
4.050500e+02
4.122800e+02
4.122800e+02
4.126700e+02
408
408
408
4.366400e+02
4.307000e+02
4.295000e+02
4.324300e+02
4.315500e+02
4.315500e+02
4.315500e+02
4.304300e+02
4.313900e+02
4.362500e+02
438
4.391800e+02
4.391800e+02
4.391800e+02
4.385600e+02
4.419900e+02
4.434300e+02
4.477700e+02
4.500800e+02
4.500800e+02
4.500800e+02
4.498600e+02
4.404600e+02
4.404600e+02
4.487000e+02
4.525900e+02
4.525900e+02
4.525900e+02
4.513400e+02
4.486500e+02
4.498500e+02
4.498800e+02
4.481000e+02
4.481000e+02
4.481000e+02
4.422800e+02
4.431500e+02
4.430500e+02
4.486800e+02
4.489600e+02
4.489600e+02
4.489600e+02
4.385500e+02
4.361200e+02
4.342800e+02
4.319400e+02
4.319400e+02
4.319400e+02
4.319400e+02
4.319400e+02
4.269000e+02
4.227300e+02
4.190500e+02
415
415
415
415
4.095800e+02
4.075900e+02
4.085600e+02
4.068500e+02
4.068500e+02
4.068500e+02
4.043300e+02
4.043300e+02
4.043300e+02
4.043300e+02
4.077400e+02
4.077400e+02
4.077400e+02
4.055500e+02
4.053800e+02
4.049800e+02
4.050900e+02
4.046200e+02
4.046200e+02
4.046200e+02
4.032100e+02
4.029800e+02
4.029800e+02
4.029800e+02
4.059500e+02
4.059500e+02
4.059500e+02
4.095100e+02
4.125400e+02
4.137900e+02
4.120400e+02
4.135900e+02
4.135900e+02
4.135900e+02
4.195400e+02
4.201200e+02
4.201300e+02
4.211500e+02
4.222400e+02
4.222400e+02
4.222400e+02
4.266100e+02
4.266100e+02
4.266100e+02
4.354400e+02
4.321900e+02
4.321900e+02
4.321900e+02
4.321900e+02
4.321900e+02
4.321900e+02
4.319400e+02
4.317500e+02
4.317500e+02
4.317500e+02
4.317500e+02
4.265200e+02
4.244900e+02
4.244900e+02
4.244900e+02
4.244900e+02
4.244900e+02
4.244900e+02
4.428400e+02
4.495000e+02
4.495000e+02
4.495000e+02
4.495000e+02
4.495000e+02
440
4.365300e+02
4.386900e+02
4.421300e+02
440
440
440
4.356000e+02
4.365000e+02
4.339500e+02
4.339500e+02
4.339500e+02
4.339500e+02
4.339500e+02
4.304200e+02
4.267700e+02
4.339200e+02
4.339200e+02
4.312500e+02
4.312500e+02
4.312500e+02
4.316200e+02
4.316200e+02
4.316200e+02
4.316200e+02
4.316200e+02
4.316200e+02
4.316200e+02
4.332300e+02
4.332900e+02
4.340800e+02
4.330300e+02
4.316200e+02
4.316200e+02
4.316200e+02
4.286700e+02
431
431
4.297400e+02
4.297400e+02
4.297400e+02
4.297400e+02
4.266800e+02
4.263100e+02
4.263100e+02
3.656100e+02
4.432600e+02
4.432600e+02
4.432600e+02
4.672500e+02
4.613200e+02
4.613200e+02
4.613200e+02
4.613200e+02
4.613200e+02
4.613200e+02
2.814700e+02
0
2.669900e+02
2.669900e+02
2.669900e+02
2.669900e+02
2.669900e+02
4.765400e+02
4.765400e+02
4.765400e+02
4.765400e+02
4.765400e+02
4.765400e+02
4.765400e+02
5.114200e+02
5.025900e+02
4.961600e+02
4.936700e+02
4.936700e+02
4.936700e+02
4.936700e+02
4.879800e+02
4.907900e+02
4.885100e+02
4.871100e+02
4.871100e+02
4.871100e+02
4.871100e+02
4.858900e+02
4.864300e+02
4.841800e+02
4.809600e+02
4.785200e+02
4.785200e+02
4.785200e+02
4.826500e+02
4.805200e+02
4.753100e+02
4.753100e+02
4.891000e+02
4.891000e+02
4.891000e+02
4.847200e+02
4.847200e+02
4.847200e+02
4.815300e+02
4.803000e+02
4.803000e+02
4.803000e+02
4.782400e+02
4.784100e+02
4.784100e+02
4.784200e+02
4.807400e+02
4.807400e+02
4.807400e+02
4.721900e+02
4.712800e+02
4.694600e+02
4.655700e+02
4.816600e+02
4.816600e+02
4.816600e+02
4.795500e+02
4.747600e+02
4.912700e+02
4.912700e+02
5.000100e+02
5.000100e+02
5.000100e+02
4.816300e+02
4.820900e+02
4.729400e+02
4.776900e+02
4.854000e+02
4.854000e+02
4.854000e+02
4.782400e+02
4.782400e+02
4.782400e+02
3.120400e+02
1.970900e+02
1.970900e+02
1.970900e+02
3.334800e+02
3.247300e+02
5.307800e+02
5.224700e+02
4.987300e+02
4.987300e+02
4.987300e+02
4.745300e+02
4.745300e+02
4.600600e+02
4.600600e+02
4.600600e+02
4.600600e+02
4.600600e+02
4.822100e+02
4.822100e+02
4.768400e+02
4.760200e+02
4.751000e+02
4.751000e+02
4.751000e+02
4.680400e+02
4.654000e+02
4.624000e+02
4.645800e+02
4.684800e+02
4.684800e+02
4.684800e+02
4.181700e+02
4.559400e+02
4.816500e+02
4.686300e+02
4.662700e+02
4.662700e+02
4.662700e+02
4.666600e+02
4.664200e+02
4.654500e+02
4.700500e+02
4.690300e+02
4.690300e+02
4.690300e+02
4.720800e+02
4.718600e+02
4.703600e+02
4.694800e+02
4.695400e+02
4.695400e+02
4.695400e+02
4.367100e+02
4.990500e+02
5.302100e+02
5.149900e+02
5.160400e+02
5.160400e+02
5.160400e+02
5.219500e+02
5.088800e+02
5.012400e+02
5.123600e+02
5.054500e+02
5.054500e+02
5.054500e+02
4.916200e+02
4.919900e+02
4.919900e+02
4.919900e+02
4.773400e+02
4.773400e+02
4.773400e+02
4.793700e+02
4.735900e+02
4.735900e+02
4.735900e+02
4.735900e+02
4.735900e+02
4.735900e+02
4.976100e+02
4.976100e+02
4.976100e+02
4.976100e+02
4.976100e+02
4.976100e+02
4.976100e+02
3.099800e+02
2.986900e+02
2.438400e+02
2.439800e+02
2.530400e+02
2.530400e+02
2.530400e+02
2.282100e+02
2.282100e+02
2.282100e+02
2.282100e+02
2.282100e+02
2.282100e+02
2.282100e+02
5.056500e+02
5.056500e+02
5.056500e+02
4.690500e+02
4.690500e+02
4.690500e+02
4.690500e+02
4.522100e+02
4.522100e+02
4.522100e+02
4.522100e+02
4.522100e+02
4.522100e+02
4.522100e+02
4.793500e+02
4.793500e+02
4.793500e+02
4.567300e+02
4.758500e+02
4.758500e+02
4.758500e+02
4.534600e+02
4.534600e+02
4.534600e+02
4.534600e+02
4.534600e+02
4.534600e+02
4.534600e+02
4.472400e+02
4.472400e+02
4.478200e+02
4.478200e+02
4.465700e+02
4.465700e+02
4.465700e+02
4.517700e+02
4.517700e+02
4.517700e+02
4.517700e+02
4.517700e+02
4.517700e+02
4.517700e+02
4.409000e+02
4.409000e+02
4.447200e+02
4.447200e+02
4.447200e+02
4.447200e+02
4.447200e+02
4.555400e+02
4.555400e+02
4.680300e+02
4.680300e+02
4.736600e+02
4.736600e+02
4.736600e+02
4.736600e+02
4.736600e+02
4.804200e+02
4.804200e+02
4.819300e+02
4.819300e+02
4.819300e+02
4.947800e+02
4.947800e+02
4.995500e+02
4.995500e+02
5.063400e+02
5.063400e+02
5.063400e+02
5.183900e+02
5.183900e+02
5.211000e+02
5.211000e+02
5.312200e+02
5.312200e+02
5.312200e+02
5.256200e+02
5.256200e+02
5.176600e+02
5.176600e+02
5.191200e+02
5.191200e+02
5.191200e+02
5.159200e+02
5.159200e+02
5.119800e+02
5.119800e+02
5.119800e+02
5.119800e+02
5.119800e+02
5.079600e+02
5.079600e+02
5.063000e+02
5.063000e+02
5.063000e+02
5.063000e+02
5.063000e+02
5.063000e+02
5.063000e+02
4.995000e+02
4.995000e+02
4.958100e+02
4.958100e+02
4.958100e+02
4.856000e+02
4.856000e+02
4.812300e+02
4.812300e+02
4.792200e+02
4.792200e+02
4.792200e+02
4.792200e+02
4.792200e+02
4.792200e+02
4.792200e+02
4.792200e+02
4.792200e+02
4.792200e+02
4.792200e+02
4.792200e+02
4.646800e+02
4.646800e+02
4.646800e+02
4.646800e+02
4.646800e+02
4.500300e+02
4.500300e+02
4.497900e+02
4.497900e+02
4.485400e+02
4.485400e+02
4.485400e+02
4.441600e+02
4.441600e+02
4.400800e+02
4.400800e+02
3.327100e+02
3.327100e+02
3.327100e+02
2.955900e+02
2.955900e+02
4.864800e+02
4.864800e+02
4.474000e+02
4.474000e+02
4.474000e+02
4.303200e+02
4.303200e+02
4.227600e+02
4.227600e+02
4.227600e+02
4.227600e+02
4.227600e+02
4.227600e+02
4.227600e+02
4.212700e+02
4.212700e+02
4.212700e+02
4.212700e+02
4.212700e+02
4.269200e+02
4.269200e+02
4.274900e+02
4.274900e+02
4.295800e+02
4.295800e+02
4.295800e+02
4.354800e+02
4.354800e+02
4.354800e+02
4.354800e+02
4.312100e+02
4.312100e+02
4.312100e+02
4.269000e+02
4.269000e+02
4.336300e+02
4.336300e+02
4.315900e+02
4.315900e+02
4.315900e+02
4.309400e+02
4.309400e+02
4.309400e+02
4.309400e+02
4.309400e+02
4.309400e+02
4.309400e+02
4.309400e+02
4.309400e+02
4.309400e+02
4.309400e+02
4.380300e+02
4.380300e+02
4.380300e+02
4.376300e+02
4.376300e+02
4.416500e+02
4.416500e+02
4.547500e+02
4.547500e+02
4.547500e+02
4.542600e+02
4.542600e+02
4.564500e+02
4.564500e+02
4.575300e+02
4.575300e+02
4.575300e+02
4.575300e+02
4.575300e+02
4.418700e+02
4.418700e+02
4.357100e+02
4.357100e+02
4.357100e+02
4.069000e+02
4.069000e+02
4.139600e+02
4.139600e+02
4.131300e+02
4.131300e+02
4.131300e+02
4.097000e+02
4.097000e+02
4.096500e+02
4.096500e+02
4.111600e+02
4.111600e+02
4.111600e+02
4.345500e+02
4.345500e+02
4.345500e+02
4.345500e+02
4.056800e+02
4.056800e+02
4.056800e+02
4.039900e+02
4.039900e+02
3.992700e+02
3.992700e+02
3.992700e+02
3.992700e+02
3.992700e+02
3.943900e+02
3.943900e+02
3.946500e+02
3.946500e+02
3.946500e+02
3.946500e+02
3.946500e+02
4.094800e+02
4.094800e+02
4.124200e+02
4.124200e+02
4.104600e+02
4.104600e+02
4.104600e+02
4.083100e+02
4.083100e+02
4.083100e+02
4.083100e+02
4.083100e+02
4.083100e+02
4.083100e+02
2.937600e+02
2.937600e+02
2.937600e+02
2.937600e+02
2.937600e+02
2.937600e+02
2.937600e+02
2.691300e+02
2.691300e+02
2.653500e+02
2.653500e+02
2.653500e+02
2.653500e+02
2.653500e+02
2.653500e+02
2.653500e+02
2.540100e+02
2.540100e+02
2.540100e+02
2.540100e+02
2.540100e+02
2.457100e+02
2.457100e+02
2.457100e+02
2.457100e+02
2.457100e+02
2.457100e+02
2.457100e+02
2.336700e+02
2.336700e+02
2.336700e+02
2.336700e+02
2.336700e+02
2.336700e+02
2.336700e+02
2.173000e+02
2.173000e+02
2.154000e+02
2.154000e+02
2.089200e+02
2.089200e+02
2.089200e+02
2.071500e+02
2.071500e+02
2.071500e+02
2.071500e+02
2.071500e+02
2.071500e+02
2.071500e+02
2.071500e+02
1.996500e+02
1.996500e+02
1.996500e+02
1.963100e+02
1.963100e+02
1.963100e+02
1.941500e+02
1.941500e+02
1.941500e+02
1.941500e+02
1.941500e+02
1.941500e+02
1.941500e+02
1.861800e+02
1.861800e+02
1.845100e+02
1.845100e+02
1.839000e+02
1.839000e+02
1.839000e+02
1.825100e+02
1.825100e+02
1.825100e+02
1.825100e+02
1.825100e+02
1.825100e+02
1.825100e+02
1.719800e+02
1.719800e+02
1.719800e+02
1.719800e+02
1.664900e+02
1.664900e+02
1.664900e+02
1.651100e+02
1.651100e+02
1.651100e+02
1.651100e+02
1.651100e+02
1.651100e+02
1.651100e+02
1.651100e+02
1.651100e+02
1.651100e+02
1.622300e+02
1.622300e+02
1.622300e+02
1.622300e+02
1.620900e+02
1.620900e+02
1.620900e+02
1.620900e+02
1.620900e+02
1.620900e+02
1.620900e+02
1.620900e+02
1.620900e+02
1.613400e+02
1.613400e+02
1.613400e+02
1.613400e+02
1.613400e+02
1.598600e+02
1.598600e+02
1.598600e+02
1.598600e+02
1.598600e+02
1.598600e+02
1.598600e+02
1.598600e+02
1.598600e+02
1.598600e+02
1.598600e+02
1.598600e+02
1.598600e+02
1.598600e+02
1.517400e+02
1.517400e+02
1.504400e+02
1.504400e+02
1.504400e+02
1.504400e+02
1.504400e+02
1.498700e+02
1.498700e+02
1.498700e+02
1.498700e+02
1.498700e+02
1.498700e+02
1.498700e+02
1.463000e+02
1.463000e+02
1.463000e+02
1.463000e+02
1.463000e+02
1.463000e+02
1.463000e+02
1.450200e+02
1.450200e+02
1.459400e+02
1.459400e+02
1.452600e+02
1.452600e+02
1.452600e+02
1.448400e+02
1.448400e+02
1.435700e+02
1.435700e+02
1.241000e+02
1.241000e+02
1.241000e+02
1.427500e+02
1.427500e+02
1.413600e+02
1.413600e+02
1.401000e+02
1.401000e+02
1.401000e+02
1.407000e+02
1.407000e+02
1.407000e+02
1.407000e+02
1.407000e+02
1.407000e+02
1.407000e+02
1.375200e+02
1.375200e+02
1.361500e+02
1.361500e+02
1.339200e+02
1.339200e+02
1.339200e+02
1.339200e+02
1.339200e+02
1.339200e+02
1.339200e+02
1.315300e+02
1.315300e+02
1.315300e+02
1.299400e+02
1.299400e+02
1.291500e+02
1.291500e+02
1.291500e+02
1.291500e+02
1.291500e+02
1.291500e+02
1.291500e+02
1.291500e+02
1.291500e+02
1.291500e+02
1.291500e+02
1.291500e+02
1.291500e+02
1.291500e+02
1.210300e+02
1.210300e+02
1.210300e+02
1.210300e+02
1.210300e+02
1.210300e+02
1.210300e+02
1.210300e+02
1.210300e+02
1.210300e+02
1.210300e+02
1.210300e+02
1.210300e+02
1.210300e+02
1.210300e+02
1.210300e+02
1.210300e+02
1.210300e+02
1.210300e+02
1.210300e+02
1.210300e+02
3.435200e+02
3.435200e+02
3.435200e+02
3.435200e+02
3.435200e+02
3.435200e+02
3.435200e+02
3.435200e+02
3.435200e+02
3.435200e+02
3.435200e+02
3.435200e+02
3.435200e+02
3.517000e+02
3.517000e+02
3.517000e+02
3.517000e+02
3.517000e+02
3.517000e+02
3.527800e+02
3.527800e+02
3.552000e+02
3.552000e+02
3.552000e+02
3.552000e+02
3.552000e+02
3.566700e+02
3.566700e+02
3.566700e+02
3.566700e+02
3.566700e+02
3.566700e+02
3.566700e+02
3.648900e+02
3.648900e+02
3.640100e+02
3.640100e+02
3.628500e+02
3.628500e+02
3.628500e+02
3.706100e+02
3.706100e+02
3.706100e+02
3.706100e+02
3.706100e+02
3.706100e+02
3.706100e+02
3.710500e+02
3.710500e+02
3.699600e+02
3.699600e+02
3.697900e+02
3.697900e+02
3.697900e+02
3.726800e+02
3.726800e+02
3.726800e+02
3.726800e+02
3.726800e+02
3.726800e+02
3.726800e+02
3.709000e+02
3.709000e+02
377
377
3.789100e+02
3.789100e+02
3.789100e+02
3.798900e+02
3.798900e+02
3.798900e+02
3.798900e+02
3.798900e+02
3.798900e+02
3.798900e+02
3.798900e+02
3.798900e+02
3.798900e+02
3.798900e+02
3.798900e+02
3.798900e+02
3.798900e+02
3.857000e+02
3.857000e+02
3.868400e+02
3.868400e+02
3.868400e+02
3.868400e+02
3.868400e+02
3.857800e+02
3.857800e+02
3.852600e+02
3.852600e+02
3.853500e+02
3.853500e+02
3.853500e+02
3.858200e+02
3.858200e+02
3.858200e+02
3.858200e+02
3.858200e+02
3.858200e+02
3.858200e+02
3.828800e+02
3.828800e+02
3.839400e+02
3.839400e+02
3.867500e+02
3.867500e+02
3.867500e+02
3.846200e+02
3.846200e+02
3.846200e+02
3.846200e+02
3.846200e+02
3.846200e+02
3.846200e+02
3.864100e+02
3.864100e+02
3.861300e+02
3.861300e+02
3.865500e+02
3.865500e+02
3.865500e+02
3.865500e+02
3.865500e+02
3.865500e+02
3.865500e+02
3.865500e+02
3.865500e+02
3.865500e+02
3.865500e+02
3.865500e+02
3.951200e+02
3.951200e+02
3.961600e+02
3.961600e+02
3.961600e+02
3.959400e+02
3.959400e+02
4.150300e+02
4.150300e+02
4.150300e+02
4.150300e+02
4.150300e+02
4.052000e+02
4.052000e+02
4.035600e+02
4.035600e+02
4.022200e+02
4.022200e+02
4.022200e+02
3.994000e+02
3.994000e+02
3.994000e+02
3.994000e+02
3.941800e+02
3.941800e+02
3.941800e+02
3.938400e+02
3.938400e+02
3.923000e+02
3.923000e+02
3.919500e+02
3.919500e+02
3.919500e+02
3.914900e+02
3.914900e+02
3.914900e+02
3.914900e+02
3.914900e+02
3.914900e+02
3.914900e+02
3.867800e+02
3.867800e+02
3.855600e+02
3.855600e+02
3.837900e+02
3.837900e+02
3.837900e+02
3.813600e+02
3.813600e+02
2.589500e+02
2.589500e+02
2.403000e+02
2.403000e+02
2.403000e+02
2.302900e+02
2.302900e+02
2.302900e+02
2.302900e+02
2.181000e+02
2.181000e+02
2.181000e+02
2.050300e+02
2.050300e+02
2.013900e+02
2.013900e+02
2.013900e+02
2.013900e+02
2.013900e+02
1.930500e+02
1.930500e+02
1.909400e+02
1.909400e+02
1.872700e+02
1.872700e+02
1.872700e+02
3.377800e+02
3.377800e+02
3.403000e+02
3.403000e+02
3.301800e+02
3.301800e+02
3.301800e+02
3.306100e+02
3.306100e+02
3.306100e+02
3.413200e+02
3.428600e+02
3.428600e+02
3.428600e+02
3.421900e+02
3.421900e+02
3.421900e+02
3.421900e+02
3.421900e+02
3.421900e+02
3.421900e+02
3.452900e+02
3.452900e+02
3.450100e+02
3.450100e+02
3.439100e+02
3.439100e+02
3.439100e+02
3.450500e+02
3.450500e+02
3.448200e+02
3.448200e+02
3.454800e+02
3.454800e+02
3.454800e+02
3.456700e+02
3.456700e+02
3.493500e+02
3.493500e+02
3.478900e+02
3.478900e+02
3.478900e+02
3.472000e+02
3.472000e+02
3.461700e+02
3.461700e+02
3.472800e+02
3.472800e+02
3.472800e+02
3.470400e+02
3.470400e+02
3.433300e+02
3.433300e+02
3.242300e+02
3.242300e+02
3.242300e+02
3.151700e+02
3.151700e+02
3.135400e+02
3.135400e+02
3.131300e+02
3.131300e+02
3.131300e+02
3.130200e+02
3.130200e+02
3.121500e+02
3.121500e+02
3.110600e+02
3.110600e+02
3.110600e+02
3.094000e+02
3.094000e+02
3.075100e+02
3.075100e+02
3.075100e+02
3.075100e+02
3.075100e+02
3.057400e+02
3.057400e+02
3.063300e+02
3.063300e+02
1.748500e+02
1.748500e+02
1.748500e+02
3.121800e+02
3.121800e+02
3.110200e+02
3.110200e+02
3.182500e+02
3.182500e+02
3.182500e+02
3.195700e+02
3.195700e+02
3.116700e+02
3.116700e+02
3.116700e+02
3.116700e+02
3.116700e+02
3.118800e+02
3.118800e+02
3.117300e+02
3.117300e+02
2.992300e+02
2.992300e+02
2.992300e+02
3.082500e+02
3.082500e+02
3.073800e+02
3.073800e+02
3.081000e+02
3.081000e+02
3.081000e+02
3.074400e+02
3.074400e+02
3.074400e+02
3.074400e+02
3.074400e+02
3.074400e+02
3.074400e+02
302
302
3.002600e+02
3.002600e+02
2.944100e+02
2.944100e+02
2.944100e+02
2.111800e+02
2.111800e+02
2.111800e+02
2.111800e+02
1.913000e+02
1.913000e+02
1.913000e+02
1.863400e+02
1.863400e+02
1.821800e+02
1.821800e+02
1.821800e+02
1.821800e+02
1.821800e+02
4.131600e+02
4.131600e+02
4.028100e+02
4.028100e+02
3.986300e+02
3.986300e+02
3.986300e+02
3.986700e+02
3.986700e+02
3.947200e+02
3.947200e+02
3.927600e+02
3.927600e+02
3.927600e+02
3.878800e+02
3.878800e+02
3.829100e+02
3.829100e+02
3.828200e+02
3.828200e+02
3.828200e+02
3.768800e+02
3.768800e+02
3.768800e+02
3.768800e+02
3.724500e+02
3.724500e+02
3.724500e+02
3.657200e+02
3.657200e+02
3.657200e+02
3.657200e+02
3.657200e+02
3.657200e+02
3.657200e+02
3.579000e+02
3.579000e+02
3.517200e+02
3.517200e+02
3.517200e+02
3.517200e+02
3.517200e+02
3.498200e+02
3.498200e+02
3.489400e+02
3.489400e+02
3.478600e+02
3.478600e+02
3.478600e+02
3.442500e+02
3.442500e+02
3.405000e+02
3.405000e+02
3.379000e+02
3.379000e+02
3.379000e+02
3.322700e+02
3.322700e+02
3.286700e+02
3.286700e+02
3.286700e+02
3.286700e+02
3.286700e+02
3.286700e+02
3.286700e+02
3.228000e+02
3.228000e+02
3.228000e+02
3.228000e+02
3.228000e+02
3.199300e+02
3.199300e+02
3.201100e+02
3.201100e+02
3.196000e+02
3.196000e+02
3.196000e+02
3.212300e+02
3.212300e+02
3.203000e+02
3.203000e+02
3.190800e+02
3.190800e+02
3.190800e+02
3.172400e+02
3.172400e+02
3.143400e+02
3.143400e+02
3.143400e+02
3.143400e+02
3.143400e+02
3.118200e+02
3.118200e+02
3.106100e+02
3.106100e+02
3.106100e+02
3.106100e+02
3.106100e+02
309
309
3.074800e+02
3.074800e+02
3.074500e+02
3.074500e+02
3.074500e+02
3.058700e+02
3.058700e+02
2.997800e+02
2.997800e+02
2.997800e+02
2.997800e+02
2.997800e+02
2.997800e+02
2.997800e+02
2.967500e+02
2.967500e+02
2.936600e+02
2.936600e+02
2.936600e+02
2.917000e+02
2.917000e+02
2.937300e+02
2.937300e+02
2.937300e+02
2.937300e+02
2.937300e+02
2.896900e+02
2.896900e+02
2.841700e+02
2.841700e+02
2.854500e+02
2.854500e+02
2.854500e+02
2.832800e+02
2.832800e+02
2.790800e+02
2.790800e+02
2.790800e+02
2.790800e+02
2.790800e+02
2.773000e+02
2.773000e+02
2.738500e+02
2.738500e+02
2.738500e+02
2.738500e+02
2.738500e+02
2.693000e+02
2.693000e+02
2.660500e+02
2.660500e+02
2.660500e+02
2.660500e+02
2.660500e+02
2.624300e+02
2.624300e+02
2.600500e+02
2.600500e+02
2.600500e+02
2.600500e+02
2.600500e+02
2.575300e+02
2.575300e+02
2.545500e+02
2.545500e+02
2.545500e+02
2.545500e+02
2.545500e+02
2.504100e+02
2.504100e+02
2.504100e+02
2.504100e+02
2.459700e+02
2.459700e+02
2.459700e+02
2.429100e+02
2.429100e+02
2.413400e+02
2.413400e+02
2.413400e+02
2.413400e+02
2.413400e+02
2.413400e+02
2.413400e+02
2.375800e+02
2.375800e+02
2.375800e+02
2.375800e+02
2.375800e+02
2.333100e+02
2.333100e+02
2.333100e+02
2.333100e+02
2.323800e+02
2.323800e+02
2.323800e+02
2.309700e+02
2.309700e+02
2.320200e+02
2.320200e+02
2.289800e+02
2.289800e+02
2.289800e+02
2.275500e+02
2.275500e+02
2.271000e+02
2.271000e+02
2.271000e+02
2.271000e+02
2.271000e+02
2.260200e+02
2.260200e+02
2.276800e+02
2.276800e+02
2.265700e+02
2.265700e+02
2.265700e+02
2.284200e+02
2.284200e+02
2.286300e+02
2.286300e+02
2.286300e+02
2.286300e+02
2.286300e+02
2.312200e+02
2.312200e+02
2.403900e+02
2.403900e+02
2.473900e+02
2.473900e+02
2.473900e+02
2.473900e+02
2.473900e+02
2.473900e+02
2.473900e+02
2.473900e+02
2.473900e+02
2.473900e+02
2.385500e+02
2.385500e+02
2.373600e+02
2.373600e+02
2.371900e+02
2.371900e+02
2.371900e+02
2.371900e+02
2.371900e+02
2.382700e+02
2.382700e+02
2.382700e+02
2.382700e+02
2.382700e+02
2.376300e+02
2.376300e+02
2.372500e+02
2.372500e+02
2.381100e+02
2.381100e+02
2.381100e+02
2.381100e+02
2.381100e+02
2.381100e+02
2.381100e+02
2.381100e+02
2.381100e+02
2.381100e+02
2.370700e+02
2.370700e+02
2.370700e+02
2.370700e+02
2.370700e+02
2.370700e+02
2.370700e+02
2.383500e+02
2.383500e+02
2.374500e+02
2.374500e+02
2.389000e+02
2.389000e+02
2.389000e+02
238
238
238
238
238
238
238
239
239
239
239
240
240
240
242
242
240
240
240
240
240
242
242
242
242
242
242
242
2.493400e+02
2.493400e+02
2.488900e+02
2.488900e+02
2.487200e+02
2.487200e+02
2.487200e+02
247
247
2.593700e+02
2.593700e+02
2.583800e+02
2.583800e+02
2.583800e+02
2.548300e+02
2.548300e+02
2.548300e+02
2.548300e+02
2.528000e+02
2.528000e+02
2.528000e+02
2.498400e+02
2.498400e+02
2.506000e+02
2.506000e+02
2.523100e+02
2.523100e+02
2.523100e+02
2.525100e+02
2.525100e+02
2.534700e+02
2.534700e+02
2.552800e+02
2.552800e+02
2.552800e+02
2.533000e+02
2.533000e+02
2.533000e+02
2.533000e+02
2.529700e+02
2.529700e+02
2.529700e+02
2.588700e+02
2.588700e+02
2.558600e+02
2.558600e+02
2.530200e+02
2.530200e+02
2.530200e+02
2.534700e+02
2.534700e+02
2.527900e+02
2.527900e+02
2.520600e+02
2.520600e+02
2.520600e+02
2.512600e+02
2.512600e+02
2.521200e+02
2.521200e+02
2.521200e+02
2.521200e+02
2.521200e+02
2.519300e+02
2.519300e+02
2.568000e+02
2.568000e+02
2.563600e+02
2.563600e+02
2.563600e+02
2.552900e+02
2.552900e+02
2.544800e+02
2.544800e+02
2.565400e+02
2.565400e+02
2.565400e+02
2.537000e+02
2.537000e+02
2.518000e+02
2.518000e+02
2.541200e+02
2.541200e+02
2.541200e+02
2.544000e+02
2.544000e+02
2.544000e+02
2.544000e+02
2.563600e+02
2.563600e+02
2.563600e+02
2.563700e+02
2.563700e+02
2.681200e+02
2.681200e+02
2.664400e+02
2.664400e+02
2.664400e+02
2.664400e+02
2.664400e+02
2.664400e+02
2.664400e+02
2.664400e+02
2.664400e+02
2.664400e+02
263
263
2.633600e+02
2.633600e+02
2.633600e+02
2.633600e+02
2.633600e+02
2.634600e+02
2.634600e+02
2.644200e+02
2.644200e+02
264
264
264
2.611800e+02
2.611800e+02
2.644400e+02
2.644400e+02
2.648300e+02
2.648300e+02
2.648300e+02
2.604600e+02
2.604600e+02
2.839000e+02
2.839000e+02
2.839000e+02
