0
0
0
0
0
0
0
0
0
0
0
0
0
0
0
0
0
0
0
0
0
0
0
0
0
0
0
0
0
0
0
0
0
0
0
0
0
0
0
0
0
0
0
0
0
0
0
0
0
0
0
0
0
0
0
0
0
0
0
0
0
0
0
0
0
0
0
0
0
0
0
0
0
0
0
0
0
0
0
0
0
0
0
0
0
0
0
0
0
0
0
0
0
0
0
0
0
0
0
0
0
0
0
0
0
0
0
0
0
0
0
0
0
0
0
0
0
0
0
0
0
0
0
0
0
0
0
0
0
0
0
0
0
0
0
0
0
0
0
0
0
0
0
0
0
0
0
0
0
0
0
0
0
0
0
0
0
0
0
0
0
0
0
0
0
0
0
0
0
0
0
0
0
0
0
0
0
0
0
0
0
0
0
0
0
0
0
0
0
0
0
0
0
0
0
0
0
0
0
0
0
0
0
0
0
0
0
0
0
0
0
0
0
0
0
0
0
0
0
0
0
0
0
0
0
0
0
0
0
0
0
0
0
0
0
0
0
0
0
0
0
0
0
0
0
0
0
0
0
0
0
0
0
0
0
0
0
0
0
0
0
0
0
0
0
0
0
0
0
0
0
0
0
0
0
0
0
0
0
0
0
0
0
0
0
0
0
0
0
0
0
0
0
0
0
0
0
0
0
0
0
0
0
0
0
0
0
0
0
0
0
0
0
0
0
0
0
0
0
0
0
0
0
0
0
0
0
0
0
0
0
0
0
0
0
0
0
0
0
0
0
0
0
0
0
0
0
0
0
0
0
0
0
0
0
0
0
0
0
0
0
0
0
0
0
0
0
0
0
0
0
0
0
0
0
0
0
0
0
0
0
0
0
0
0
0
0
0
0
0
0
0
0
0
0
0
0
0
0
0
0
0
0
0
0
0
0
0
0
0
0
0
0
0
0
0
0
0
0
0
0
0
0
0
0
0
0
0
0
0
0
0
0
0
0
0
0
0
0
0
0
0
0
0
0
0
0
0
0
0
0
0
0
0
0
0
0
0
0
0
0
0
0
0
0
0
0
0
0
0
0
0
0
0
0
0
0
0
0
0
0
0
0
0
0
0
0
0
0
0
0
0
0
0
0
0
0
0
0
0
0
0
0
0
0
0
0
0
0
0
0
0
0
0
0
0
0
0
0
0
0
0
0
0
0
0
0
0
0
0
0
0
0
0
0
0
0
0
0
0
0
0
0
0
0
0
0
0
0
0
0
0
0
0
0
0
0
0
0
0
0
0
0
0
0
0
0
0
0
0
0
0
0
0
0
0
0
0
0
0
0
0
0
0
0
0
0
0
0
0
0
0
0
0
0
0
0
0
0
0
0
0
0
0
0
0
0
0
0
0
0
0
0
0
0
0
0
0
0
0
0
0
0
0
0
0
0
0
0
0
0
0
0
0
0
0
0
0
0
0
0
0
0
0
0
0
0
0
0
0
0
0
0
0
0
0
0
0
0
0
0
0
0
0
0
0
0
0
0
0
0
0
0
0
0
0
0
0
0
0
0
0
0
0
0
0
0
0
0
0
0
0
0
0
0
0
0
0
0
0
0
0
0
0
0
0
0
0
0
0
0
0
0
0
0
0
0
0
0
0
0
0
0
0
0
0
0
0
0
0
0
0
0
0
0
0
0
0
0
0
0
0
0
0
0
0
0
0
0
0
0
0
0
0
0
0
0
0
0
0
0
0
0
0
0
0
0
0
0
0
0
0
0
0
0
0
0
0
0
0
0
0
0
0
0
0
0
0
0
0
0
0
0
0
0
0
0
0
0
0
0
0
0
0
0
0
0
0
0
0
0
0
0
0
0
0
0
0
0
0
0
0
0
0
0
0
0
0
0
0
0
0
0
0
0
0
0
0
0
0
0
0
0
0
0
0
0
0
0
0
0
0
0
0
0
0
0
0
0
0
0
0
0
0
0
0
0
0
0
0
0
0
0
0
0
0
0
0
0
0
0
0
0
0
0
0
0
0
0
0
0
0
0
0
0
0
0
0
0
0
0
0
0
0
0
0
0
0
0
0
0
0
0
0
0
0
0
0
0
0
0
0
0
0
0
0
0
0
0
0
0
0
0
0
0
0
0
0
0
0
0
0
0
0
0
0
0
0
0
0
0
0
0
0
0
0
0
0
0
0
0
0
0
0
0
0
0
0
0
0
0
0
0
0
0
0
0
0
0
0
0
0
0
0
0
0
0
0
0
0
0
0
0
0
0
0
0
0
0
0
0
0
0
0
0
0
0
0
0
0
0
0
0
0
0
0
0
0
0
0
0
0
0
0
0
0
0
0
0
0
0
0
0
0
0
0
0
0
0
0
0
0
0
0
0
0
0
0
0
0
0
0
0
0
0
0
0
0
0
0
0
0
0
0
0
0
0
0
0
0
0
0
0
0
0
0
0
0
0
0
0
0
0
0
0
0
0
0
0
0
0
0
0
0
0
0
0
0
0
0
0
0
0
0
0
0
0
0
0
0
0
0
0
0
0
0
0
0
0
0
0
0
0
0
0
0
0
0
0
0
0
0
0
0
0
0
0
0
0
0
0
0
0
0
0
0
0
0
0
0
0
0
0
0
0
0
0
0
0
0
0
0
0
0
0
0
0
0
0
0
0
0
0
0
0
0
0
0
0
0
0
0
0
0
0
0
0
0
0
0
0
0
0
0
0
0
0
0
0
0
0
0
0
0
0
0
0
0
0
0
0
0
0
0
0
0
0
0
0
0
0
0
0
0
0
0
0
0
0
0
0
0
0
0
0
0
0
0
0
0
0
0
0
0
0
0
0
0
0
0
0
0
0
0
0
0
0
0
0
0
0
0
0
0
0
0
0
0
0
0
0
0
0
0
0
0
0
0
0
0
0
0
0
0
0
0
0
0
0
0
0
0
0
0
0
0
0
0
0
0
0
0
0
0
0
0
0
0
0
0
0
0
0
0
0
0
0
0
0
0
0
0
0
0
0
0
0
0
0
0
0
0
0
0
0
0
0
0
0
0
0
0
0
0
0
0
0
0
0
0
0
0
0
0
0
0
0
0
0
0
0
0
0
0
0
0
0
0
0
0
0
0
0
0
0
0
0
0
0
0
0
0
0
0
0
0
0
0
0
0
0
0
0
0
0
0
0
0
0
0
0
0
0
0
0
0
0
0
0
0
0
0
0
0
0
0
0
0
0
0
0
0
0
0
0
0
0
0
0
0
0
0
0
0
0
0
0
0
0
0
0
0
0
0
0
0
0
0
0
0
0
0
0
0
0
0
0
4.800000e-01
3.400000e-01
3.400000e-01
3.400000e-01
0
0
0
1.200000e-01
1.400000e-01
1.900000e-01
6.000000e-02
6.000000e-02
6.000000e-02
6.000000e-02
4.000000e-02
9.000000e-02
1.300000e-01
1.900000e-01
1.700000e-01
1.700000e-01
1.700000e-01
1.000000e-01
1.500000e-01
1.700000e-01
1.000000e-01
2.000000e-01
2.000000e-01
2.000000e-01
2.000000e-01
2.000000e-01
2.000000e-01
1.000000e-01
1.700000e-01
1.700000e-01
1.700000e-01
1.700000e-01
1.100000e-01
1.700000e-01
2.700000e-01
1.800000e-02
1.800000e-02
1.800000e-02
4.000000e-02
1.300000e-01
1.300000e-01
2.000000e-01
8.000000e-02
8.000000e-02
8.000000e-02
3.000000e-02
3.000000e-02
1.300000e-01
7.000000e-02
1.400000e-01
1.400000e-01
1.400000e-01
1.400000e-01
1.100000e-01
1.800000e-01
1.600000e-01
3.600000e-01
3.600000e-01
3.600000e-01
1.100000e-01
1.800000e-01
3.300000e-01
2.100000e-01
2.100000e-01
2.100000e-01
2.100000e-01
2.300000e-01
3.800000e-01
3.800000e-01
4.100000e-01
3.600000e-01
3.600000e-01
3.600000e-01
3.600000e-01
2.300000e-01
2.300000e-01
2.300000e-01
0
0
0
0
1.030000e+00
6.100000e-01
5.400000e-01
4.400000e-01
4.400000e-01
4.400000e-01
4.700000e-01
4.700000e-01
4.700000e-01
2.400000e-01
2.800000e-01
2.800000e-01
2.800000e-01
3.300000e-01
3.300000e-01
2.100000e-01
2.100000e-01
2.900000e-01
2.900000e-01
2.900000e-01
3.500000e-01
3.500000e-01
4.600000e-01
4.600000e-01
7.200000e-01
7.200000e-01
7.200000e-01
1.290000e+00
1.290000e+00
1.290000e+00
1.290000e+00
3.500000e-01
3.500000e-01
3.500000e-01
4.200000e-01
4.200000e-01
2.400000e-01
2.400000e-01
8.600000e-01
8.600000e-01
8.600000e-01
1.120000e+00
1.120000e+00
1.120000e+00
1.120000e+00
5.200000e-01
5.200000e-01
5.200000e-01
3.700000e-01
3.700000e-01
1.820000e+00
1.820000e+00
1.820000e+00
1.820000e+00
1.820000e+00
8.200000e-01
8.200000e-01
2.320000e+00
2.320000e+00
3.080000e+00
3.080000e+00
3.080000e+00
3.080000e+00
3.080000e+00
2.220000e+00
2.220000e+00
2.010000e+00
2.010000e+00
2.010000e+00
2.770000e+00
2.770000e+00
3.310000e+00
3.310000e+00
3.790000e+00
3.790000e+00
3.790000e+00
2.610000e+00
2.610000e+00
2.170000e+00
2.170000e+00
3.240000e+00
3.240000e+00
3.240000e+00
3.590000e+00
3.590000e+00
5.970000e+00
5.970000e+00
6.310000e+00
6.310000e+00
6.310000e+00
5.490000e+00
5.490000e+00
3.920000e+00
3.920000e+00
4.280000e+00
4.280000e+00
4.280000e+00
4.280000e+00
4.280000e+00
3.860000e+00
3.860000e+00
3.860000e+00
3.860000e+00
3.860000e+00
7.230000e+00
7.230000e+00
7.480000e+00
7.480000e+00
7.480000e+00
7.480000e+00
7.480000e+00
4.510000e+00
4.510000e+00
4.510000e+00
4.510000e+00
5.710000e+00
5.710000e+00
5.710000e+00
5.710000e+00
5.710000e+00
6.880000e+00
6.880000e+00
6.880000e+00
6.880000e+00
6.880000e+00
6.880000e+00
6.880000e+00
6.880000e+00
6.880000e+00
6.880000e+00
6.880000e+00
6.880000e+00
7.660000e+00
7.660000e+00
8.210000e+00
8.210000e+00
8.210000e+00
8.210000e+00
8.210000e+00
8.210000e+00
8.210000e+00
8.210000e+00
8.210000e+00
8.210000e+00
8.210000e+00
8.210000e+00
8.210000e+00
8.210000e+00
8.210000e+00
8.210000e+00
8.210000e+00
8.210000e+00
8.210000e+00
8.430000e+00
8.430000e+00
8.550000e+00
8.550000e+00
8.750000e+00
8.750000e+00
8.750000e+00
8.750000e+00
8.750000e+00
8.750000e+00
8.750000e+00
8
8
8
7.880000e+00
7.880000e+00
8.120000e+00
8.120000e+00
8.470000e+00
8.470000e+00
8.470000e+00
0
0
0
0
7.940000e+00
7.940000e+00
7.940000e+00
8.300000e+00
8.300000e+00
9.170000e+00
9.170000e+00
8.470000e+00
8.470000e+00
8.470000e+00
8.470000e+00
8.470000e+00
8.470000e+00
8.470000e+00
8.470000e+00
8.470000e+00
8.470000e+00
8.470000e+00
8.470000e+00
8.470000e+00
8.470000e+00
8.700000e+00
8.700000e+00
8.700000e+00
8.360000e+00
8.360000e+00
8.530000e+00
8.530000e+00
8.830000e+00
8.830000e+00
8.830000e+00
8.830000e+00
8.830000e+00
8.830000e+00
8.830000e+00
8.840000e+00
8.840000e+00
8.840000e+00
8.840000e+00
8.840000e+00
8.840000e+00
8.840000e+00
8.840000e+00
8.840000e+00
8.840000e+00
8.840000e+00
8.840000e+00
8.870000e+00
8.870000e+00
9.290000e+00
9.290000e+00
9.290000e+00
9.470000e+00
9.470000e+00
8.800000e+00
8.800000e+00
8.700000e+00
8.700000e+00
8.700000e+00
9.050000e+00
9.050000e+00
9.010000e+00
9.010000e+00
9.010000e+00
9.010000e+00
9.010000e+00
9.360000e+00
9.360000e+00
9.350000e+00
9.350000e+00
9.040000e+00
9.040000e+00
9.040000e+00
9.170000e+00
9.170000e+00
9.300000e+00
9.300000e+00
9.300000e+00
9.300000e+00
9.300000e+00
8.940000e+00
8.940000e+00
9.180000e+00
9.180000e+00
9
9
9
9
9
8.920000e+00
8.920000e+00
9.040000e+00
9.040000e+00
9.040000e+00
8.980000e+00
8.980000e+00
8.980000e+00
8.980000e+00
8.980000e+00
8.980000e+00
8.980000e+00
8.980000e+00
8.980000e+00
9.230000e+00
9.230000e+00
9.230000e+00
9.230000e+00
9.230000e+00
9.190000e+00
9.190000e+00
9.510000e+00
9.510000e+00
9.580000e+00
9.580000e+00
9.580000e+00
9.580000e+00
9.580000e+00
9.580000e+00
9.580000e+00
9.580000e+00
9.580000e+00
9.580000e+00
9.330000e+00
9.330000e+00
9.330000e+00
9.680000e+00
1.010000e+01
1.010000e+01
1.010000e+01
1.010000e+01
1.010000e+01
9.570000e+00
9.570000e+00
9.570000e+00
9.570000e+00
9.570000e+00
9.570000e+00
9.570000e+00
9.570000e+00
9.570000e+00
9.510000e+00
9.510000e+00
9.510000e+00
9.510000e+00
9.510000e+00
9.510000e+00
9.510000e+00
9.750000e+00
9.750000e+00
9.750000e+00
9.710000e+00
9.710000e+00
9.710000e+00
9.710000e+00
1.050000e+01
1.050000e+01
1.050000e+01
1.050000e+01
1.050000e+01
1.050000e+01
1.050000e+01
1.050000e+01
1.050000e+01
1.050000e+01
1.050000e+01
1.050000e+01
1.050000e+01
1.050000e+01
1.050000e+01
1.050000e+01
1.050000e+01
1.050000e+01
1.050000e+01
1.050000e+01
1.050000e+01
1.005000e+01
1.005000e+01
1.005000e+01
1.005000e+01
1.005000e+01
1.005000e+01
1.005000e+01
1.005000e+01
1.005000e+01
1.005000e+01
1.005000e+01
1.005000e+01
1.005000e+01
9.930000e+00
9.790000e+00
9.790000e+00
9.790000e+00
9.820000e+00
9.820000e+00
9.820000e+00
9.820000e+00
1.060000e+01
1.060000e+01
1.060000e+01
1.060000e+01
1.060000e+01
1.016000e+01
1.016000e+01
1.016000e+01
1.016000e+01
1.016000e+01
1.016000e+01
1.016000e+01
1.061000e+01
1.061000e+01
1.042000e+01
1.042000e+01
1.042000e+01
1.042000e+01
1.042000e+01
1.017000e+01
1.017000e+01
1.051000e+01
1.051000e+01
1.051000e+01
1.042000e+01
1.042000e+01
1.038000e+01
1.038000e+01
1.052000e+01
1.052000e+01
1.052000e+01
9.560000e+00
9.560000e+00
9.560000e+00
9.560000e+00
9.560000e+00
9.560000e+00
9.560000e+00
9.810000e+00
9.810000e+00
1.031000e+01
1.031000e+01
1.031000e+01
1.031000e+01
1.031000e+01
1.031000e+01
1.031000e+01
1.046000e+01
1.046000e+01
1.053000e+01
1.053000e+01
1.053000e+01
1.058000e+01
1.058000e+01
1.111000e+01
1.111000e+01
1.111000e+01
1.111000e+01
1.111000e+01
1.111000e+01
1.111000e+01
1.110000e+01
1.110000e+01
1.110000e+01
1.110000e+01
1.110000e+01
1.107000e+01
1.107000e+01
1.117000e+01
1.117000e+01
1.124000e+01
1.124000e+01
1.124000e+01
1.124000e+01
1.124000e+01
1.134000e+01
1.134000e+01
11
11
11
11
11
1.169000e+01
1.169000e+01
1.173000e+01
1.173000e+01
1.173000e+01
1.218000e+01
1.218000e+01
1.215000e+01
1.215000e+01
1.215000e+01
1.215000e+01
1.215000e+01
1.215000e+01
1.215000e+01
1.253000e+01
1.253000e+01
1.299000e+01
1.299000e+01
1.299000e+01
1.299000e+01
1.299000e+01
1.363000e+01
1.363000e+01
1.363000e+01
1.363000e+01
1.363000e+01
1.363000e+01
1.363000e+01
1.363000e+01
1.363000e+01
1.363000e+01
1.363000e+01
1.363000e+01
1.363000e+01
1.363000e+01
1.363000e+01
1.363000e+01
1.363000e+01
1.363000e+01
1.363000e+01
1.363000e+01
1.363000e+01
1.150000e+01
1.150000e+01
1.150000e+01
1.150000e+01
1.150000e+01
1.150000e+01
1.150000e+01
1.150000e+01
1.150000e+01
1.150000e+01
1.150000e+01
1.150000e+01
1.150000e+01
1.165000e+01
1.165000e+01
1.165000e+01
1.165000e+01
1.165000e+01
1.165000e+01
1.165000e+01
1.165000e+01
1.214000e+01
1.214000e+01
1.214000e+01
1.214000e+01
1.214000e+01
1.171000e+01
1.171000e+01
1.221000e+01
1.221000e+01
1.202000e+01
1.202000e+01
1.202000e+01
1.202000e+01
1.202000e+01
1.127000e+01
1.127000e+01
1.130000e+01
1.130000e+01
1.130000e+01
1.195000e+01
1.195000e+01
1.184000e+01
1.184000e+01
1.189000e+01
1.189000e+01
1.189000e+01
1.189000e+01
1.189000e+01
1.181000e+01
1.181000e+01
1.175000e+01
1.175000e+01
1.175000e+01
1.215000e+01
1.215000e+01
1.237000e+01
1.237000e+01
1.237000e+01
1.237000e+01
1.237000e+01
1.143000e+01
1.143000e+01
1.160000e+01
1.160000e+01
1.194000e+01
1.194000e+01
1.194000e+01
1.209000e+01
1.209000e+01
1.217000e+01
1.217000e+01
1.218000e+01
1.218000e+01
1.218000e+01
1.218000e+01
1.218000e+01
1.202000e+01
1.202000e+01
1.202000e+01
1.202000e+01
1.202000e+01
1.203000e+01
1.203000e+01
1.184000e+01
1.184000e+01
1.184000e+01
1.184000e+01
1.184000e+01
1.184000e+01
1.184000e+01
1.206000e+01
1.206000e+01
9.050000e+00
9.050000e+00
9.050000e+00
9.160000e+00
9.160000e+00
8.990000e+00
8.990000e+00
9.030000e+00
9.030000e+00
9.030000e+00
9.030000e+00
9.030000e+00
9.790000e+00
9.790000e+00
1.018000e+01
1.018000e+01
1.018000e+01
1.075000e+01
1.075000e+01
1.088000e+01
1.088000e+01
1.099000e+01
1.099000e+01
1.099000e+01
1.099000e+01
1.099000e+01
1.174000e+01
1.174000e+01
1.206000e+01
1.206000e+01
1.206000e+01
1.206000e+01
1.206000e+01
1.251000e+01
1.251000e+01
1.232000e+01
1.232000e+01
1.232000e+01
1.232000e+01
1.232000e+01
1.238000e+01
1.238000e+01
1.238000e+01
1.238000e+01
1.238000e+01
1.238000e+01
1.238000e+01
1.312000e+01
1.312000e+01
1.246000e+01
1.246000e+01
1.246000e+01
1.255000e+01
1.255000e+01
9.879000e+01
9.879000e+01
1.247000e+01
1.247000e+01
1.247000e+01
1.266000e+01
1.266000e+01
1.266000e+01
1.266000e+01
1.266000e+01
1.266000e+01
1.266000e+01
1.256000e+01
1.256000e+01
1.258000e+01
1.258000e+01
1.263000e+01
1.263000e+01
1.263000e+01
1.256000e+01
1.256000e+01
1.261000e+01
1.261000e+01
1.261000e+01
1.261000e+01
1.261000e+01
1.261000e+01
1.261000e+01
1.279000e+01
1.279000e+01
1.286000e+01
1.286000e+01
1.286000e+01
1.286000e+01
1.286000e+01
1.297000e+01
1.297000e+01
1.297000e+01
1.297000e+01
1.297000e+01
1.260000e+01
1.260000e+01
1.249000e+01
1.249000e+01
1.249000e+01
1.249000e+01
1.249000e+01
1.269000e+01
1.269000e+01
1.256000e+01
1.256000e+01
1.256000e+01
1.256000e+01
1.256000e+01
1.258000e+01
1.258000e+01
1.269000e+01
1.269000e+01
1.269000e+01
1.269000e+01
1.269000e+01
1.262000e+01
1.262000e+01
1.272000e+01
1.272000e+01
1.218000e+01
1.218000e+01
1.218000e+01
1.286000e+01
1.286000e+01
1.286000e+01
1.286000e+01
1.274000e+01
1.274000e+01
1.274000e+01
1.259000e+01
1.259000e+01
1.271000e+01
1.271000e+01
1.258000e+01
1.258000e+01
1.258000e+01
1.264000e+01
1.264000e+01
1.271000e+01
1.271000e+01
1.271000e+01
1.271000e+01
1.271000e+01
1.275000e+01
1.275000e+01
1.278000e+01
1.278000e+01
1.245000e+01
1.245000e+01
1.245000e+01
1.245000e+01
1.272000e+01
1.274000e+01
1.274000e+01
1.274000e+01
1.274000e+01
1.274000e+01
1.270000e+01
1.270000e+01
1.253000e+01
1.253000e+01
1.236000e+01
1.236000e+01
1.236000e+01
1.306000e+01
1.306000e+01
5.600000e+00
5.600000e+00
5.600000e+00
5.600000e+00
5.600000e+00
9.100000e+00
9.100000e+00
9.120000e+00
9.120000e+00
8.600000e+00
8.600000e+00
8.600000e+00
8.670000e+00
8.670000e+00
8.360000e+00
8.360000e+00
8.360000e+00
8.360000e+00
8.360000e+00
2.926000e+01
2.926000e+01
9
9
9
9
9
9.290000e+00
9.290000e+00
8.860000e+00
8.860000e+00
8.690000e+00
8.690000e+00
8.690000e+00
8.940000e+00
8.940000e+00
9.410000e+00
9.410000e+00
9.130000e+00
9.130000e+00
9.130000e+00
9.310000e+00
9.310000e+00
9.280000e+00
9.280000e+00
9.280000e+00
9.280000e+00
9.280000e+00
9.500000e+00
9.500000e+00
9.700000e+00
9.700000e+00
1.009000e+01
1.009000e+01
1.009000e+01
9.950000e+00
9.950000e+00
9.950000e+00
9.950000e+00
1.011000e+01
1.011000e+01
1.011000e+01
1.010000e+01
1.010000e+01
1.007000e+01
1.007000e+01
1.007000e+01
1.007000e+01
1.007000e+01
9.780000e+00
9.780000e+00
9.780000e+00
9.780000e+00
9.900000e+00
9.900000e+00
9.900000e+00
9.800000e+00
9.800000e+00
9.800000e+00
9.800000e+00
9.510000e+00
9.510000e+00
9.510000e+00
9.970000e+00
9.970000e+00
9.970000e+00
9.970000e+00
9.970000e+00
9.970000e+00
9.970000e+00
1.008000e+01
1.008000e+01
1.015000e+01
1.015000e+01
1.025000e+01
1.025000e+01
1.025000e+01
1.021000e+01
1.021000e+01
1.046000e+01
1.046000e+01
1.046000e+01
1.046000e+01
1.046000e+01
1.061000e+01
1.061000e+01
1.130000e+01
1.130000e+01
1.165000e+01
1.165000e+01
1.165000e+01
1.165000e+01
1.165000e+01
1.165000e+01
1.165000e+01
1.165000e+01
1.165000e+01
1.165000e+01
1.101000e+01
1.101000e+01
1.089000e+01
1.089000e+01
1.089000e+01
1.089000e+01
1.089000e+01
1.089000e+01
1.156000e+01
1.035000e+01
1.035000e+01
1.035000e+01
1.035000e+01
1.035000e+01
1.117000e+01
1.117000e+01
1.168000e+01
1.168000e+01
1.174000e+01
1.174000e+01
1.174000e+01
1.168000e+01
1.168000e+01
1.179000e+01
1.179000e+01
1.179000e+01
1.179000e+01
1.179000e+01
1.153000e+01
1.153000e+01
1.159000e+01
1.159000e+01
1.159000e+01
1.159000e+01
1.159000e+01
1.207000e+01
1.207000e+01
1.207000e+01
1.207000e+01
1.144000e+01
1.144000e+01
1.144000e+01
1.164000e+01
1.164000e+01
1.192000e+01
1.192000e+01
1.216900e+01
1.216900e+01
1.216900e+01
1.216900e+01
1.216900e+01
1.183000e+01
1.183000e+01
1.152000e+01
1.152000e+01
1.152000e+01
1.192000e+01
1.192000e+01
1.187000e+01
1.187000e+01
1.171000e+01
1.171000e+01
1.171000e+01
1.171000e+01
1.171000e+01
1.197000e+01
1.197000e+01
1.197000e+01
1.197000e+01
1.197000e+01
1.185000e+01
1.185000e+01
1.188000e+01
1.188000e+01
1.193000e+01
1.193000e+01
1.193000e+01
1.192000e+01
1.192000e+01
1.217000e+01
1.217000e+01
1.217000e+01
1.217000e+01
1.217000e+01
1.217000e+01
1.217000e+01
1.217000e+01
1.217000e+01
1.182000e+01
1.182000e+01
1.182000e+01
1.185000e+01
1.185000e+01
1.185000e+01
1.185000e+01
1.192000e+01
1.192000e+01
1.192000e+01
1.225000e+01
1.225000e+01
1.234000e+01
1.234000e+01
1.208000e+01
1.208000e+01
1.208000e+01
1.222000e+01
1.222000e+01
1.173000e+01
1.173000e+01
1.170000e+01
1.170000e+01
1.170000e+01
1.141000e+01
1.141000e+01
1.125000e+01
1.125000e+01
1.125000e+01
1.125000e+01
1.125000e+01
1.144000e+01
1.144000e+01
1.125000e+01
1.125000e+01
1.112000e+01
1.112000e+01
1.112000e+01
1.117000e+01
1.117000e+01
1.118000e+01
1.118000e+01
1.136000e+01
1.136000e+01
1.136000e+01
1.126000e+01
1.126000e+01
1.126000e+01
1.126000e+01
1.133000e+01
1.133000e+01
1.133000e+01
1.135000e+01
1.135000e+01
1.133000e+01
1.133000e+01
1.134000e+01
1.134000e+01
1.134000e+01
1.139000e+01
1.139000e+01
1.135000e+01
1.135000e+01
1.115000e+01
1.115000e+01
1.115000e+01
1.134000e+01
1.134000e+01
1.139000e+01
1.139000e+01
1.139000e+01
1.139000e+01
1.139000e+01
1.178000e+01
1.178000e+01
1.178000e+01
1.178000e+01
1.195000e+01
1.195000e+01
1.195000e+01
1.195000e+01
1.195000e+01
1.205000e+01
1.205000e+01
1.181000e+01
1.181000e+01
1.181000e+01
1.169000e+01
1.169000e+01
1.169000e+01
1.169000e+01
1.169000e+01
1.169000e+01
1.169000e+01
1.228000e+01
1.228000e+01
1.230000e+01
1.230000e+01
1.212000e+01
1.212000e+01
1.212000e+01
1.227000e+01
1.227000e+01
1.286000e+01
1.286000e+01
1.226000e+01
1.226000e+01
1.226000e+01
1.298000e+01
1.298000e+01
1.226000e+01
1.226000e+01
1.220000e+01
1.220000e+01
1.220000e+01
1.220000e+01
1.220000e+01
1.243000e+01
1.243000e+01
1.237000e+01
1.237000e+01
1.237000e+01
1.233000e+01
1.233000e+01
1.229000e+01
1.229000e+01
1.229000e+01
1.229000e+01
1.229000e+01
1.229000e+01
1.229000e+01
1.251000e+01
1.251000e+01
1.272000e+01
1.272000e+01
1.272000e+01
1.253000e+01
1.253000e+01
1.261000e+01
1.261000e+01
1.284000e+01
1.284000e+01
1.284000e+01
1.239000e+01
1.239000e+01
1.239000e+01
1.239000e+01
1.239000e+01
1.239000e+01
1.239000e+01
1.271000e+01
1.271000e+01
1.260000e+01
1.260000e+01
1.283000e+01
1.283000e+01
1.283000e+01
1.274000e+01
1.274000e+01
1.274000e+01
1.274000e+01
1.294000e+01
1.294000e+01
1.294000e+01
1.294000e+01
1.294000e+01
1.344000e+01
1.344000e+01
1.312000e+01
1.312000e+01
1.312000e+01
1.312000e+01
1.312000e+01
1.308000e+01
1.308000e+01
1.308000e+01
1.308000e+01
1.308000e+01
1.347000e+01
1.347000e+01
1.324000e+01
1.324000e+01
1.324000e+01
1.324000e+01
1.324000e+01
1.265000e+01
1.265000e+01
1.265000e+01
1.265000e+01
1.265000e+01
1.265000e+01
1.265000e+01
13
13
13
13
13
13
13
13
13
1.276000e+01
1.276000e+01
13
13
13
13
13
13
13
1.354000e+01
1.354000e+01
1.354000e+01
1.282000e+01
1.282000e+01
1.282000e+01
1.282000e+01
1.360000e+01
1.360000e+01
1.360000e+01
13
13
13
13
13
13
13
13
13
13
13
13
13
13
14
14
13
13
13
13
13
13
13
13
13
13
13
13
1.427000e+01
1.427000e+01
14
14
14
14
14
13
13
13
13
13
13
13
13
13
14
14
1.433000e+01
1.433000e+01
1.433000e+01
14
14
1.430000e+01
1.430000e+01
14
14
14
14
14
14
14
1.442000e+01
1.442000e+01
1.442000e+01
1.442000e+01
1.442000e+01
1.403000e+01
1.403000e+01
13
13
13
13
13
13
13
13
13
13
1.372000e+01
1.372000e+01
1.379000e+01
1.379000e+01
1.379000e+01
1.379000e+01
1.379000e+01
1.370000e+01
1.370000e+01
15
15
13
13
13
13
13
13
13
13
13
13
13
13
13
13
13
