0
0
0
0
0
0
0
0
0
0
0
0
0
0
0
0
0
0
0
0
0
0
0
0
0
0
0
0
0
0
0
0
0
0
0
0
0
0
0
0
0
0
0
0
0
0
0
0
0
0
0
0
0
0
0
0
0
0
0
0
0
0
0
0
0
0
0
0
0
0
0
0
0
0
0
0
0
0
0
0
0
0
0
0
0
0
0
0
0
0
0
0
0
0
0
0
0
0
0
0
0
0
0
0
0
0
0
0
0
0
0
0
0
0
0
0
0
0
0
0
0
0
0
0
0
0
0
0
0
0
0
0
0
0
0
0
0
0
0
0
0
0
0
0
0
0
0
0
0
0
0
0
0
0
0
0
0
0
0
0
0
0
0
0
0
0
0
0
0
0
0
0
0
0
0
0
0
0
0
0
0
0
0
0
0
0
0
0
0
0
0
0
0
0
0
0
0
0
0
0
0
0
0
0
0
0
0
0
0
0
0
0
0
0
0
0
0
0
0
0
0
0
0
0
0
0
0
0
0
0
0
0
0
0
0
0
0
0
0
0
0
0
0
0
0
0
0
0
0
0
0
0
0
0
0
0
0
0
0
0
0
0
0
0
0
0
0
0
0
0
0
0
0
0
0
0
0
0
0
0
0
0
0
0
0
0
0
0
0
0
0
0
0
0
0
0
0
0
0
0
0
0
0
0
0
0
0
0
0
0
0
0
0
0
0
0
0
0
0
0
0
0
0
0
0
0
0
0
0
0
0
0
0
0
0
0
0
0
0
0
0
0
0
0
0
0
0
0
0
0
0
0
0
0
0
0
0
0
0
0
0
0
0
0
0
0
0
0
0
0
0
0
0
0
0
0
0
0
0
0
0
0
0
0
0
0
0
0
0
0
0
0
0
0
0
0
0
0
0
0
0
0
0
0
0
0
0
0
0
0
0
0
0
0
0
0
0
0
0
0
0
0
0
0
0
0
0
0
0
0
0
0
0
0
0
0
0
0
0
0
0
0
0
0
0
0
0
0
0
0
0
0
0
0
0
0
0
0
0
0
0
0
0
0
0
0
0
0
0
0
0
0
0
0
0
0
0
0
0
0
0
0
0
0
0
0
0
0
0
0
0
0
0
0
0
0
0
0
0
0
0
0
0
0
0
0
0
0
0
0
0
0
0
0
0
0
0
0
0
0
0
0
0
0
0
0
0
0
0
0
0
0
0
0
0
0
0
0
0
0
0
0
0
0
0
0
0
0
0
0
0
0
0
0
0
0
0
0
0
0
0
0
0
0
0
0
0
0
0
0
0
0
0
0
0
0
0
0
0
0
0
0
0
0
0
0
0
0
0
0
0
0
0
0
0
0
0
0
0
0
0
0
0
0
0
0
0
0
0
0
0
0
0
0
0
0
0
0
0
0
0
0
0
0
0
0
0
0
0
0
0
0
0
0
0
0
0
0
0
0
0
0
0
0
0
0
0
0
0
0
0
0
0
0
0
0
0
0
0
0
0
0
0
0
0
0
0
0
0
0
0
0
0
0
0
0
0
0
0
0
0
0
0
0
0
0
0
0
0
0
0
0
0
0
0
0
0
0
0
0
0
0
0
0
0
0
0
0
0
0
0
0
0
0
0
0
0
0
0
0
0
0
0
0
0
0
0
0
0
0
0
0
0
0
0
0
0
0
0
0
0
0
0
0
0
0
0
0
0
0
0
0
0
0
0
0
0
0
0
0
0
0
0
0
0
0
0
0
0
0
0
0
0
0
0
0
0
0
0
0
0
0
0
0
0
0
0
0
0
0
0
0
0
0
0
0
0
0
0
0
0
0
0
0
0
0
0
0
0
0
0
0
0
0
0
0
0
0
0
0
0
0
0
0
0
0
0
0
0
0
0
0
0
0
0
0
0
0
0
0
0
0
0
0
0
0
0
0
0
0
0
0
0
0
0
0
0
0
0
0
0
0
0
0
0
0
0
0
0
0
0
0
0
0
0
0
0
0
0
0
0
0
0
0
0
0
0
0
0
0
0
0
0
0
0
0
0
0
0
0
0
0
0
0
0
0
0
0
0
0
0
0
0
0
0
0
0
0
0
0
0
0
0
0
0
0
0
0
0
0
0
0
0
0
0
0
0
0
0
0
0
0
0
0
0
0
0
0
0
0
0
0
0
0
0
0
0
0
0
0
0
0
0
0
0
0
0
0
0
0
0
0
0
0
0
0
0
0
0
0
0
0
0
0
0
0
0
0
0
0
0
0
0
0
0
0
0
0
0
0
0
0
0
0
0
0
0
0
0
0
0
0
0
0
0
0
0
0
0
0
0
0
0
0
0
0
0
0
0
0
0
0
0
0
0
0
0
0
0
0
0
0
0
0
0
0
0
0
0
0
0
0
0
0
0
0
0
0
0
0
0
0
0
0
0
0
0
0
0
0
0
0
0
0
0
0
0
0
0
0
0
0
0
0
0
0
0
0
0
0
0
0
0
0
0
0
0
0
0
0
0
0
0
0
0
0
0
0
0
0
0
0
0
0
0
0
0
0
0
0
0
0
0
0
0
0
0
0
0
0
0
0
0
0
0
0
0
0
0
0
0
0
0
0
0
0
0
0
0
0
0
0
0
0
0
0
0
0
0
0
0
0
0
0
0
0
0
0
0
0
0
0
0
0
0
0
0
0
0
0
0
0
0
0
0
0
0
0
0
0
0
0
0
0
0
0
0
0
0
0
0
0
0
0
0
0
0
0
0
0
0
0
0
0
0
0
0
0
0
0
0
0
0
0
0
0
0
0
0
0
0
0
0
0
0
0
0
0
0
0
0
0
0
0
0
0
0
0
0
0
0
0
0
0
0
0
0
0
0
0
0
0
0
0
0
0
0
0
0
0
0
0
0
0
0
0
0
0
0
0
0
0
0
0
0
0
0
0
0
0
0
0
0
0
0
0
0
0
0
0
0
0
0
0
0
0
0
0
0
0
0
0
0
0
0
0
0
0
0
0
0
0
0
0
0
0
0
0
0
0
0
0
0
0
0
0
0
0
0
0
0
0
0
0
0
0
0
0
0
0
0
0
0
0
0
0
0
0
0
0
0
0
0
0
0
0
0
0
0
0
0
0
0
0
0
0
0
0
0
0
0
0
0
0
0
0
0
0
0
0
0
0
0
0
0
0
0
0
0
0
0
0
0
0
0
0
0
0
0
0
0
0
0
0
0
0
0
0
0
0
0
0
0
0
0
0
0
0
0
0
0
0
0
0
0
0
0
0
0
0
0
0
0
0
0
0
0
0
0
0
0
0
0
0
0
0
0
0
0
0
0
0
0
0
0
0
0
0
0
0
0
0
0
0
0
0
0
0
0
0
0
0
0
0
0
0
0
0
0
0
0
0
0
0
0
0
0
0
0
0
0
0
0
0
0
0
0
0
0
0
0
0
0
0
0
0
0
0
0
0
0
0
0
0
0
0
0
0
0
0
0
0
0
0
0
1.420000e+00
1.051000e+01
4.296000e+01
7.028000e+01
7.028000e+01
7.028000e+01
8.649000e+01
8.649000e+01
8.649000e+01
8.649000e+01
8.649000e+01
8.649000e+01
8.649000e+01
1.450100e+02
1.450100e+02
1.450100e+02
1.668600e+02
1.668600e+02
1.668600e+02
1.668600e+02
1.829000e+02
1.829000e+02
1.829000e+02
1.829000e+02
1.829000e+02
1.829000e+02
1.829000e+02
0
0
0
0
0
0
0
0
0
0
0
0
0
0
2.321300e+02
2.321300e+02
2.208800e+02
2.208800e+02
2.180100e+02
2.180100e+02
2.180100e+02
2.227400e+02
2.227400e+02
2.227400e+02
2.227400e+02
2.227400e+02
2.227400e+02
2.227400e+02
2.771500e+02
2.771500e+02
2.184900e+02
2.184900e+02
2.184900e+02
2.184900e+02
2.184900e+02
2.577900e+02
2.577900e+02
2.357600e+02
2.357600e+02
2.447500e+02
2.447500e+02
2.447500e+02
2.447500e+02
2.447500e+02
2.448700e+02
2.448700e+02
2.729300e+02
2.729300e+02
2.729300e+02
2.589300e+02
2.589300e+02
2.476700e+02
2.476700e+02
2.518800e+02
2.518800e+02
2.518800e+02
2.534900e+02
2.534900e+02
2.515600e+02
2.515600e+02
2.522000e+02
2.522000e+02
2.522000e+02
2.527300e+02
2.527300e+02
2.537400e+02
2.537400e+02
2.593500e+02
2.593500e+02
2.593500e+02
2.607000e+02
2.607000e+02
2.600400e+02
2.600400e+02
2.600400e+02
2.600400e+02
2.600400e+02
2.669600e+02
2.669600e+02
2.653900e+02
2.653900e+02
2.653900e+02
2.653900e+02
2.653900e+02
2.653900e+02
2.653900e+02
2.816200e+02
2.816200e+02
2.974500e+02
2.974500e+02
2.974500e+02
3.117300e+02
3.117300e+02
314
314
3.244900e+02
3.244900e+02
3.244900e+02
3.244900e+02
3.244900e+02
3.244900e+02
3.244900e+02
3.244900e+02
3.244900e+02
3.244900e+02
3.244900e+02
3.244900e+02
4.231200e+02
4.231200e+02
4.231200e+02
4.231200e+02
4.231200e+02
4.050400e+02
4.050400e+02
3.671100e+02
3.671100e+02
8.125600e+02
8.125600e+02
8.125600e+02
3.632600e+02
3.632600e+02
3.663200e+02
3.663200e+02
3.961200e+02
3.961200e+02
3.961200e+02
4.338700e+02
4.338700e+02
3.841400e+02
3.841400e+02
3.645900e+02
3.645900e+02
3.645900e+02
2.870000e+01
2.870000e+01
3.905100e+02
3.905100e+02
3.905100e+02
3.905100e+02
3.905100e+02
3.905100e+02
3.905100e+02
3.804200e+02
3.804200e+02
3.804200e+02
3.804200e+02
3.804200e+02
3.693300e+02
3.693300e+02
3.665000e+02
3.665000e+02
3.661200e+02
3.661200e+02
3.661200e+02
3.596200e+02
3.596200e+02
3.596200e+02
3.596200e+02
3.611500e+02
3.611500e+02
3.611500e+02
3.776500e+02
3.776500e+02
3.790800e+02
3.790800e+02
3.796000e+02
3.796000e+02
3.796000e+02
3.790200e+02
3.790200e+02
3.790200e+02
3.790200e+02
3.790200e+02
3.790200e+02
3.790200e+02
3.790200e+02
3.790200e+02
3.790200e+02
3.790200e+02
3.790200e+02
3.790200e+02
3.790200e+02
3.790200e+02
3.790200e+02
3.790200e+02
3.790200e+02
3.433000e+02
3.433000e+02
3.433000e+02
3.433000e+02
3.433000e+02
3.433000e+02
3.433000e+02
3.433000e+02
3.433000e+02
3.433000e+02
3.433000e+02
3.433000e+02
3.433000e+02
3.433000e+02
2.910400e+02
2.910400e+02
2.910400e+02
4.288200e+02
4.288200e+02
3.390100e+02
3.390100e+02
1.447300e+02
1.447300e+02
1.447300e+02
1.144200e+02
1.144200e+02
1.089000e+02
1.089000e+02
5.032000e+01
5.032000e+01
5.032000e+01
8.399000e+01
8.399000e+01
8.399000e+01
8.399000e+01
1.222500e+02
1.222500e+02
1.222500e+02
1.154200e+02
1.154200e+02
1.126000e+02
1.126000e+02
1.126000e+02
1.126000e+02
1.126000e+02
5.545000e+01
5.545000e+01
4.933000e+01
4.933000e+01
4.933000e+01
4.933000e+01
4.933000e+01
49
49
9.462000e+01
9.462000e+01
1.070400e+02
1.070400e+02
1.070400e+02
9.942000e+01
9.942000e+01
9.942000e+01
9.942000e+01
9.942000e+01
9.942000e+01
9.942000e+01
9.028000e+01
9.028000e+01
9.028000e+01
9.028000e+01
9.028000e+01
9.028000e+01
9.028000e+01
87
87
8.465000e+01
8.465000e+01
8.465000e+01
8.465000e+01
8.465000e+01
8.465000e+01
8.465000e+01
8.176000e+01
8.176000e+01
8.176000e+01
8.176000e+01
8.176000e+01
7.998000e+01
7.998000e+01
7.998000e+01
7.998000e+01
7.998000e+01
7.998000e+01
7.998000e+01
7.818000e+01
7.818000e+01
7.818000e+01
7.818000e+01
7.818000e+01
7.818000e+01
7.818000e+01
7.818000e+01
7.625000e+01
7.552000e+01
7.552000e+01
7.555000e+01
7.555000e+01
7.555000e+01
7.366000e+01
7.366000e+01
7.366000e+01
7.366000e+01
7.366000e+01
7.366000e+01
7.366000e+01
7.366000e+01
6.993000e+01
6.993000e+01
6.993000e+01
0
0
0
0
0
0
0
0
0
0
0
0
0
0
0
0
0
0
0
0
0
0
0
0
0
0
0
0
0
0
0
0
0
0
0
0
0
0
0
0
0
0
0
0
0
5.180000e+01
5.180000e+01
5.180000e+01
5.180000e+01
5.180000e+01
5.180000e+01
5.180000e+01
5.180000e+01
5.180000e+01
5.262000e+01
5.262000e+01
5.262000e+01
5.262000e+01
5.262000e+01
1.189300e+02
1.189300e+02
1.189300e+02
1.189300e+02
1.189300e+02
1.189300e+02
1.189300e+02
1.189300e+02
1.189300e+02
1.189300e+02
1.189300e+02
1.189300e+02
1.189300e+02
1.189300e+02
1.189300e+02
5.493000e+01
5.595000e+01
5.595000e+01
5.595000e+01
5.595000e+01
5.595000e+01
5.392000e+01
5.392000e+01
5.392000e+01
5.392000e+01
5.392000e+01
5.392000e+01
5.392000e+01
5.564000e+01
5.564000e+01
5.564000e+01
5.564000e+01
5.761000e+01
5.761000e+01
5.761000e+01
5.761000e+01
5.761000e+01
5.490000e+01
5.490000e+01
5.581000e+01
5.581000e+01
5.581000e+01
5.506000e+01
5.506000e+01
5.744000e+01
5.744000e+01
5.603000e+01
5.603000e+01
5.603000e+01
1.989000e+01
1.989000e+01
5.829000e+01
5.829000e+01
5.790000e+01
5.790000e+01
5.790000e+01
5.632000e+01
5.632000e+01
5.632000e+01
5.632000e+01
5.632000e+01
5.632000e+01
5.632000e+01
5.868000e+01
5.868000e+01
5.632000e+01
5.848000e+01
59
59
59
59
59
59
59
5.992000e+01
5.992000e+01
5.992000e+01
6.023000e+01
6.023000e+01
5.963000e+01
5.963000e+01
5.963000e+01
5.963000e+01
5.963000e+01
5.963000e+01
5.963000e+01
5.963000e+01
5.963000e+01
5.963000e+01
5.963000e+01
5.963000e+01
5.963000e+01
5.963000e+01
6.214000e+01
6.214000e+01
6.214000e+01
6.214000e+01
6.214000e+01
6.214000e+01
6.214000e+01
6.214000e+01
6.214000e+01
6.214000e+01
6.214000e+01
6.214000e+01
6.214000e+01
6.214000e+01
6.214000e+01
6.214000e+01
6.214000e+01
6.214000e+01
6.214000e+01
6.214000e+01
6.214000e+01
6.214000e+01
6.214000e+01
6.214000e+01
6.214000e+01
6.214000e+01
6.214000e+01
6.214000e+01
6.214000e+01
6.214000e+01
6.214000e+01
6.214000e+01
6.214000e+01
6.214000e+01
6.487000e+01
6.487000e+01
6.487000e+01
6.487000e+01
6.487000e+01
6.487000e+01
6.460000e+01
6.460000e+01
6.475000e+01
6.475000e+01
6.475000e+01
6.475000e+01
6.475000e+01
65
65
65
65
65
65
65
6.394000e+01
6.394000e+01
6.512000e+01
6.512000e+01
6.438000e+01
6.438000e+01
6.438000e+01
6.531000e+01
6.531000e+01
6.531000e+01
6.531000e+01
6.531000e+01
6.531000e+01
6.531000e+01
6.531000e+01
6.582000e+01
6.582000e+01
6.590000e+01
6.590000e+01
6.411000e+01
6.411000e+01
6.351000e+01
6.351000e+01
6.351000e+01
6.351000e+01
6.351000e+01
6.351000e+01
6.351000e+01
6.395000e+01
6.395000e+01
6.295000e+01
6.295000e+01
6.322000e+01
6.322000e+01
6.322000e+01
6.375000e+01
6.375000e+01
6.375000e+01
6.375000e+01
6.375000e+01
6.375000e+01
6.375000e+01
6.375000e+01
6.375000e+01
6.375000e+01
6.375000e+01
6.375000e+01
6.375000e+01
6.375000e+01
6.413000e+01
6.413000e+01
6.449000e+01
6.449000e+01
6.449000e+01
6.449000e+01
6.449000e+01
6.444000e+01
6.444000e+01
6.570000e+01
6.570000e+01
6.465000e+01
6.465000e+01
6.465000e+01
6.453000e+01
6.453000e+01
6.453000e+01
6.453000e+01
6.453000e+01
6.453000e+01
6.453000e+01
6.562000e+01
6.562000e+01
6.573000e+01
6.573000e+01
6.589000e+01
6.589000e+01
6.589000e+01
6.630000e+01
6.630000e+01
6.630000e+01
6.630000e+01
6.630000e+01
6.630000e+01
6.630000e+01
6.626000e+01
6.626000e+01
6.720000e+01
6.720000e+01
6.680000e+01
6.680000e+01
6.680000e+01
6.680000e+01
6.680000e+01
6.680000e+01
6.680000e+01
6.680000e+01
6.680000e+01
6.680000e+01
6.680000e+01
6.680000e+01
6.705000e+01
6.705000e+01
6.767000e+01
6.767000e+01
6.767000e+01
6.655000e+01
6.655000e+01
6.787000e+01
6.787000e+01
6.787000e+01
6.787000e+01
6.787000e+01
6.753000e+01
6.753000e+01
69
69
6.770000e+01
6.770000e+01
6.770000e+01
6.681000e+01
6.681000e+01
6.681000e+01
6.681000e+01
6.818000e+01
6.818000e+01
6.818000e+01
6.725000e+01
6.725000e+01
6.725000e+01
6.725000e+01
6.806000e+01
6.806000e+01
6.806000e+01
6.757000e+01
6.757000e+01
6.757000e+01
6.757000e+01
6.757000e+01
6.757000e+01
6.757000e+01
6.845000e+01
6.845000e+01
6.820000e+01
6.820000e+01
6.876000e+01
6.876000e+01
6.876000e+01
2.759000e+01
2.759000e+01
7.206000e+01
7.206000e+01
7.143000e+01
7.143000e+01
7.143000e+01
6.999000e+01
6.999000e+01
6.999000e+01
6.999000e+01
6.850000e+01
6.850000e+01
6.850000e+01
6.909000e+01
6.909000e+01
6.817000e+01
6.817000e+01
6.817000e+01
6.817000e+01
6.817000e+01
6.797000e+01
6.797000e+01
6.846000e+01
6.846000e+01
6.828000e+01
6.828000e+01
6.828000e+01
6.876000e+01
6.876000e+01
6.806000e+01
6.806000e+01
6.941000e+01
6.941000e+01
6.941000e+01
6.920000e+01
6.920000e+01
6.920000e+01
6.967000e+01
7.030000e+01
7.030000e+01
7.030000e+01
6.996000e+01
6.996000e+01
6.996000e+01
6.996000e+01
6.996000e+01
6.996000e+01
6.996000e+01
7.074000e+01
7.074000e+01
7.053000e+01
7.053000e+01
7.013000e+01
7.013000e+01
7.013000e+01
7.083000e+01
7.083000e+01
7.090000e+01
7.090000e+01
7.074000e+01
7.074000e+01
7.074000e+01
7.082000e+01
7.082000e+01
7.044000e+01
7.044000e+01
7.055000e+01
7.055000e+01
7.055000e+01
7.147000e+01
7.147000e+01
7.041000e+01
7.041000e+01
7.052000e+01
7.052000e+01
7.052000e+01
7.072000e+01
7.072000e+01
7.084000e+01
7.084000e+01
7.005000e+01
7.005000e+01
7.005000e+01
6.972000e+01
6.972000e+01
6.967000e+01
6.967000e+01
7.003000e+01
7.003000e+01
7.003000e+01
7.025000e+01
7.025000e+01
6.883000e+01
6.883000e+01
6.992000e+01
6.992000e+01
6.992000e+01
6.945000e+01
6.945000e+01
6.971000e+01
6.971000e+01
6.971000e+01
6.971000e+01
6.971000e+01
6.994000e+01
6.994000e+01
7.070000e+01
7.070000e+01
7.011000e+01
7.011000e+01
7.011000e+01
6.984000e+01
6.984000e+01
6.930000e+01
6.930000e+01
7.071000e+01
7.071000e+01
7.071000e+01
6.934000e+01
6.934000e+01
1.123500e+02
1.123500e+02
1.123500e+02
1.123500e+02
1.123500e+02
6.942000e+01
6.942000e+01
6.929000e+01
6.929000e+01
6.715000e+01
6.715000e+01
6.715000e+01
6.873000e+01
6.873000e+01
6.857000e+01
6.857000e+01
6.898000e+01
6.898000e+01
6.898000e+01
6.848000e+01
6.848000e+01
6.848000e+01
6.848000e+01
6.848000e+01
6.848000e+01
6.848000e+01
6.811000e+01
6.811000e+01
6.876000e+01
6.876000e+01
6.984000e+01
6.984000e+01
6.984000e+01
6.644000e+01
6.644000e+01
6.644000e+01
6.644000e+01
6.809000e+01
6.809000e+01
6.809000e+01
6.809000e+01
6.809000e+01
6.776000e+01
6.776000e+01
6.776000e+01
6.776000e+01
6.776000e+01
6.976000e+01
6.976000e+01
6.880000e+01
6.880000e+01
6.953000e+01
6.953000e+01
6.953000e+01
6.865000e+01
6.865000e+01
6.944000e+01
6.944000e+01
6.950000e+01
6.950000e+01
6.950000e+01
6.914000e+01
6.914000e+01
6.914000e+01
6.914000e+01
6.963000e+01
6.963000e+01
6.963000e+01
6.990000e+01
6.990000e+01
6.990000e+01
6.990000e+01
7.024000e+01
7.024000e+01
7.024000e+01
6.977000e+01
6.977000e+01
6.977000e+01
6.977000e+01
6.977000e+01
6.977000e+01
6.977000e+01
6.959000e+01
6.959000e+01
6.958000e+01
6.958000e+01
6.958000e+01
6.958000e+01
6.958000e+01
6.923000e+01
6.923000e+01
6.922000e+01
6.922000e+01
6.965000e+01
6.965000e+01
6.965000e+01
6.926000e+01
6.926000e+01
7.042000e+01
7.042000e+01
6.967000e+01
6.967000e+01
6.967000e+01
7.018000e+01
7.018000e+01
7.014000e+01
7.014000e+01
7.014000e+01
7.014000e+01
7.014000e+01
7.014000e+01
7.014000e+01
7.097000e+01
7.097000e+01
7.097000e+01
7.097000e+01
7.097000e+01
6.994000e+01
6.994000e+01
7.003000e+01
7.003000e+01
7.043000e+01
7.043000e+01
7.043000e+01
7.065000e+01
7.065000e+01
7.095000e+01
7.095000e+01
7.095000e+01
7.095000e+01
7.095000e+01
7.039000e+01
7.039000e+01
7.073000e+01
7.073000e+01
7.073000e+01
7.073000e+01
7.073000e+01
7.093000e+01
7.093000e+01
7.122000e+01
7.122000e+01
7.122000e+01
7.122000e+01
7.122000e+01
7.091000e+01
7.091000e+01
7.092000e+01
7.092000e+01
7.090000e+01
7.090000e+01
7.090000e+01
7.102000e+01
7.102000e+01
7.166000e+01
7.166000e+01
7.166000e+01
7.166000e+01
7.166000e+01
7.166000e+01
7.166000e+01
7.166000e+01
7.166000e+01
7.166000e+01
7.166000e+01
7.166000e+01
7.166000e+01
7.166000e+01
7.166000e+01
7.166000e+01
7.166000e+01
7.166000e+01
7.166000e+01
7.166000e+01
7.166000e+01
7.135000e+01
7.135000e+01
7.075000e+01
7.075000e+01
7.075000e+01
6.969000e+01
6.969000e+01
7.140000e+01
7.140000e+01
7.140000e+01
7.140000e+01
7.140000e+01
7.821000e+01
7.821000e+01
8.666000e+01
8.666000e+01
8.666000e+01
8.666000e+01
8.666000e+01
9.624000e+01
9.624000e+01
1.032700e+02
1.032700e+02
1.032700e+02
1.032700e+02
1.032700e+02
1.213800e+02
1.213800e+02
1.255200e+02
1.255200e+02
1.255200e+02
1.255200e+02
1.255200e+02
1.349300e+02
1.349300e+02
1.477600e+02
1.477600e+02
1.477600e+02
1.477600e+02
1.477600e+02
2.034500e+02
2.034500e+02
2.034500e+02
2.034500e+02
1.909100e+02
1.909100e+02
1.909100e+02
1.775100e+02
1.775100e+02
1.775100e+02
1.775100e+02
1.775100e+02
1.775100e+02
1.775100e+02
1.775100e+02
1.775100e+02
1.887100e+02
1.887100e+02
1.887100e+02
1.887100e+02
1.887100e+02
2.298600e+02
2.298600e+02
2.298600e+02
2.298600e+02
2.328100e+02
2.328100e+02
2.328100e+02
2.411000e+02
2.411000e+02
2.478100e+02
2.478100e+02
2.584900e+02
2.584900e+02
2.584900e+02
2.662800e+02
2.662800e+02
2.800300e+02
2.800300e+02
2.800300e+02
2.800300e+02
2.800300e+02
2.913000e+02
2.913000e+02
3.062100e+02
3.062100e+02
3.090800e+02
3.090800e+02
3.090800e+02
3.150500e+02
3.150500e+02
3.176200e+02
3.176200e+02
3.176200e+02
3.176200e+02
3.176200e+02
3.182400e+02
3.182400e+02
2.081900e+02
2.081900e+02
1.357100e+02
1.357100e+02
1.357100e+02
1.357100e+02
1.357100e+02
1.357100e+02
1.357100e+02
1.357100e+02
1.357100e+02
1.357100e+02
3.026600e+02
3.026600e+02
3.066600e+02
3.066600e+02
3.131800e+02
3.131800e+02
3.131800e+02
3.131800e+02
3.131800e+02
2.965900e+02
2.965900e+02
2.965900e+02
2.965900e+02
2.965900e+02
3.274800e+02
3.274800e+02
3.347800e+02
3.347800e+02
3.427000e+02
3.427000e+02
3.427000e+02
3.427000e+02
3.427000e+02
3.427000e+02
3.427000e+02
3.427000e+02
3.427000e+02
3.427000e+02
3.536100e+02
3.536100e+02
3.536100e+02
3.536100e+02
3.536100e+02
3.536100e+02
3.536100e+02
3.696700e+02
3.696700e+02
3.721900e+02
3.721900e+02
3.723900e+02
3.723900e+02
3.723900e+02
371
371
370
370
375
375
375
375
375
374
374
375
375
375
375
375
373
373
373
373
373
370
370
370
370
370
370
370
3.669900e+02
3.669900e+02
3.661300e+02
3.661300e+02
3.662000e+02
3.662000e+02
3.662000e+02
3.644600e+02
3.644600e+02
3.656500e+02
3.656500e+02
3.636000e+02
3.636000e+02
3.636000e+02
3.593800e+02
3.593800e+02
3.593800e+02
3.593800e+02
3.595700e+02
3.595700e+02
3.595700e+02
3.593900e+02
3.593900e+02
3.590300e+02
3.590300e+02
3.604700e+02
3.604700e+02
3.604700e+02
3.592000e+02
3.592000e+02
3.595100e+02
3.595100e+02
3.611700e+02
3.611700e+02
3.611700e+02
3.614700e+02
3.614700e+02
3.614700e+02
3.614700e+02
3.594700e+02
3.594700e+02
3.594700e+02
3.598000e+02
3.598000e+02
3.604700e+02
3.604700e+02
3.597300e+02
3.597300e+02
3.597300e+02
3.605200e+02
3.605200e+02
3.612000e+02
3.612000e+02
3.613400e+02
3.613400e+02
3.613400e+02
3.606700e+02
3.606700e+02
3.590700e+02
3.590700e+02
3.590700e+02
3.590700e+02
3.590700e+02
3.539000e+02
3.539000e+02
3.555800e+02
3.555800e+02
3.553200e+02
3.553200e+02
3.553200e+02
3.532300e+02
3.532300e+02
3.519000e+02
3.519000e+02
3.521600e+02
3.521600e+02
3.521600e+02
3.521800e+02
3.521800e+02
3.519000e+02
3.519000e+02
352
352
352
3.509300e+02
3.509300e+02
3.509300e+02
3.509300e+02
3.515600e+02
3.515600e+02
3.515600e+02
3.537300e+02
3.537300e+02
3.583900e+02
3.583900e+02
3.569600e+02
3.569600e+02
3.569600e+02
3.569600e+02
3.569600e+02
3.569600e+02
3.569600e+02
3.569600e+02
3.569600e+02
3.569600e+02
3.520700e+02
3.520700e+02
3.522900e+02
3.522900e+02
3.522900e+02
3.522900e+02
3.522900e+02
3.506800e+02
3.506800e+02
3.490400e+02
3.490400e+02
241
241
241
3.475400e+02
3.475400e+02
3.471800e+02
3.471800e+02
3.468600e+02
3.468600e+02
3.468600e+02
3.475000e+02
3.475000e+02
3.466900e+02
3.466900e+02
3.466900e+02
