0
0
0
0
0
0
0
0
0
0
0
0
0
0
0
0
0
0
0
0
0
0
0
0
0
0
0
0
0
0
0
0
0
0
0
0
0
0
0
0
0
0
0
0
0
0
0
0
0
0
0
0
0
0
0
0
0
0
0
0
0
0
0
0
0
0
0
0
0
0
0
0
0
0
0
0
0
0
0
0
0
0
0
0
0
0
0
0
0
0
0
0
0
0
0
0
0
0
0
0
0
0
0
0
0
0
0
0
0
0
0
0
0
0
0
0
0
0
0
0
0
0
0
0
0
0
0
0
0
0
0
0
0
0
0
0
0
0
0
0
0
0
0
0
0
0
0
0
0
0
0
0
0
0
0
0
0
0
0
0
0
0
0
0
0
0
0
0
0
0
0
0
0
0
0
0
0
0
0
0
0
0
0
0
0
0
0
0
0
0
0
0
0
0
0
0
0
0
0
0
0
0
0
0
0
0
0
0
0
0
0
0
0
0
0
0
0
0
0
0
0
0
0
0
0
0
0
0
0
0
0
0
0
0
0
0
0
0
0
0
0
0
0
0
0
0
0
0
0
0
0
0
0
0
0
0
0
0
0
0
0
0
0
0
0
0
0
0
0
0
0
0
0
0
0
0
0
0
0
0
0
0
0
0
0
0
0
0
0
0
0
0
0
0
0
0
0
0
0
0
0
0
0
0
0
0
0
0
0
0
0
0
0
0
0
0
0
0
0
0
0
0
0
0
0
0
0
0
0
0
0
0
0
0
0
0
0
0
0
0
0
0
0
0
0
0
0
0
0
0
0
0
0
0
0
0
0
0
0
0
0
0
0
0
0
0
0
0
0
0
0
0
0
0
0
0
0
0
0
0
0
0
0
0
0
0
0
0
0
0
0
0
0
0
0
0
0
0
0
0
0
0
0
0
0
0
0
0
0
0
0
0
0
0
0
0
0
0
0
0
0
0
0
0
0
0
0
0
0
0
0
0
0
0
0
0
0
0
0
0
0
0
0
0
0
0
0
0
0
0
0
0
0
0
0
0
0
0
0
0
0
0
0
0
0
0
0
0
0
0
0
0
0
0
0
0
0
0
0
0
0
0
0
0
0
0
0
0
0
0
0
0
0
0
0
0
0
0
0
0
0
0
0
0
0
0
0
0
0
0
0
0
0
0
0
0
0
0
0
0
0
0
0
0
0
0
0
0
0
0
0
0
0
0
0
0
0
0
0
0
0
0
0
0
0
0
0
0
0
0
0
0
0
0
0
0
0
0
0
0
0
0
0
0
0
0
0
0
0
0
0
0
0
0
0
0
0
0
0
0
0
0
0
0
0
0
0
0
0
0
0
0
0
0
0
0
0
0
0
0
0
0
0
0
0
0
0
0
0
0
0
0
0
0
0
0
0
0
0
0
0
0
0
0
0
0
0
0
0
0
0
0
0
0
0
0
0
0
0
0
0
0
0
0
0
0
0
0
0
0
0
0
0
0
0
0
0
0
0
0
0
0
0
0
0
0
0
0
0
0
0
0
0
0
0
0
0
0
0
0
0
0
0
0
0
0
0
0
0
0
0
0
0
0
0
0
0
0
0
0
0
0
0
0
0
0
0
0
0
0
0
0
0
0
0
0
0
0
0
0
0
0
0
0
0
0
0
0
0
0
0
0
0
0
0
0
0
0
0
0
0
0
0
0
0
0
0
0
0
0
0
0
0
0
0
0
0
0
0
0
0
0
0
0
0
0
0
0
0
0
0
0
0
0
0
0
0
0
2.800000e-01
1.100000e-01
3.000000e-02
0
0
0
0
0
0
0
0
7.000000e-02
3.000000e-01
3.700000e-01
3.600000e-01
9.000000e-02
3.000000e-02
3.200000e-01
3.300000e-01
3.500000e-01
3.200000e-01
3.500000e-01
3.500000e-01
3.900000e-01
4.400000e-01
3.400000e-01
4.100000e-01
4.200000e-01
4.200000e-01
3.000000e-01
1.500000e-01
8.000000e-02
3.000000e-02
2.900000e-01
1.800000e-01
1.500000e-01
2.800000e-01
1.300000e-01
2.700000e-01
2.700000e-01
1.800000e-01
2.400000e-01
1.300000e-01
3.000000e-01
3.000000e-01
3.000000e-01
5.100000e-01
4.400000e-01
4.400000e-01
4.600000e-01
4.300000e-01
4.600000e-01
4.500000e-01
5.000000e-01
6.000000e-01
8.500000e-01
3.060000e+00
8.052000e+01
5.500000e-01
1.108500e+02
9.150000e+01
7.784000e+01
1.084700e+02
1.088800e+02
1.071600e+02
1.164000e+02
1.212500e+02
1.193900e+02
1.206000e+02
1.223900e+02
1.278900e+02
1.368500e+02
1.329900e+02
1.563200e+02
1.484200e+02
1.670700e+02
1.656200e+02
1.677400e+02
1.754100e+02
1.953400e+02
1.811300e+02
1.875300e+02
1.882600e+02
1.932200e+02
2.020200e+02
2.412800e+02
2.325100e+02
2.328900e+02
2.334300e+02
2.655200e+02
2.458300e+02
260
2.664200e+02
2.740600e+02
3.147900e+02
3.174200e+02
3.072300e+02
2.794900e+02
3.027900e+02
2.866700e+02
2.955900e+02
288
2.851400e+02
2.806900e+02
2.725500e+02
2.508200e+02
2.486100e+02
2.629800e+02
2.508200e+02
2.664400e+02
267
2.624900e+02
2.594300e+02
2.627000e+02
2.625700e+02
2.613900e+02
2.596800e+02
2.554400e+02
2.497300e+02
2.459900e+02
2.352900e+02
2.355400e+02
2.354100e+02
2.355100e+02
2.355100e+02
2.355100e+02
2.404400e+02
2.429900e+02
2.399200e+02
2.332300e+02
2.326300e+02
2.329200e+02
2.351400e+02
2.300300e+02
2.267200e+02
2.235700e+02
2.228400e+02
2.260500e+02
2.260500e+02
2.162600e+02
2.186500e+02
2.184100e+02
217
217
2.139300e+02
2.112000e+02
2.142300e+02
2.100900e+02
2.054000e+02
2.127000e+02
2.117100e+02
2.084800e+02
2.078400e+02
2.066000e+02
2.182200e+02
2.182200e+02
2.182200e+02
2.214700e+02
2.226800e+02
2.198300e+02
2.209900e+02
2.261700e+02
2.261700e+02
2.214300e+02
2.201400e+02
2.241200e+02
229
2.182600e+02
2.285000e+02
2.290200e+02
2.287100e+02
2.269800e+02
2.276700e+02
2.271800e+02
2.277500e+02
2.272900e+02
2.265500e+02
2.242600e+02
2.251500e+02
2.248200e+02
2.256600e+02
2.238700e+02
2.221000e+02
2.209300e+02
2.173000e+02
2.152400e+02
2.133600e+02
2.130100e+02
2.122000e+02
2.116400e+02
2.136500e+02
2.134600e+02
2.141900e+02
2.122300e+02
2.156600e+02
2.153400e+02
2.140600e+02
2.140600e+02
2.140600e+02
2.082700e+02
2.112700e+02
2.148700e+02
2.119600e+02
2.137900e+02
2.123300e+02
2.109600e+02
2.061100e+02
2.080600e+02
2.074100e+02
2.076100e+02
2.087400e+02
2.087000e+02
2.053400e+02
2.048700e+02
2.045300e+02
2.069300e+02
2.079700e+02
2.077400e+02
2.133600e+02
2.124600e+02
2.131600e+02
2.114100e+02
2.122300e+02
2.122900e+02
2.120900e+02
2.102300e+02
2.093300e+02
2.083600e+02
2.073300e+02
2.015000e+02
2.007100e+02
2.001900e+02
1.999600e+02
1.985500e+02
2.047800e+02
2.026600e+02
7.938000e+01
1.337700e+02
2.019600e+02
2.047400e+02
1.861400e+02
1.928500e+02
1.955000e+02
1.970100e+02
1.973800e+02
1.747400e+02
1.613200e+02
2.013000e+02
2.036700e+02
1.997900e+02
197
1.976400e+02
1.985400e+02
1.977000e+02
1.979200e+02
1.982000e+02
1.944100e+02
1.919100e+02
1.905500e+02
1.885300e+02
1.766200e+02
1.773800e+02
1.767900e+02
178
1.980900e+02
1.902000e+02
1.909400e+02
1.921800e+02
1.859300e+02
1.926200e+02
1.927400e+02
1.902000e+02
1.944100e+02
1.964800e+02
1.979600e+02
2.017700e+02
2.028300e+02
2.040100e+02
2.083200e+02
2.081800e+02
2.085100e+02
2.066800e+02
2.097600e+02
2.076900e+02
2.109100e+02
2.128683e+02
2.140391e+02
2.152099e+02
2.058900e+02
2.034000e+02
2.056600e+02
2.067100e+02
2.067100e+02
2.067100e+02
2.096100e+02
2.086800e+02
2.116400e+02
2.130400e+02
2.176800e+02
2.176800e+02
2.176800e+02
2.176600e+02
2.182700e+02
2.165400e+02
2.199700e+02
2.225000e+02
2.225000e+02
2.225000e+02
2.246800e+02
2.233200e+02
2.166600e+02
2.181000e+02
2.171300e+02
2.171300e+02
2.171300e+02
2.167400e+02
2.167400e+02
2.167400e+02
2.268800e+02
2.266200e+02
2.266200e+02
2.266200e+02
2.266200e+02
2.203900e+02
2.319900e+02
2.328400e+02
2.359400e+02
2.359400e+02
2.359400e+02
2.268400e+02
2.329100e+02
2.345200e+02
2.338300e+02
2.315600e+02
2.311900e+02
2.317300e+02
2.315700e+02
2.726400e+02
2.310500e+02
2.361800e+02
2.424000e+02
2.401300e+02
2.348800e+02
2.310500e+02
2.327200e+02
2.262000e+02
2.341500e+02
239
2.318300e+02
2.310700e+02
2.309500e+02
2.309500e+02
2.326300e+02
2.316900e+02
2.240200e+02
2.240200e+02
2.240200e+02
2.517200e+02
2.374300e+02
2.462900e+02
2.441300e+02
2.440400e+02
2.440400e+02
2.440400e+02
2.438500e+02
2.410400e+02
2.392100e+02
2.392100e+02
2.398200e+02
2.398200e+02
2.398200e+02
2.416700e+02
2.400700e+02
2.409800e+02
2.411500e+02
2.203800e+02
2.203800e+02
2.203800e+02
2.682100e+02
2.475300e+02
2.459400e+02
2.382700e+02
2.426200e+02
2.426200e+02
2.426200e+02
2.238900e+02
2.459400e+02
2.509900e+02
2.465600e+02
2.457300e+02
2.457300e+02
2.457300e+02
2.683300e+02
2.477800e+02
2.483400e+02
2.345600e+02
2.554000e+02
2.554000e+02
2.554000e+02
2.687700e+02
2.562700e+02
2.562700e+02
2.571200e+02
2.663100e+02
2.663100e+02
2.663100e+02
2.643400e+02
2.546000e+02
2.313300e+02
2.302600e+02
2.449500e+02
2.449500e+02
2.449500e+02
2.656600e+02
2.669500e+02
2.690700e+02
2.742800e+02
2.729500e+02
2.729500e+02
2.729500e+02
2.650500e+02
2.623500e+02
2.702100e+02
2.786000e+02
2.785900e+02
2.785900e+02
2.785900e+02
2.785900e+02
2.399400e+02
2.444400e+02
2.718600e+02
2.724300e+02
2.724300e+02
2.724300e+02
2.697300e+02
2.663900e+02
2.635700e+02
2.659000e+02
2.654400e+02
2.654400e+02
2.654400e+02
2.699200e+02
2.699200e+02
2.678800e+02
2.769600e+02
2.738300e+02
2.738300e+02
2.738300e+02
2.706700e+02
2.724200e+02
2.724200e+02
2.724200e+02
2.724200e+02
2.724200e+02
2.724200e+02
2.522800e+02
2.533000e+02
2.687600e+02
2.625400e+02
2.646700e+02
2.646700e+02
2.646700e+02
2.646700e+02
2.379700e+02
2.318500e+02
2.295500e+02
2.279000e+02
2.279000e+02
2.279000e+02
2.469300e+02
2.413200e+02
2.308800e+02
2.308800e+02
2.557600e+02
2.557600e+02
2.557600e+02
2.519900e+02
2.566200e+02
2.532400e+02
2.532400e+02
2.518100e+02
2.518100e+02
2.518100e+02
2.534100e+02
2.534100e+02
2.534100e+02
2.534100e+02
2.777400e+02
2.777400e+02
2.777400e+02
2.887900e+02
2.792500e+02
3.099600e+02
2.852800e+02
2.638400e+02
2.638400e+02
2.638400e+02
2.668200e+02
2.398600e+02
2.322100e+02
2.322100e+02
2.322100e+02
2.322100e+02
2.322100e+02
2.249900e+02
2.249900e+02
2.249900e+02
2.319500e+02
2.287400e+02
2.287400e+02
2.287400e+02
2.287400e+02
2.326100e+02
2.349300e+02
2.349300e+02
2.308100e+02
2.308100e+02
2.308100e+02
2.220500e+02
2.241300e+02
3.104600e+02
3.104600e+02
3.104600e+02
3.104600e+02
3.104600e+02
3.104600e+02
3.104600e+02
3.104600e+02
3.104600e+02
3.104600e+02
3.104600e+02
3.104600e+02
1.884400e+02
1.858000e+02
1.846100e+02
1.846100e+02
1.846100e+02
1.846100e+02
1.846100e+02
1.805200e+02
1.808000e+02
203
188
184
184
184
178
176
1.775600e+02
1.791500e+02
177
177
177
177
1.787200e+02
1.835000e+02
1.842400e+02
1.839600e+02
1.839600e+02
1.839600e+02
1.885000e+02
1.908200e+02
1.855500e+02
1.855500e+02
1.857600e+02
1.857600e+02
1.857600e+02
1.857600e+02
1.857100e+02
1.861600e+02
1.875600e+02
1.875200e+02
1.875200e+02
1.875200e+02
1.845800e+02
1.866800e+02
1.866800e+02
1.911100e+02
1.911100e+02
1.911100e+02
1.911100e+02
2.131500e+02
2.131500e+02
2.151400e+02
2.229600e+02
2.229600e+02
2.229600e+02
2.229600e+02
2.447300e+02
2.455800e+02
2.455800e+02
2.455800e+02
2.455800e+02
2.455800e+02
2.455800e+02
2.455800e+02
2.455800e+02
2.326300e+02
2.399900e+02
2.399900e+02
2.399900e+02
2.399900e+02
2.466600e+02
2.443100e+02
2.407600e+02
2.351500e+02
2.351500e+02
2.351500e+02
2.351500e+02
2.234000e+02
2.223500e+02
2.207000e+02
2.114100e+02
210
210
210
210
210
210
210
210
210
210
9.560000e+01
9.560000e+01
9.274000e+01
9.274000e+01
8.733000e+01
8.733000e+01
8.733000e+01
8.184000e+01
8.005000e+01
1.929500e+02
1.977200e+02
1.881300e+02
1.881300e+02
1.881300e+02
1.748600e+02
1.718000e+02
1.741200e+02
1.706500e+02
1.713000e+02
1.713000e+02
1.713000e+02
1.671600e+02
1.677500e+02
1.682200e+02
1.659700e+02
1.649600e+02
1.649600e+02
1.649600e+02
1.674900e+02
1.675800e+02
1.678600e+02
1.691400e+02
1.694600e+02
1.694600e+02
1.694600e+02
1.698500e+02
1.711200e+02
1.673300e+02
1.587800e+02
1.792200e+02
1.792200e+02
1.792200e+02
1.792200e+02
1.795000e+02
1.795000e+02
1.803000e+02
1.796200e+02
1.796200e+02
1.796200e+02
1.814800e+02
1.891200e+02
1.903500e+02
1.898700e+02
1.294500e+02
1.294500e+02
1.294500e+02
1.824900e+02
1.806000e+02
1.806000e+02
1.806000e+02
1.801900e+02
1.801900e+02
1.801900e+02
1.001900e+02
1.629300e+02
1.701100e+02
1.716000e+02
1.767600e+02
1.767600e+02
1.767600e+02
1.755400e+02
1.789400e+02
1.769900e+02
1.799600e+02
1.811300e+02
1.811300e+02
1.811300e+02
1.832400e+02
2.079900e+02
2.230900e+02
2.189100e+02
2.293000e+02
2.293000e+02
2.293000e+02
2.351200e+02
2.351200e+02
1.968600e+02
2.196000e+02
2.342500e+02
2.342500e+02
2.342500e+02
1.626700e+02
2.369700e+02
2.461000e+02
2.667200e+02
3.553200e+02
3.553200e+02
3.553200e+02
3.454800e+02
3.322900e+02
3.281500e+02
3.390200e+02
3.410200e+02
3.410200e+02
3.410200e+02
3.355900e+02
3.263400e+02
3.315000e+02
3.307500e+02
3.257900e+02
3.257900e+02
3.257900e+02
3.240500e+02
3.244900e+02
3.226800e+02
3.214200e+02
3.289700e+02
3.289700e+02
3.289700e+02
3.077100e+02
3.121700e+02
3.093400e+02
3.094200e+02
3.094200e+02
3.094200e+02
3.094200e+02
2.889800e+02
2.641600e+02
2.885300e+02
2.910900e+02
2.938800e+02
2.938800e+02
2.938800e+02
2.925800e+02
2.872800e+02
2.911100e+02
2.573600e+02
2.618400e+02
2.618400e+02
2.618400e+02
2.866100e+02
2.321600e+02
2.374400e+02
2.387600e+02
2.460700e+02
2.460700e+02
2.460700e+02
2.694100e+02
2.694100e+02
2.694100e+02
2.861500e+02
2.847700e+02
2.847700e+02
2.781600e+02
2.781600e+02
2.781600e+02
2.246700e+02
2.246700e+02
2.192600e+02
2.192600e+02
2.192600e+02
2.186700e+02
2.186700e+02
2.282600e+02
2.282600e+02
2.255500e+02
2.255500e+02
2.255500e+02
2.277800e+02
2.277800e+02
2.277800e+02
2.277800e+02
2.278000e+02
2.278000e+02
2.278000e+02
2.201100e+02
2.201100e+02
2.346200e+02
2.346200e+02
3.022700e+02
3.022700e+02
3.022700e+02
2.215400e+02
2.215400e+02
2.215400e+02
2.215400e+02
2.184700e+02
2.184700e+02
2.184700e+02
2.166300e+02
2.166300e+02
2.165700e+02
2.165700e+02
2.165700e+02
2.165700e+02
2.165700e+02
2.192500e+02
2.192500e+02
1.995900e+02
1.995900e+02
1.792900e+02
1.792900e+02
1.792900e+02
1.792900e+02
1.792900e+02
1.418300e+02
1.418300e+02
1.356900e+02
1.356900e+02
1.356900e+02
1.240600e+02
1.240600e+02
1.217300e+02
1.217300e+02
1.161900e+02
1.161900e+02
1.161900e+02
1.105200e+02
1.105200e+02
1.391300e+02
1.391300e+02
1.051400e+02
1.051400e+02
1.051400e+02
9.935000e+01
9.935000e+01
9.645000e+01
9.645000e+01
1.010900e+02
1.010900e+02
1.010900e+02
1.017300e+02
1.017300e+02
9.829000e+01
9.829000e+01
9.873000e+01
9.873000e+01
9.873000e+01
1.011600e+02
1.011600e+02
1.025000e+02
1.025000e+02
1.025000e+02
1.025000e+02
1.025000e+02
9.951000e+01
9.951000e+01
9.912000e+01
9.912000e+01
9.912000e+01
9.912000e+01
9.912000e+01
1.078700e+02
1.078700e+02
1.078700e+02
1.078700e+02
9.964000e+01
9.964000e+01
9.964000e+01
9.964000e+01
9.964000e+01
8.083000e+01
8.083000e+01
8.083000e+01
8.083000e+01
8.083000e+01
8.083000e+01
8.083000e+01
8.083000e+01
8.083000e+01
8.083000e+01
8.083000e+01
8.083000e+01
1.040800e+02
1.040800e+02
3.913000e+01
3.913000e+01
3.913000e+01
3.913000e+01
3.913000e+01
3.913000e+01
3.913000e+01
3.913000e+01
3.913000e+01
3.913000e+01
3.913000e+01
3.913000e+01
3.913000e+01
3.913000e+01
3.913000e+01
3.913000e+01
3.913000e+01
3.913000e+01
3.913000e+01
3.751000e+01
3.751000e+01
3.675000e+01
3.675000e+01
3.632000e+01
3.632000e+01
3.632000e+01
3.632000e+01
3.632000e+01
3.632000e+01
3.632000e+01
3.317000e+01
3.317000e+01
3.317000e+01
3.322000e+01
3.322000e+01
3.434000e+01
3.434000e+01
3.506000e+01
3.506000e+01
3.506000e+01
3.558000e+01
3.558000e+01
3.558000e+01
3.558000e+01
3.437000e+01
3.437000e+01
3.437000e+01
3.079000e+01
3.079000e+01
3.049000e+01
3.049000e+01
3.041000e+01
3.041000e+01
3.041000e+01
3.041000e+01
3.041000e+01
3.041000e+01
3.041000e+01
3.041000e+01
3.041000e+01
3.041000e+01
3.041000e+01
3.041000e+01
3.041000e+01
3.041000e+01
2.684000e+01
2.684000e+01
2.684000e+01
2.665000e+01
2.665000e+01
2.597000e+01
2.597000e+01
2.457000e+01
2.457000e+01
2.457000e+01
2.457000e+01
2.457000e+01
2.457000e+01
2.457000e+01
2.484000e+01
2.484000e+01
2.484000e+01
2.484000e+01
2.484000e+01
2.484000e+01
2.484000e+01
2.484000e+01
2.484000e+01
2.484000e+01
2.484000e+01
2.484000e+01
2.315000e+01
2.315000e+01
2.222000e+01
2.222000e+01
2.315000e+01
2.218000e+01
2.218000e+01
2.383000e+01
2.383000e+01
2.269000e+01
2.269000e+01
2.269000e+01
2.269000e+01
2.199000e+01
2.228000e+01
2.228000e+01
2.228000e+01
2.228000e+01
2.228000e+01
2.241000e+01
2.241000e+01
23
23
2.311000e+01
2.311000e+01
2.311000e+01
2.296000e+01
2.296000e+01
2.251000e+01
2.251000e+01
2.251000e+01
2.251000e+01
2.251000e+01
2.251000e+01
2.317000e+01
2.317000e+01
2.355000e+01
2.355000e+01
2.355000e+01
2.471000e+01
2.471000e+01
2.471000e+01
2.367000e+01
2.367000e+01
2.261000e+01
2.261000e+01
2.261000e+01
2.302000e+01
2.302000e+01
2.302000e+01
2.302000e+01
2.302000e+01
2.302000e+01
2.302000e+01
2.302000e+01
2.302000e+01
2.371000e+01
2.371000e+01
2.371000e+01
2.371000e+01
2.371000e+01
2.446000e+01
2.446000e+01
2.389000e+01
2.389000e+01
2.499000e+01
2.499000e+01
2.499000e+01
2.499000e+01
2.499000e+01
2.499000e+01
2.499000e+01
2.499000e+01
2.499000e+01
2.499000e+01
2.433000e+01
2.433000e+01
2.433000e+01
2.340000e+01
2.363000e+01
2.363000e+01
2.363000e+01
2.363000e+01
2.363000e+01
2.516000e+01
2.516000e+01
2.516000e+01
2.516000e+01
2.516000e+01
2.516000e+01
2.516000e+01
2.516000e+01
2.516000e+01
2.405000e+01
2.405000e+01
2.405000e+01
2.405000e+01
2.405000e+01
2.405000e+01
2.405000e+01
2.557000e+01
2.557000e+01
2.557000e+01
2.337000e+01
2.337000e+01
2.337000e+01
2.337000e+01
2.611000e+01
2.611000e+01
2.611000e+01
2.611000e+01
2.611000e+01
2.611000e+01
2.611000e+01
2.611000e+01
2.611000e+01
2.611000e+01
2.611000e+01
2.611000e+01
2.611000e+01
2.611000e+01
2.611000e+01
2.611000e+01
2.611000e+01
2.611000e+01
2.611000e+01
2.611000e+01
2.611000e+01
2.530000e+01
2.530000e+01
2.530000e+01
2.530000e+01
2.530000e+01
2.530000e+01
2.530000e+01
2.530000e+01
2.530000e+01
2.530000e+01
2.530000e+01
2.530000e+01
2.530000e+01
2.476000e+01
2.493000e+01
2.493000e+01
2.493000e+01
2.416000e+01
2.416000e+01
2.416000e+01
2.416000e+01
2.325000e+01
2.325000e+01
2.325000e+01
2.325000e+01
2.325000e+01
2.481000e+01
2.481000e+01
2.481000e+01
2.481000e+01
2.481000e+01
2.481000e+01
2.481000e+01
2.317000e+01
2.317000e+01
2.476000e+01
2.476000e+01
2.476000e+01
2.476000e+01
2.476000e+01
2.322000e+01
2.322000e+01
2.326000e+01
2.326000e+01
2.326000e+01
2.271000e+01
2.271000e+01
2.271000e+01
2.356000e+01
2.378000e+01
2.378000e+01
2.378000e+01
2.269000e+01
2.269000e+01
2.269000e+01
2.269000e+01
2.269000e+01
2.269000e+01
2.269000e+01
2.414000e+01
2.414000e+01
2.323000e+01
2.323000e+01
2.323000e+01
2.323000e+01
2.323000e+01
2.323000e+01
2.323000e+01
2.329000e+01
2.329000e+01
2.407000e+01
2.407000e+01
2.407000e+01
2.339000e+01
2.339000e+01
2.420000e+01
2.420000e+01
2.420000e+01
2.420000e+01
2.420000e+01
2.420000e+01
2.420000e+01
2.555000e+01
2.555000e+01
2.492000e+01
2.492000e+01
2.492000e+01
2.316000e+01
2.316000e+01
2.393000e+01
2.393000e+01
2.386000e+01
2.386000e+01
2.386000e+01
2.386000e+01
2.386000e+01
2.432000e+01
2.432000e+01
2.465000e+01
2.465000e+01
2.465000e+01
2.465000e+01
2.465000e+01
2.533000e+01
2.533000e+01
2.610000e+01
2.610000e+01
2.610000e+01
2.662000e+01
2.662000e+01
2.645000e+01
2.645000e+01
2.645000e+01
2.645000e+01
2.645000e+01
2.645000e+01
2.645000e+01
2.585000e+01
2.585000e+01
2.659000e+01
2.659000e+01
2.659000e+01
2.659000e+01
2.659000e+01
2.793000e+01
2.793000e+01
2.793000e+01
2.793000e+01
2.793000e+01
2.793000e+01
2.793000e+01
2.793000e+01
2.793000e+01
2.793000e+01
2.793000e+01
2.793000e+01
2.793000e+01
2.793000e+01
2.793000e+01
2.793000e+01
2.793000e+01
2.793000e+01
2.793000e+01
2.793000e+01
2.793000e+01
2.617000e+01
2.617000e+01
2.617000e+01
2.617000e+01
2.617000e+01
2.617000e+01
2.617000e+01
2.617000e+01
2.617000e+01
2.617000e+01
2.617000e+01
2.617000e+01
2.617000e+01
2.788000e+01
2.788000e+01
2.788000e+01
2.788000e+01
2.788000e+01
2.788000e+01
2.788000e+01
2.788000e+01
2.783000e+01
2.783000e+01
2.783000e+01
2.783000e+01
2.783000e+01
2.922000e+01
2.922000e+01
2.818000e+01
2.818000e+01
2.632000e+01
2.632000e+01
2.632000e+01
2.632000e+01
2.632000e+01
2.657000e+01
2.657000e+01
2.593000e+01
2.593000e+01
2.593000e+01
2.607000e+01
2.607000e+01
2.719000e+01
2.719000e+01
2.707000e+01
2.707000e+01
2.707000e+01
2.707000e+01
2.707000e+01
2.855000e+01
2.855000e+01
2.787000e+01
2.787000e+01
2.787000e+01
2.709000e+01
2.709000e+01
2.702000e+01
2.702000e+01
2.702000e+01
2.702000e+01
2.702000e+01
2.860000e+01
2.860000e+01
2.777000e+01
2.777000e+01
2.745000e+01
2.745000e+01
2.745000e+01
2.763000e+01
2.763000e+01
2.773000e+01
2.773000e+01
2.787000e+01
2.787000e+01
2.787000e+01
2.787000e+01
2.787000e+01
2.706000e+01
2.706000e+01
2.706000e+01
2.706000e+01
2.706000e+01
2.814000e+01
2.814000e+01
2.843000e+01
2.843000e+01
2.843000e+01
2.843000e+01
2.843000e+01
2.843000e+01
2.843000e+01
2.965000e+01
2.965000e+01
3.074000e+01
3.074000e+01
3.074000e+01
3.528000e+01
3.528000e+01
4.976000e+01
4.976000e+01
6.037000e+01
6.037000e+01
6.037000e+01
6.037000e+01
6.037000e+01
7.107000e+01
7.107000e+01
6.838000e+01
6.838000e+01
6.838000e+01
9.179000e+01
9.179000e+01
9.760000e+01
9.760000e+01
100
100
100
100
100
9.257000e+01
9.257000e+01
9.463000e+01
9.463000e+01
9.463000e+01
9.463000e+01
9.463000e+01
9.116000e+01
9.116000e+01
8.499000e+01
8.499000e+01
8.499000e+01
8.499000e+01
8.499000e+01
9.095000e+01
9.095000e+01
9.095000e+01
9.095000e+01
9.095000e+01
9.095000e+01
9.095000e+01
9.064000e+01
9.064000e+01
8.987000e+01
8.987000e+01
8.987000e+01
9.879000e+01
9.879000e+01
9.879000e+01
9.879000e+01
1.006000e+02
1.006000e+02
1.006000e+02
1.055100e+02
1.055100e+02
1.055100e+02
1.055100e+02
1.055100e+02
1.055100e+02
1.055100e+02
1.061200e+02
1.061200e+02
1.030100e+02
1.030100e+02
1.020400e+02
1.020400e+02
1.020400e+02
9.842000e+01
9.842000e+01
9.732000e+01
9.732000e+01
9.732000e+01
9.732000e+01
9.732000e+01
9.732000e+01
9.732000e+01
9.852000e+01
9.852000e+01
9.136000e+01
9.136000e+01
9.136000e+01
9.136000e+01
9.136000e+01
4.968000e+01
4.968000e+01
4.968000e+01
4.968000e+01
4.968000e+01
7.244000e+01
7.244000e+01
7.783000e+01
7.783000e+01
7.783000e+01
7.783000e+01
7.783000e+01
8.170000e+01
8.170000e+01
8.198000e+01
8.198000e+01
8.198000e+01
8.198000e+01
8.198000e+01
8.509000e+01
8.509000e+01
8.366000e+01
8.366000e+01
8.366000e+01
8.366000e+01
8.366000e+01
7.351000e+01
7.351000e+01
7.624000e+01
7.624000e+01
7.889000e+01
7.889000e+01
7.889000e+01
8.187000e+01
8.187000e+01
8.187000e+01
8.187000e+01
9.033000e+01
9.033000e+01
9.033000e+01
8.229000e+01
8.229000e+01
8.899000e+01
8.899000e+01
9.236000e+01
9.236000e+01
9.236000e+01
8.815000e+01
8.815000e+01
8.829000e+01
8.829000e+01
8.829000e+01
8.829000e+01
8.829000e+01
9.033000e+01
9.033000e+01
8.885000e+01
8.885000e+01
8.621000e+01
8.621000e+01
8.621000e+01
8.621000e+01
9.008000e+01
9.066000e+01
9.066000e+01
9.066000e+01
9.066000e+01
9.066000e+01
9.276000e+01
9.276000e+01
9.664000e+01
9.664000e+01
9.605000e+01
9.605000e+01
9.605000e+01
8.530000e+01
8.530000e+01
2.944000e+01
2.944000e+01
2.944000e+01
2.944000e+01
2.944000e+01
3.050000e+01
3.050000e+01
3.025000e+01
3.025000e+01
3.084000e+01
3.084000e+01
3.084000e+01
3.085000e+01
3.085000e+01
3.108000e+01
3.108000e+01
3.108000e+01
3.108000e+01
3.108000e+01
2.926000e+01
2.926000e+01
2.926000e+01
2.926000e+01
2.926000e+01
2.926000e+01
2.926000e+01
3.059000e+01
3.059000e+01
3.004000e+01
3.004000e+01
3.196000e+01
3.196000e+01
3.196000e+01
3.018000e+01
3.018000e+01
3.007000e+01
3.007000e+01
3.247000e+01
3.247000e+01
3.247000e+01
3.364000e+01
3.364000e+01
3.270000e+01
3.270000e+01
3.270000e+01
3.270000e+01
3.270000e+01
1.545000e+01
1.545000e+01
1.562000e+01
1.562000e+01
1.461000e+01
1.461000e+01
1.461000e+01
1.402000e+01
1.402000e+01
1.402000e+01
1.402000e+01
1.552000e+01
1.552000e+01
1.552000e+01
1.450000e+01
1.450000e+01
1.478000e+01
1.478000e+01
1.478000e+01
1.478000e+01
1.478000e+01
1.282000e+01
1.282000e+01
1.282000e+01
1.282000e+01
1.338000e+01
1.338000e+01
1.338000e+01
1.247000e+01
1.247000e+01
1.247000e+01
1.247000e+01
1.336000e+01
1.336000e+01
1.336000e+01
1.248000e+01
1.248000e+01
1.248000e+01
1.248000e+01
1.248000e+01
1.248000e+01
1.248000e+01
1.256000e+01
1.256000e+01
2.134000e+01
2.134000e+01
1.253000e+01
1.253000e+01
1.253000e+01
1.252000e+01
1.252000e+01
1.298000e+01
1.298000e+01
1.301000e+01
1.301000e+01
1.301000e+01
1.287000e+01
1.287000e+01
1.270000e+01
1.270000e+01
1.238000e+01
1.238000e+01
1.238000e+01
1.238000e+01
1.238000e+01
1.238000e+01
1.238000e+01
1.238000e+01
1.238000e+01
1.238000e+01
1.289000e+01
1.289000e+01
1.269000e+01
1.269000e+01
1.269000e+01
1.269000e+01
1.269000e+01
1.269000e+01
1.256000e+01
1.271000e+01
1.271000e+01
1.271000e+01
1.271000e+01
1.271000e+01
1.246000e+01
1.246000e+01
1.230000e+01
1.230000e+01
1.252000e+01
1.252000e+01
1.252000e+01
1.242000e+01
1.242000e+01
1.279000e+01
1.279000e+01
2.726000e+02
2.726000e+02
2.726000e+02
1.282000e+01
1.282000e+01
1.274000e+01
1.274000e+01
1.274000e+01
1.274000e+01
1.274000e+01
1.252000e+01
1.252000e+01
1.252000e+01
1.252000e+01
1.311000e+01
1.311000e+01
1.311000e+01
1.278000e+01
1.278000e+01
1.760000e+01
1.760000e+01
1.260000e+01
1.260000e+01
1.260000e+01
1.260000e+01
1.260000e+01
1.298000e+01
1.298000e+01
1.279000e+01
1.279000e+01
1.279000e+01
1.202000e+01
1.202000e+01
1.277000e+01
1.277000e+01
1.275000e+01
1.275000e+01
1.275000e+01
1.298000e+01
1.298000e+01
1.281000e+01
1.281000e+01
1.281000e+01
1.281000e+01
1.281000e+01
1.312000e+01
1.312000e+01
1.315000e+01
1.315000e+01
1.309000e+01
1.309000e+01
1.309000e+01
1.317000e+01
1.317000e+01
1.327000e+01
1.327000e+01
1.327000e+01
1.327000e+01
1.327000e+01
1.327000e+01
1.327000e+01
1.327000e+01
1.327000e+01
1.359000e+01
1.359000e+01
1.359000e+01
1.333000e+01
1.333000e+01
1.333000e+01
1.333000e+01
1.335000e+01
1.335000e+01
1.335000e+01
1.346000e+01
1.346000e+01
1.465000e+01
1.465000e+01
23
23
23
2.025000e+01
2.025000e+01
2.336000e+01
2.336000e+01
2.310000e+01
2.310000e+01
2.310000e+01
2.733000e+01
2.733000e+01
2.790000e+01
2.790000e+01
2.790000e+01
2.790000e+01
2.790000e+01
3.275000e+01
3.275000e+01
3.679000e+01
3.679000e+01
3.587000e+01
3.587000e+01
3.587000e+01
4.192000e+01
4.192000e+01
4.206000e+01
4.206000e+01
4.237000e+01
4.237000e+01
4.237000e+01
4.340000e+01
4.340000e+01
4.340000e+01
4.340000e+01
4.697000e+01
4.697000e+01
4.697000e+01
4.923000e+01
4.923000e+01
5.181000e+01
5.181000e+01
5.167000e+01
5.167000e+01
5.167000e+01
4.983000e+01
4.983000e+01
5.121000e+01
5.121000e+01
5.084000e+01
5.084000e+01
5.084000e+01
5.288000e+01
5.288000e+01
5.383000e+01
5.383000e+01
5.383000e+01
5.383000e+01
5.383000e+01
5.491000e+01
5.491000e+01
5.491000e+01
5.491000e+01
5.617000e+01
5.617000e+01
5.617000e+01
5.617000e+01
5.617000e+01
5.568000e+01
5.568000e+01
5.658000e+01
5.658000e+01
5.658000e+01
5.739000e+01
5.739000e+01
5.739000e+01
5.739000e+01
5.739000e+01
5.739000e+01
5.739000e+01
6.634000e+01
6.634000e+01
6.296000e+01
6.296000e+01
3.513000e+01
3.513000e+01
3.513000e+01
5.984000e+01
5.984000e+01
6.357000e+01
6.357000e+01
7.044000e+01
7.044000e+01
7.044000e+01
7.316000e+01
7.316000e+01
7.543000e+01
7.543000e+01
6.899000e+01
6.899000e+01
6.899000e+01
6.899000e+01
6.899000e+01
7.693000e+01
7.693000e+01
6.960000e+01
6.960000e+01
6.960000e+01
7.161000e+01
7.161000e+01
2.316000e+01
2.316000e+01
2.316000e+01
2.316000e+01
2.316000e+01
2.316000e+01
2.316000e+01
2.681000e+01
2.681000e+01
77
77
77
7.612000e+01
7.612000e+01
7.696000e+01
7.696000e+01
7.675000e+01
7.675000e+01
7.675000e+01
7.579000e+01
7.579000e+01
7.579000e+01
7.579000e+01
7.579000e+01
7.579000e+01
7.579000e+01
7.460000e+01
7.460000e+01
75
75
7.551000e+01
7.551000e+01
7.551000e+01
7.808000e+01
7.808000e+01
7.808000e+01
7.808000e+01
8.003000e+01
8.003000e+01
8.003000e+01
8.162000e+01
8.162000e+01
8.254000e+01
8.254000e+01
8.427000e+01
8.427000e+01
8.427000e+01
8.427000e+01
8.427000e+01
8.598000e+01
8.598000e+01
8.598000e+01
8.598000e+01
8.598000e+01
8.676000e+01
8.676000e+01
8.711000e+01
8.711000e+01
8.711000e+01
8.711000e+01
8.711000e+01
8.561000e+01
8.561000e+01
8.561000e+01
8.561000e+01
8.561000e+01
8.561000e+01
8.561000e+01
82
82
82
82
82
82
82
82
82
8.393000e+01
8.393000e+01
82
82
82
82
82
82
82
8.186000e+01
8.186000e+01
8.186000e+01
7.769000e+01
7.769000e+01
7.769000e+01
7.769000e+01
79
79
79
75
75
75
75
75
75
75
75
75
75
75
75
75
75
75
75
68
68
68
68
68
63
63
58
58
58
58
58
5.919000e+01
5.919000e+01
62
62
60
60
60
58
58
58
58
60
60
60
58
58
60
60
6.268000e+01
6.268000e+01
6.268000e+01
63
63
62
62
64
64
64
66
66
65
65
6.482000e+01
6.482000e+01
6.482000e+01
6.482000e+01
6.482000e+01
6.668000e+01
6.668000e+01
57
57
57
57
57
57
57
57
57
57
3.255000e+01
3.255000e+01
2.997000e+01
2.997000e+01
2.997000e+01
2.997000e+01
2.997000e+01
29
29
29
29
29
29
29
29
29
29
29
29
29
29
29
29
29
29
29
