0
0
0
0
0
0
0
0
0
0
0
0
0
0
0
0
0
0
0
0
0
0
0
0
0
0
0
0
0
0
0
0
0
0
0
0
0
0
0
0
0
0
0
0
0
0
0
0
0
0
0
0
0
0
0
0
0
0
0
0
0
0
0
0
0
0
0
0
0
0
0
0
0
0
0
0
0
0
0
0
0
0
0
0
0
0
0
0
0
0
0
0
0
0
0
0
0
0
0
0
0
0
0
0
0
0
0
0
0
0
0
0
0
0
0
0
0
0
0
0
0
0
0
0
0
0
0
0
0
0
0
0
0
0
0
0
0
0
0
0
0
0
0
0
0
0
0
0
0
0
0
0
0
0
0
0
0
0
0
0
0
0
0
0
0
0
0
0
0
0
0
0
0
0
0
0
0
0
0
0
0
0
0
0
0
0
0
0
0
0
0
0
0
0
0
0
0
0
0
0
0
0
0
0
0
0
0
0
0
0
0
0
0
0
0
0
0
0
0
0
0
0
0
0
0
0
0
0
0
0
0
0
0
0
0
0
0
0
0
0
0
0
0
0
0
0
0
0
0
0
0
0
0
0
0
0
0
0
0
0
0
0
0
0
0
0
0
0
0
0
0
0
0
0
0
0
0
0
0
0
0
0
0
0
0
0
0
0
0
0
0
0
0
0
0
0
0
0
0
0
0
0
0
0
0
0
0
0
0
0
0
0
0
0
0
0
0
0
0
0
0
0
0
0
0
0
0
0
0
0
0
0
0
0
0
0
0
0
0
0
0
0
0
0
0
0
0
0
0
0
0
0
0
0
0
0
0
0
0
0
0
0
0
0
0
0
0
0
0
0
0
0
0
0
0
0
0
0
0
0
0
0
0
0
0
0
0
0
0
0
0
0
0
0
0
0
0
0
0
0
0
0
0
0
0
0
0
0
0
0
0
0
0
0
0
0
0
0
0
0
0
0
0
0
0
0
0
0
0
0
0
0
0
0
0
0
0
0
0
0
0
0
0
0
0
0
0
0
0
0
0
0
0
0
0
0
0
0
0
0
0
0
0
0
0
0
0
0
0
0
0
0
0
0
0
0
0
0
0
0
0
0
0
0
0
0
0
0
0
0
0
0
0
0
0
0
0
0
0
0
0
0
0
0
0
0
0
0
0
0
0
0
0
0
0
0
0
0
0
0
0
0
0
0
0
0
0
0
0
0
0
0
0
0
0
0
0
0
0
0
0
0
0
0
0
0
0
0
0
0
0
0
0
0
0
0
0
0
0
0
0
0
0
0
0
0
0
0
0
0
0
0
0
0
0
0
0
0
0
0
0
0
0
0
0
0
0
0
0
0
0
0
0
0
0
0
0
0
0
0
0
0
0
0
0
0
0
0
0
0
0
0
0
0
0
0
0
0
0
0
0
0
0
0
0
0
0
0
0
0
0
0
0
0
0
0
0
0
0
0
0
0
0
0
0
0
0
0
0
0
0
0
0
0
0
0
0
0
0
0
0
0
0
0
0
0
0
0
0
0
0
0
0
0
0
0
0
0
0
0
0
0
0
0
0
0
0
0
0
0
0
0
0
0
0
0
0
0
0
0
0
0
0
0
0
0
0
0
0
0
0
0
0
0
0
0
0
0
0
0
0
0
0
0
0
0
0
0
0
0
0
0
0
0
0
0
0
0
0
0
0
0
0
0
0
0
0
0
0
0
0
0
0
0
0
0
0
0
0
0
0
0
0
0
0
0
0
0
0
0
0
0
0
0
0
0
0
0
0
765
796
791
788
790
787
789
792
838
849
849
845
848
848
852
857
856
854
854
856
859
860
859
859
872
898
898
898
898
890
874
879
880
885
883
916
956
940
917
920
914
923
921
921
921
923
924
923
971
969
968
994
997
997
966
1148
1534
1025
1039
1051
1039
1098
1122
1207
1258
1272
1201
1140
1122
1189
1164
1149
1210
1209
1219
1213
1203
1199
1243
1267
1247
1250
1166
1234
1121
1042
1111
1198
1251
1177
1172
1137
1123
1106
1159
1116
1006
985
1083
1083
1092
1077
1000
1048
1038
1040
1002
1017
1005
1013
999
986
979
955
973
975
965
978
968
874
817
951
954
954
954
964
979
954
964
956
942
953
939
733
860
859
919
919
912
912
933
922
922
908
905
898
905
887
901
868
881
776
898
884
884
884
864
854
805
887
847
847
852
832
842
850
836
847
850
829
834
834
809
793
811
825
827
802
817
805
763
820
799
811
816
801
792
807
811
824
822
815
813
802
808
798
798
798
833
826
832
840
815
775
833
825
811
799
811
838
740
735
730
826
817
792
732
717
815
812
819
815
805
800
817
805
814
779
788
804
821
793
783
791
791
1117
993
993
830
847
804
793
792
788
763
844
810
680
798
698
678
793
776
785
773
773
791
792
763
772
777
517
881
761
809
769
743
733
740
722
809
773
620
601
764
667
654
718
646
729
773
707
740
743
7.028596e+02
7.012982e+02
6.997368e+02
568
634
623
648
648
648
560
593
592
548
709
709
709
278
660
674
655
649
649
649
641
628
647
674
634
634
634
672
672
672
672
789
789
789
789
776
747
745
741
741
741
741
721
729
694
588
671
724
674
668
215
254
289
269
289
375
396
347
407
389
416
437
438
438
387
346
398
398
398
317
431
340
371
450
450
450
414
342
413
413
434
434
434
358
407
403
403
373
373
373
572
562
604
582
279
279
279
562
582
543
540
529
529
529
543
604
604
496
482
482
482
473
450
450
456
456
456
456
422
428
431
22
405
405
405
370
364
444
439
435
435
435
435
430
43
435
436
436
436
436
426
435
444
435
435
435
435
440
440
453
444
444
444
453
453
410
415
415
415
415
418
415
415
415
415
415
415
420
412
398
398
372
372
372
372
425
350
431
434
434
434
444
444
415
415
425
425
425
434
453
444
444
453
453
453
444
444
444
444
444
444
444
444
444
453
444
421
421
421
398
372
372
372
372
372
372
365
365
365
360
398
398
398
398
372
386
386
364
364
364
404
394
394
394
394
394
394
394
394
394
394
394
394
394
374
374
310
310
310
310
310
376
351
324
255
259
259
259
388
375
375
315
351
351
351
351
351
320
320
320
320
320
388
362
381
381
375
375
375
375
362
340
340
388
388
388
362
370
370
370
370
370
370
288
288
294
211
211
211
211
211
211
211
211
211
211
211
211
211
388
388
388
388
388
375
375
388
388
388
388
388
374
374
375
375
388
388
388
388
388
388
388
388
388
388
388
388
388
388
388
388
388
388
388
388
388
403
403
403
403
90
147
147
141
141
141
329
329
236
281
381
381
381
376
368
274
274
274
274
274
388
388
388
231
295
295
295
295
435
435
435
329
329
329
375
375
375
375
375
375
375
375
375
375
375
237
237
237
213
213
213
213
213
213
213
213
213
213
213
403
403
403
134
134
134
279
279
279
279
279
279
279
207
207
207
207
207
207
286
286
286
286
286
286
286
297
297
275
275
275
362
362
272
272
275
275
275
275
275
275
388
388
388
388
388
388
286
286
286
286
286
286
329
329
286
253
253
253
253
253
253
253
253
253
253
253
253
375
375
375
375
375
375
375
375
276
276
276
276
276
276
253
253
275
275
275
222
222
271
271
253
253
253
253
253
253
253
272
272
272
248
248
340
340
340
340
340
340
340
340
340
340
340
340
340
340
286
286
286
286
286
286
286
286
286
286
286
286
286
286
286
286
286
286
286
286
286
231
231
222
222
222
205
205
184
184
247
247
247
247
247
247
247
247
247
247
247
247
247
247
291
291
291
291
291
291
291
291
291
291
231
231
248
248
248
248
248
248
248
248
248
272
272
272
272
272
272
272
272
272
272
272
272
272
272
272
272
272
213
213
213
213
213
213
213
213
213
213
213
213
213
213
213
213
213
213
213
213
213
213
213
213
213
213
213
213
213
213
213
213
213
213
213
213
213
213
213
213
213
213
213
213
213
213
213
213
213
213
213
213
213
213
213
213
213
213
213
213
213
213
213
213
213
213
213
213
213
213
213
213
213
213
213
213
213
213
213
213
213
213
213
213
213
213
213
213
213
213
213
213
213
213
213
213
213
213
213
213
213
213
213
213
213
213
213
213
213
213
213
213
213
213
213
213
213
213
213
213
213
213
213
213
213
213
213
213
213
213
213
213
213
213
213
213
213
213
213
213
213
213
213
213
213
213
213
213
213
213
213
213
213
213
213
213
213
213
213
213
213
213
213
213
213
213
213
213
213
213
213
213
213
213
213
213
213
213
213
213
213
213
213
213
213
213
213
213
213
213
213
213
213
213
213
213
213
213
213
213
213
213
213
213
213
213
213
213
213
213
213
213
213
213
213
213
213
213
213
213
213
213
213
213
213
213
213
213
213
213
213
213
213
213
213
213
213
213
213
213
213
213
213
213
213
213
213
213
213
213
213
213
213
213
213
213
213
213
213
213
213
213
213
213
213
213
213
213
213
213
213
213
213
213
213
213
213
213
213
213
213
213
213
213
213
213
213
213
213
213
213
213
213
213
213
213
213
213
213
213
213
213
213
213
213
213
213
213
213
213
213
213
213
213
213
213
213
213
213
213
213
213
213
213
213
213
213
213
213
213
213
213
213
213
213
213
213
213
213
213
213
213
213
213
213
213
213
213
213
213
213
213
213
213
213
213
213
213
213
213
213
213
213
213
213
213
213
213
213
213
213
213
213
213
213
213
213
213
213
213
213
213
213
213
213
213
213
213
213
213
213
213
213
213
213
213
213
213
213
213
213
213
213
213
213
213
213
213
213
213
213
213
213
213
213
213
213
213
213
213
213
213
213
213
213
213
213
213
213
213
213
213
213
213
213
213
213
213
213
213
213
213
213
213
213
213
213
213
213
213
213
213
213
213
213
213
213
213
213
213
213
213
213
213
213
213
776
776
776
776
776
679
679
679
679
679
679
679
639
639
639
639
639
639
639
557
557
557
557
557
557
557
197
197
197
197
197
197
197
197
197
197
197
197
197
197
197
197
604
604
604
604
604
604
604
604
604
604
604
604
604
604
604
604
604
604
604
604
604
557
557
557
557
557
557
557
557
557
557
557
557
557
557
517
517
517
517
517
572
572
572
572
572
572
572
572
572
572
572
572
444
444
444
444
444
444
444
494
494
494
494
494
494
494
494
494
473
473
543
543
543
572
572
572
572
494
494
494
494
494
494
494
494
494
494
572
572
483
483
483
483
483
483
483
372
372
372
372
372
372
530
530
530
530
530
530
530
530
530
530
505
505
505
505
505
505
505
505
505
505
453
453
453
453
505
505
505
462
462
462
462
462
462
462
453
453
453
453
453
453
453
462
462
462
462
462
462
462
462
462
473
473
462
462
462
530
530
530
530
530
530
530
530
530
530
530
128
128
128
128
128
128
128
128
128
128
128
128
128
128
128
128
128
128
128
128
128
162
162
162
128
128
128
128
158
158
158
158
158
158
158
158
158
158
158
158
158
158
158
158
158
158
158
158
158
158
158
158
158
158
158
158
158
158
158
158
158
158
158
158
158
158
158
158
161
161
161
161
161
161
161
161
161
161
161
161
161
161
161
161
141
141
141
1441
1441
141
141
141
141
141
141
141
141
141
141
141
141
141
141
141
141
141
141
141
141
141
141
141
141
141
141
141
141
141
141
141
141
141
141
141
141
141
141
141
141
141
141
141
141
141
141
141
141
141
141
141
141
141
141
141
141
141
141
141
141
141
141
141
141
141
141
141
141
141
141
141
141
141
141
141
141
141
141
141
141
141
141
141
141
141
141
141
141
141
141
141
141
141
141
141
141
141
141
141
141
141
141
141
141
141
141
141
141
141
141
141
141
141
141
141
141
141
141
141
141
141
141
141
141
141
141
141
141
141
141
141
141
141
141
141
141
141
141
141
141
141
141
141
141
141
141
141
141
141
141
141
141
141
141
141
141
141
141
141
141
141
141
141
141
141
141
141
141
141
141
141
141
141
141
141
141
141
141
141
141
141
141
444
444
444
444
444
435
435
435
435
435
435
435
435
435
435
435
435
435
435
395
395
395
395
395
395
395
395
395
395
395
395
395
395
395
395
395
395
395
395
395
395
395
395
395
395
395
395
395
395
395
395
395
395
395
395
395
710
710
710
710
710
710
710
710
710
710
710
710
715
715
715
715
715
715
715
715
715
715
715
715
715
715
715
715
715
715
715
715
715
715
715
715
715
715
715
715
715
715
715
715
715
715
715
715
715
715
715
715
715
715
715
715
715
715
715
715
715
715
715
715
715
715
715
715
715
715
715
715
715
715
715
715
715
715
715
715
715
715
715
715
715
715
715
715
715
715
715
715
715
715
715
715
715
715
715
715
715
715
715
715
715
715
715
715
715
715
715
715
715
715
715
715
715
715
715
715
715
715
715
715
715
715
715
715
715
715
715
715
715
715
715
715
715
715
715
715
715
715
715
715
715
715
715
715
715
715
