0
0
0
0
0
0
0
0
0
0
0
0
0
0
0
0
0
0
0
0
0
0
0
0
0
0
0
0
0
0
0
0
0
0
0
0
0
0
0
0
0
0
0
0
0
0
0
0
0
0
0
0
0
0
0
0
0
0
0
0
0
0
0
0
0
0
0
0
0
0
0
0
0
0
0
0
0
0
0
0
0
0
0
0
0
0
0
0
0
0
0
0
0
0
0
0
0
0
0
0
0
0
0
0
0
0
0
0
0
0
0
0
0
0
0
0
0
0
0
0
0
0
0
0
0
0
0
0
0
0
0
0
0
0
0
0
0
0
0
0
0
0
0
0
0
0
0
0
0
0
0
0
0
0
0
0
0
0
0
0
0
0
0
0
0
0
0
0
0
0
0
0
0
0
0
0
0
0
0
0
0
0
0
0
0
0
0
0
0
0
0
0
0
0
0
0
0
0
0
0
0
0
0
0
0
0
0
0
0
0
0
0
0
0
0
0
0
0
0
0
0
0
0
0
0
0
0
0
0
0
0
0
0
0
0
0
0
0
0
0
0
0
0
0
0
0
0
0
0
0
0
0
0
0
0
0
0
0
0
0
0
0
0
0
0
0
0
0
0
0
0
0
0
0
0
0
0
0
0
0
0
0
0
0
0
0
0
0
0
0
0
0
0
0
0
0
0
0
0
0
0
0
0
0
0
0
0
0
0
0
0
0
0
0
0
0
0
0
0
0
0
0
0
0
0
0
0
0
0
0
0
0
0
0
0
0
0
0
0
0
0
0
0
0
0
0
0
0
0
0
0
0
0
0
0
0
0
0
0
0
0
0
0
0
0
0
0
0
0
0
0
0
0
0
0
0
0
0
0
0
0
0
0
0
0
0
0
0
0
0
0
0
0
0
0
0
0
0
0
0
0
0
0
0
0
0
0
0
0
0
0
0
0
0
0
0
0
0
0
0
0
0
0
0
0
0
0
0
0
0
0
0
0
0
0
0
0
0
0
0
0
0
0
0
0
0
0
0
0
0
0
0
0
0
0
0
0
0
0
0
0
0
0
0
0
0
0
0
0
0
0
0
0
0
0
0
0
0
0
0
0
0
0
0
0
0
0
0
0
0
0
0
0
0
0
0
0
0
0
0
0
0
0
0
0
0
0
0
0
0
0
0
0
0
0
0
0
0
0
0
0
0
0
0
0
0
0
0
0
0
0
0
0
0
0
0
0
0
0
0
0
0
0
0
0
0
0
0
0
0
0
0
0
0
0
0
0
0
0
0
0
0
0
0
0
0
0
0
0
0
0
0
0
0
0
0
0
0
0
0
0
0
0
0
0
0
0
0
0
0
0
0
0
0
0
0
0
0
0
0
0
0
0
0
0
0
0
0
0
0
0
0
0
0
0
0
0
0
0
0
0
0
0
0
0
0
0
0
0
0
0
0
0
0
0
0
0
0
0
0
0
0
0
0
0
0
0
0
0
0
0
0
0
0
0
0
0
0
0
0
0
0
0
0
0
0
0
0
0
0
0
0
0
0
0
0
0
0
0
0
0
0
0
0
0
0
0
0
0
0
0
0
0
0
0
0
0
0
0
0
0
0
0
0
0
0
0
0
0
0
0
0
0
0
0
0
0
0
0
0
0
0
0
0
0
0
0
0
0
0
0
0
0
0
0
0
0
0
0
0
0
0
0
0
0
0
0
0
0
0
0
0
0
0
0
0
0
0
0
0
0
0
0
0
0
0
0
0
0
0
0
0
0
0
0
0
0
0
0
0
0
0
0
0
0
0
0
0
0
0
0
0
0
0
0
0
0
0
0
0
0
0
0
0
0
0
0
0
0
0
0
0
0
0
0
0
0
0
0
0
0
0
0
0
0
0
0
0
0
0
0
0
0
0
0
0
0
0
0
0
0
0
0
0
0
0
0
0
0
0
0
0
0
0
0
0
0
0
0
0
0
0
0
0
0
0
0
0
0
0
0
0
0
0
0
0
0
0
0
0
0
0
0
0
0
0
0
0
0
0
0
0
0
0
0
0
0
0
0
0
0
0
0
0
0
0
0
0
0
0
0
0
0
0
0
0
0
0
0
0
0
0
0
0
0
0
0
0
0
0
0
0
0
0
0
0
0
0
0
0
0
0
0
0
0
0
0
0
0
0
0
0
0
0
0
0
0
0
0
0
0
0
0
0
0
0
0
0
0
0
0
0
0
0
0
0
0
0
0
0
0
0
0
0
0
0
0
0
0
0
0
0
0
0
0
0
0
0
0
0
0
0
0
0
0
0
0
0
0
0
0
0
0
0
0
0
0
0
0
0
0
0
0
0
0
0
0
0
0
0
0
0
0
0
0
0
0
0
0
0
1
0
0
0
0
0
0
0
6
7
7
9
12
11
13
17
18
19
20
23
26
31
33
29
30
5
6
35
9
8
8
8
51
61
67
66
64
64
64
77
80
97
98
106
106
106
17
45
111
154
126
126
126
190
190
190
219
198
198
198
198
267
123
118
225
225
225
330
328
314
329
352
362
362
335
389
406
210
79
96
254
345
407
468
496
514
515
512
506
506
500
502
496
496
496
504
496
502
485
489
489
489
485
512
480
480
476
476
476
476
484
480
476
476
476
476
485
477
478
586
475
475
475
397
483
513
512
513
513
513
539
533
527
511
489
489
489
502
511
511
506
481
481
481
520
526
529
371
351
351
351
470
482
495
502
509
509
509
525
526
525
523
522
522
522
526
510
502
522
530
530
530
512
508
515
517
527
527
527
481
474
469
452
491
491
491
518
517
511
511
511
511
511
511
504
502
504
501
501
501
501
497
477
497
499
499
499
497
497
497
497
494
494
494
495
485
496
526
501
501
501
473
464
464
464
459
459
459
488
504
499
491
497
497
497
484
491
476
472
475
475
475
468
468
468
457
456
456
456
500
505
502
499
502
502
502
502
517
469
469
469
469
469
508
488
464
464
464
464
464
464
442
451
448
418
418
418
427
419
440
440
320
308
278
246
243
215
200
191
190
187
145
145
134
120
121
122
123
123
123
123
123
123
123
123
123
123
123
123
123
123
123
123
123
123
123
123
123
123
0
0
0
0
0
0
0
0
0
0
0
0
0
0
0
0
0
0
0
0
0
0
0
51
49
49
49
49
65
61
73
76
76
76
76
61
58
49
56
24
24
24
24
45
0
0
0
0
0
4.920000e+01
5.020000e+01
5.120000e+01
115
135
135
135
157
165
165
1.752000e+02
1.934000e+02
1.934000e+02
1.934000e+02
1.858000e+02
1.848000e+02
167
170
173
173
173
186
198
2.313000e+02
2.313000e+02
2.218000e+02
2.218000e+02
2.218000e+02
222
222
216
220
218
218
218
212
212
2.326000e+02
2.326000e+02
2.116000e+02
2.116000e+02
2.116000e+02
2.116000e+02
246
2.464000e+02
256
259
259
259
286
286
316
316
316
316
316
357
357
359
3.816100e+02
371
371
371
368
370
366
366
373
373
373
341
367
374
368
369
369
369
381
383
380
383
381
381
381
385
384
383
379
376
376
376
368
370
373
374
382
382
382
382
380
379
380
388
388
388
388
398
398
398
3.792000e+02
3.792000e+02
3.792000e+02
400
397
397
387
392
392
392
385
385
381
383
385
385
385
382
376
372
370
369
369
369
371
371
371
368
352
352
352
317
317
317
306
305
305
305
302
302
295
295
287
287
287
289
289
284
284
284
284
284
277
277
277
277
279
279
279
271
271
268
268
276
276
276
277
277
277
277
285
285
285
290
290
291
291
291
291
291
218
218
206
206
184
184
184
184
184
172
172
170
170
170
167
167
165
165
166
166
166
167
167
53
53
52
52
52
0
0
0
0
0
0
0
0
0
0
0
0
0
0
0
0
0
0
0
0
0
0
0
0
0
0
0
0
104
104
104
104
0
0
0
0
0
0
0
0
0
0
0
0
0
0
0
0
0
0
0
0
0
0
0
0
0
0
0
0
0
0
0
0
0
0
0
0
0
0
0
0
0
0
0
0
0
0
0
0
0
0
0
0
0
0
0
0
0
0
0
0
0
0
0
0
0
0
0
0
0
0
0
0
0
0
0
0
0
0
0
0
0
0
0
0
0
0
0
0
0
0
0
0
0
0
0
0
0
0
0
0
0
0
0
0
0
0
0
0
0
0
0
0
0
0
0
0
0
0
0
0
0
0
0
0
0
0
0
0
0
0
0
0
0
0
0
0
0
0
0
0
0
0
0
0
0
0
0
0
0
0
0
0
0
0
0
0
0
0
0
0
0
0
0
0
0
0
0
0
0
0
0
0
0
0
0
0
0
0
0
0
0
0
0
0
0
0
0
0
0
0
0
0
0
0
0
0
0
0
0
0
0
0
0
0
0
0
0
0
0
0
0
0
0
0
0
0
0
0
0
0
0
0
0
0
0
0
0
0
0
0
0
0
0
0
0
0
0
0
0
0
0
0
0
0
0
0
0
0
0
0
0
0
0
0
0
0
0
0
0
0
0
0
0
0
0
0
0
0
0
0
0
0
0
0
0
0
0
0
0
0
0
0
0
0
0
0
0
0
0
0
0
0
0
0
0
0
0
0
0
0
0
0
0
0
0
0
0
0
0
0
0
0
0
0
0
0
0
0
0
0
0
0
0
0
0
0
0
0
0
0
0
0
0
0
0
0
0
0
0
0
0
0
0
0
0
0
0
0
0
0
0
0
0
0
0
0
0
0
0
0
0
0
0
0
0
0
0
0
0
0
0
0
0
0
0
0
0
0
0
0
0
0
0
0
0
0
0
0
0
0
0
0
0
0
0
0
0
0
0
0
0
0
0
0
0
0
0
0
0
0
0
0
0
0
0
0
0
0
0
0
0
0
0
0
0
0
0
0
0
0
0
0
11
11
0
0
0
0
0
0
0
0
0
0
0
0
0
0
0
0
0
0
0
0
0
0
0
0
0
0
0
0
0
0
0
0
0
5.700000e-01
5.700000e-01
5.700000e-01
5.700000e-01
5.700000e-01
5.700000e-01
5.700000e-01
0
0
0
0
0
0
0
0
0
0
0
0
0
0
0
0
0
0
0
0
0
0
0
0
0
0
0
0
2.000000e-02
2.000000e-02
6.000000e-02
6.000000e-02
6.000000e-02
6.000000e-02
6.000000e-02
1.100000e-01
1.100000e-01
1.000000e-01
1.000000e-01
1.000000e-01
1.000000e-01
1.000000e-01
2.700000e-01
2.700000e-01
2.700000e-01
2.700000e-01
2.700000e-01
2.700000e-01
2.700000e-01
2.900000e-01
2.900000e-01
4.000000e-01
4.000000e-01
4.000000e-01
1.230000e+00
1.230000e+00
1.230000e+00
1.230000e+00
3.930000e+00
3.930000e+00
3.930000e+00
1.025000e+01
1.025000e+01
1.025000e+01
1.025000e+01
1.025000e+01
1.025000e+01
1.025000e+01
8.430000e+00
8.430000e+00
5.560000e+00
5.560000e+00
5.100000e+00
5.100000e+00
5.100000e+00
6.520000e+00
6.520000e+00
1.562000e+01
1.562000e+01
1.562000e+01
1.562000e+01
1.562000e+01
1.562000e+01
1.562000e+01
1.633000e+01
1.633000e+01
1.909000e+01
1.609000e+01
1.909000e+01
1.909000e+01
1.909000e+01
3.442000e+01
3.442000e+01
3.442000e+01
3.442000e+01
3.442000e+01
3.099000e+01
3.099000e+01
3.520000e+01
3.520000e+01
3.520000e+01
3.520000e+01
3.520000e+01
5.328000e+01
5.328000e+01
5.310000e+01
5.310000e+01
5.310000e+01
5.310000e+01
5.310000e+01
4.992000e+01
4.992000e+01
4.627000e+01
4.627000e+01
4.627000e+01
4.627000e+01
4.627000e+01
5.339000e+01
5.339000e+01
5.235000e+01
5.235000e+01
5.294000e+01
5.294000e+01
5.294000e+01
5.043000e+01
5.043000e+01
5.043000e+01
5.043000e+01
5.630000e+01
5.630000e+01
5.630000e+01
5.157000e+01
5.157000e+01
5.579000e+01
5.579000e+01
5.440000e+01
5.440000e+01
5.440000e+01
5.108000e+01
5.108000e+01
8.415000e+01
8.415000e+01
8.415000e+01
8.415000e+01
8.415000e+01
7.081000e+01
7.081000e+01
6.905000e+01
6.905000e+01
6.856000e+01
6.856000e+01
6.856000e+01
6.856000e+01
7.064000e+01
7.191000e+01
7.191000e+01
7.191000e+01
7.191000e+01
7.191000e+01
6.895000e+01
6.895000e+01
7.429000e+01
7.429000e+01
7.528000e+01
7.528000e+01
7.528000e+01
6.807000e+01
6.807000e+01
8.024000e+01
8.024000e+01
8.024000e+01
8.024000e+01
8.024000e+01
7.713000e+01
7.713000e+01
7.298000e+01
7.298000e+01
6.889000e+01
6.889000e+01
6.889000e+01
7.016000e+01
7.016000e+01
6.936000e+01
6.936000e+01
6.936000e+01
6.936000e+01
6.936000e+01
6.809000e+01
6.809000e+01
7.219000e+01
7.219000e+01
7.219000e+01
7.219000e+01
7.219000e+01
7.590000e+01
7.590000e+01
7.529000e+01
7.529000e+01
7.724000e+01
7.724000e+01
7.724000e+01
8.048000e+01
8.048000e+01
7.640000e+01
7.640000e+01
8.013000e+01
8.013000e+01
8.013000e+01
8.175000e+01
8.175000e+01
7.984000e+01
7.984000e+01
7.984000e+01
7.984000e+01
7.984000e+01
6.861000e+01
6.861000e+01
6.819000e+01
6.819000e+01
6.759000e+01
6.759000e+01
6.759000e+01
6.559000e+01
6.559000e+01
6.559000e+01
6.559000e+01
6.397000e+01
6.397000e+01
6.397000e+01
6.370000e+01
6.370000e+01
64
64
64
64
64
6.393000e+01
6.393000e+01
6.393000e+01
6.393000e+01
6.292000e+01
6.292000e+01
6.292000e+01
6.327000e+01
6.327000e+01
6.327000e+01
6.327000e+01
6.698000e+01
6.698000e+01
6.698000e+01
6.892000e+01
6.892000e+01
7.099000e+01
7.099000e+01
7.099000e+01
7.099000e+01
7.099000e+01
6.888000e+01
6.888000e+01
7.031000e+01
7.031000e+01
6.920000e+01
6.920000e+01
6.920000e+01
6.825000e+01
6.825000e+01
6.948000e+01
6.948000e+01
6.913000e+01
6.913000e+01
6.913000e+01
6.913000e+01
6.913000e+01
6.997000e+01
6.997000e+01
7.051000e+01
7.051000e+01
7.051000e+01
7.051000e+01
7.051000e+01
7.051000e+01
7.051000e+01
7.051000e+01
7.051000e+01
7.051000e+01
7.036000e+01
7.036000e+01
7.445000e+01
7.445000e+01
7.445000e+01
7.445000e+01
7.445000e+01
7.445000e+01
7.454000e+01
7.373000e+01
7.373000e+01
7.373000e+01
7.373000e+01
7.373000e+01
7.376000e+01
7.376000e+01
7.429000e+01
7.429000e+01
7.385000e+01
7.385000e+01
7.385000e+01
7.361000e+01
7.361000e+01
7.304000e+01
7.304000e+01
7.304000e+01
7.304000e+01
7.304000e+01
7.352000e+01
7.352000e+01
7.413000e+01
7.413000e+01
7.413000e+01
7.413000e+01
7.413000e+01
7.308000e+01
7.308000e+01
7.342000e+01
7.342000e+01
7.224000e+01
7.224000e+01
7.224000e+01
7.198000e+01
7.198000e+01
7.221000e+01
7.221000e+01
7.227000e+01
7.227000e+01
7.227000e+01
7.227000e+01
7.227000e+01
7.057000e+01
7.057000e+01
7.064000e+01
7.064000e+01
7.064000e+01
7.139000e+01
7.139000e+01
7.111000e+01
7.111000e+01
7.124000e+01
7.124000e+01
7.124000e+01
7.084000e+01
7.084000e+01
7.233000e+01
7.233000e+01
7.233000e+01
7.233000e+01
7.233000e+01
7.148000e+01
7.148000e+01
7.148000e+01
7.148000e+01
7.173000e+01
7.173000e+01
7.173000e+01
7.137000e+01
7.137000e+01
7.321000e+01
7.321000e+01
7.321000e+01
7.321000e+01
7.321000e+01
7.321000e+01
7.321000e+01
7.321000e+01
7.321000e+01
7.526000e+01
7.526000e+01
7.526000e+01
7.477000e+01
7.477000e+01
7.477000e+01
7.477000e+01
7.489000e+01
7.489000e+01
7.489000e+01
7.732000e+01
7.732000e+01
7.714000e+01
7.714000e+01
7.796000e+01
7.796000e+01
7.796000e+01
7.795000e+01
7.795000e+01
7.973000e+01
7.973000e+01
8.106000e+01
8.106000e+01
8.106000e+01
8.306000e+01
8.306000e+01
8.474000e+01
8.474000e+01
8.474000e+01
8.474000e+01
8.474000e+01
8.480000e+01
8.480000e+01
8.632000e+01
8.632000e+01
8.795000e+01
8.795000e+01
8.795000e+01
1.029400e+02
1.029400e+02
9.522000e+01
9.522000e+01
9.752000e+01
9.752000e+01
9.752000e+01
9.501000e+01
9.501000e+01
9.501000e+01
9.501000e+01
9.324000e+01
9.324000e+01
9.324000e+01
9.156000e+01
9.156000e+01
9.150000e+01
9.150000e+01
9.132000e+01
9.132000e+01
9.132000e+01
9.178000e+01
9.178000e+01
9.298000e+01
9.298000e+01
9.617000e+01
9.617000e+01
9.617000e+01
9.607000e+01
9.607000e+01
9.559000e+01
9.559000e+01
9.559000e+01
9.559000e+01
9.559000e+01
9.823000e+01
9.823000e+01
9.823000e+01
9.823000e+01
9.890000e+01
9.890000e+01
9.890000e+01
9.890000e+01
9.890000e+01
9.627000e+01
9.627000e+01
9.745000e+01
9.745000e+01
9.745000e+01
9.238000e+01
9.238000e+01
9.238000e+01
9.238000e+01
9.238000e+01
9.238000e+01
9.238000e+01
1.047600e+02
1.047600e+02
1.068100e+02
1.068100e+02
1.125700e+02
1.125700e+02
1.125700e+02
1.192300e+02
1.192300e+02
1.293400e+02
1.293400e+02
1.294500e+02
1.294500e+02
1.294500e+02
1.273000e+02
1.273000e+02
1.316400e+02
1.316400e+02
1.269500e+02
1.269500e+02
1.269500e+02
1.269500e+02
1.269500e+02
1.314100e+02
1.314100e+02
130
130
130
1.324000e+02
1.324000e+02
1.445100e+02
1.445100e+02
1.445100e+02
1.445100e+02
1.445100e+02
1.445100e+02
1.445100e+02
1.546100e+02
1.546100e+02
1.562800e+02
1.562800e+02
1.562800e+02
1.575200e+02
1.575200e+02
1.592900e+02
1.592900e+02
1.618700e+02
1.618700e+02
1.618700e+02
1.687000e+02
1.687000e+02
1.687000e+02
1.687000e+02
1.687000e+02
1.687000e+02
1.687000e+02
1.899300e+02
1.899300e+02
192
192
1.979100e+02
1.979100e+02
1.979100e+02
1.563900e+02
1.563900e+02
1.563900e+02
1.563900e+02
159
159
159
1.465900e+02
1.465900e+02
1.453300e+02
1.453300e+02
1.336000e+02
1.336000e+02
1.336000e+02
1.336000e+02
1.336000e+02
1.163900e+02
1.163900e+02
1.163900e+02
1.163900e+02
1.163900e+02
1.111400e+02
1.111400e+02
1.088000e+02
1.088000e+02
1.088000e+02
1.088000e+02
1.088000e+02
2.098100e+02
2.098100e+02
2.098100e+02
2.098100e+02
2.098100e+02
2.098100e+02
2.098100e+02
1.755300e+02
1.755300e+02
1.755300e+02
1.755300e+02
1.755300e+02
1.755300e+02
1.755300e+02
1.755300e+02
1.755300e+02
1.898800e+02
1.898800e+02
137
137
137
137
137
137
137
1.366300e+02
1.366300e+02
1.366300e+02
1.404600e+02
1.404600e+02
1.404600e+02
1.404600e+02
98
98
98
95
95
93
93
93
93
93
94
94
94
94
99
99
99
9.510000e+01
9.510000e+01
94
94
94
94
94
94
94
95
95
94
94
94
9.872000e+01
9.872000e+01
9.710000e+01
9.710000e+01
97
97
97
96
96
96
96
94
94
94
94
94
95
95
9.459000e+01
9.459000e+01
9.459000e+01
9.459000e+01
9.459000e+01
9.459000e+01
9.459000e+01
9.459000e+01
9.459000e+01
9.459000e+01
9.459000e+01
9.459000e+01
9.459000e+01
9.459000e+01
9.960000e+01
9.960000e+01
9.960000e+01
9.960000e+01
9.960000e+01
9.960000e+01
9.960000e+01
100
100
100
100
100
100
100
100
100
100
1.002000e+02
1.002000e+02
1.002000e+02
1.002000e+02
1.002000e+02
1.002000e+02
1.002000e+02
1.002000e+02
1.002000e+02
1.002000e+02
1.002000e+02
1.002000e+02
1.002000e+02
1.002000e+02
1.002000e+02
1.002000e+02
1.002000e+02
1.002000e+02
1.002000e+02
1.002000e+02
1.002000e+02
1.002000e+02
1.002000e+02
1.002000e+02
1.002000e+02
1.002000e+02
