0
0
0
0
0
0
0
0
0
0
0
0
0
0
0
0
0
0
0
0
0
0
0
0
0
0
0
0
0
0
0
0
0
0
0
0
0
0
0
0
0
0
0
0
0
0
0
0
0
0
0
0
0
0
0
0
0
0
0
0
0
0
0
0
0
0
0
0
0
0
0
0
0
0
0
0
0
0
0
0
0
0
0
0
0
0
0
0
0
0
0
0
0
0
0
0
0
0
0
0
0
0
0
0
0
0
0
0
0
0
0
0
0
0
0
0
0
0
0
0
0
0
0
0
0
0
0
0
0
0
0
0
0
0
0
0
0
0
0
0
0
0
0
0
0
0
0
0
0
0
0
0
0
0
0
0
0
0
0
0
0
0
0
0
0
0
0
0
0
0
0
0
0
0
0
0
0
0
0
0
0
0
0
0
0
0
0
0
0
0
0
0
0
0
0
0
0
0
0
0
0
0
0
0
0
0
0
0
0
0
0
0
0
0
0
0
0
0
0
0
0
0
0
0
0
0
0
0
0
0
0
0
0
0
0
0
0
0
0
0
0
0
0
0
0
0
0
0
0
0
0
0
0
0
0
0
0
0
0
0
0
0
0
0
0
0
0
0
0
0
0
0
0
0
0
0
0
0
0
0
0
0
0
0
0
0
0
0
0
0
0
0
0
0
0
0
0
0
0
0
0
0
0
0
0
0
0
0
0
0
0
0
0
0
0
0
0
0
0
0
0
0
0
0
0
0
0
0
0
0
0
0
0
0
0
0
0
0
0
0
0
0
0
0
0
0
0
0
0
0
0
0
0
0
0
0
0
0
0
0
0
0
0
0
0
0
0
0
0
0
0
0
0
0
0
0
0
0
0
0
0
0
0
0
0
0
0
0
0
0
0
0
0
0
0
0
0
0
0
0
0
0
0
0
0
0
0
0
0
0
0
0
0
0
0
0
0
0
0
0
0
0
0
0
0
0
0
0
0
0
0
0
0
0
0
0
0
0
0
0
0
0
0
0
0
0
0
0
0
0
0
0
0
0
0
0
0
0
0
0
0
0
0
0
0
0
0
0
0
0
0
0
0
0
0
0
0
0
0
0
0
0
0
0
0
0
0
0
0
0
0
0
0
0
0
0
0
0
0
0
0
0
0
0
0
0
0
0
0
0
0
0
0
0
0
0
0
0
0
0
0
0
0
0
0
0
0
0
0
0
0
0
0
0
0
0
0
0
0
0
0
0
0
0
0
0
0
0
0
0
0
0
0
0
0
0
0
0
0
0
0
0
0
0
0
0
0
0
0
0
0
0
0
0
0
0
0
0
0
0
0
0
0
0
0
0
0
0
0
0
0
0
0
0
0
0
0
0
0
0
0
0
0
0
0
0
0
0
0
0
0
0
0
0
0
0
0
0
0
0
0
0
0
0
0
0
0
0
0
0
0
0
0
0
0
0
0
0
0
0
0
0
0
0
0
0
0
0
0
0
0
0
0
0
0
0
0
0
0
0
0
0
0
0
0
0
0
0
0
0
0
0
0
0
0
0
0
0
0
0
0
0
0
0
0
0
0
0
0
0
0
0
0
0
0
0
0
0
0
0
0
0
0
0
0
0
0
0
0
0
0
0
0
0
0
0
0
0
0
0
0
0
0
0
0
0
0
0
0
0
0
0
0
0
0
0
0
0
0
0
0
0
0
0
0
0
0
0
0
0
0
0
0
0
0
0
0
0
0
0
0
0
0
0
0
0
0
0
0
0
0
0
0
0
0
0
0
0
0
0
0
0
0
0
0
0
0
0
0
0
0
0
0
0
0
0
0
0
0
0
0
0
0
0
0
0
0
0
0
0
0
0
0
0
0
0
0
0
0
0
0
0
0
0
0
0
0
0
0
0
0
0
0
0
0
0
0
0
0
0
0
0
0
0
0
0
0
0
0
0
0
0
0
0
0
0
0
0
0
0
0
0
0
0
0
0
0
0
0
0
0
0
0
0
0
0
0
0
0
0
0
0
0
0
0
0
0
0
0
0
0
0
0
0
0
0
0
0
0
0
0
0
0
0
0
0
0
0
0
0
0
0
0
0
0
0
0
0
0
0
0
0
0
0
0
0
0
0
0
0
0
0
0
0
0
0
0
0
0
0
0
0
0
0
0
0
0
0
0
0
0
0
0
0
0
0
0
0
0
0
0
0
0
0
0
0
0
0
0
0
0
0
0
0
0
0
0
0
0
0
0
0
0
0
0
0
0
0
0
0
0
0
0
0
0
0
0
0
0
0
0
0
0
0
0
0
0
0
0
0
0
0
0
0
0
0
0
0
0
0
0
0
0
0
0
0
0
0
0
0
0
0
0
0
0
0
0
0
0
0
0
0
0
0
0
0
0
0
0
0
0
0
0
0
0
0
0
0
0
0
0
0
0
0
0
0
0
0
0
0
0
0
0
0
0
0
0
0
0
0
0
0
0
0
0
0
0
0
0
0
0
0
0
0
0
0
0
0
0
0
0
0
0
0
0
0
0
0
0
0
0
0
0
0
0
0
0
0
0
0
0
0
0
0
0
0
0
0
0
0
0
0
0
0
0
0
0
0
0
0
0
0
0
0
0
0
0
0
0
0
0
0
0
0
0
0
0
0
0
0
0
0
0
0
0
0
0
0
0
0
0
0
0
0
0
0
0
0
0
0
0
0
0
0
0
0
0
0
0
0
0
0
0
0
0
0
0
0
0
0
0
0
0
0
0
0
0
0
0
0
0
0
0
0
0
0
0
0
0
0
0
0
0
0
0
0
0
0
0
0
0
0
0
0
0
0
0
0
0
0
0
0
0
0
0
0
0
0
0
0
0
0
0
0
0
0
0
0
0
0
0
0
0
0
0
0
0
0
0
0
0
0
0
0
0
0
0
0
0
0
0
0
0
0
0
0
0
0
0
0
0
0
0
0
0
0
0
0
0
0
0
0
0
0
0
0
0
0
0
0
0
0
0
0
0
0
0
0
0
0
0
0
0
0
0
0
0
0
0
0
0
0
0
0
0
0
0
0
0
0
0
0
0
0
0
0
0
0
0
0
0
0
0
0
0
0
0
0
0
0
0
0
0
0
0
0
0
0
0
0
0
0
0
0
0
0
0
0
0
0
0
0
0
0
0
0
0
0
0
0
0
0
0
0
0
0
0
0
0
0
0
0
0
0
0
0
0
0
0
0
0
0
0
0
0
0
0
0
0
0
0
0
0
0
0
0
0
0
0
0
0
0
0
0
0
0
0
0
0
0
0
0
0
0
0
0
0
0
0
0
0
0
0
0
0
0
0
0
0
0
0
0
0
0
0
0
0
0
0
0
0
0
0
0
0
0
0
0
0
0
0
2.070000e+00
1.040000e+01
1.040000e+01
1.040000e+01
1.763000e+01
1.763000e+01
9.970000e+00
3.170000e+00
2.629000e+01
2.629000e+01
2.629000e+01
3.202000e+01
3.306000e+01
3.936000e+01
4.474000e+01
4.942000e+01
4.942000e+01
4.942000e+01
1.409000e+01
3.840000e+01
8.023000e+01
7.172000e+01
8.382000e+01
8.382000e+01
8.382000e+01
8.382000e+01
3.552000e+01
9.545000e+01
7.181000e+01
7.277000e+01
7.277000e+01
7.277000e+01
1.643100e+02
1.821500e+02
1.696400e+02
1.696400e+02
2.146000e+02
2.146000e+02
2.146000e+02
3.969000e+01
9.749000e+01
1.969200e+02
2.291100e+02
2.152900e+02
2.152900e+02
2.152900e+02
2.946100e+02
2.946100e+02
3.603600e+02
3.603600e+02
3.603600e+02
3.603600e+02
3.603600e+02
5.585300e+02
5.629600e+02
3.441500e+02
2.441100e+02
5.510700e+02
5.510700e+02
5.510700e+02
6.872500e+02
6.872500e+02
6.872500e+02
6.872500e+02
6.872500e+02
6.872500e+02
6.872500e+02
6.825600e+02
6.825600e+02
6.825600e+02
7.164300e+02
7.164300e+02
7.164300e+02
7.164300e+02
6.447700e+02
6.447700e+02
6.447700e+02
6.447700e+02
6.447700e+02
6.447700e+02
6.447700e+02
6.422900e+02
6.422900e+02
6.422900e+02
6.425200e+02
6.429900e+02
6.429900e+02
6.429900e+02
6.461000e+02
6.461000e+02
6.461000e+02
6.461000e+02
6.461000e+02
6.461000e+02
6.461000e+02
8.067900e+02
8.067900e+02
8.006700e+02
8.006700e+02
2.121900e+02
2.121900e+02
2.121900e+02
1.664400e+02
1.664400e+02
1.664400e+02
1.664400e+02
1.664400e+02
1.664400e+02
1.664400e+02
1.001700e+02
1.001700e+02
1.771100e+02
1.771100e+02
1.771100e+02
1.771100e+02
1.771100e+02
1.627800e+02
1.880728e+02
1.572000e+02
1.572000e+02
1.536300e+02
1.536300e+02
1.536300e+02
1.536300e+02
1.536300e+02
1.439000e+02
1.439000e+02
1.414800e+02
1.414800e+02
1.414800e+02
1.397200e+02
1.397200e+02
1.330600e+02
1.330600e+02
1.321700e+02
1.321700e+02
1.321700e+02
129
129
1.279100e+02
1.279100e+02
1.272900e+02
1.272900e+02
1.272900e+02
1.249000e+02
1.249000e+02
1.252700e+02
1.252700e+02
1.223000e+02
1.223000e+02
1.223000e+02
1.174700e+02
1.174700e+02
1.165800e+02
1.165800e+02
1.165800e+02
1.165800e+02
1.165800e+02
1.113600e+02
1.113600e+02
1.086600e+02
1.086600e+02
1.086600e+02
1.086600e+02
1.086600e+02
1.086600e+02
1.086600e+02
1.002400e+02
1.002400e+02
9.624000e+01
9.624000e+01
9.624000e+01
9.480000e+01
9.480000e+01
9.226000e+01
9.226000e+01
9.147000e+01
9.147000e+01
9.147000e+01
9.147000e+01
9.147000e+01
9.147000e+01
9.147000e+01
9.147000e+01
9.147000e+01
9.147000e+01
9.147000e+01
9.147000e+01
7.599000e+01
7.599000e+01
7.599000e+01
7.599000e+01
7.599000e+01
6.106000e+01
6.106000e+01
6.022000e+01
6.022000e+01
6.102000e+01
6.102000e+01
6.102000e+01
6.129000e+01
6.129000e+01
6.073000e+01
6.073000e+01
6.010000e+01
6.010000e+01
6.010000e+01
5.419000e+01
5.419000e+01
5.513000e+01
5.513000e+01
5.519000e+01
5.519000e+01
5.519000e+01
5.619000e+01
5.619000e+01
5.653000e+01
5.653000e+01
5.653000e+01
5.653000e+01
5.653000e+01
5.653000e+01
5.653000e+01
5.296000e+01
5.296000e+01
5.296000e+01
5.296000e+01
5.296000e+01
5.530000e+01
5.530000e+01
5.566000e+01
5.566000e+01
5.721000e+01
5.721000e+01
5.721000e+01
5.804000e+01
5.804000e+01
5.804000e+01
5.804000e+01
5.583000e+01
5.583000e+01
5.583000e+01
5.742000e+01
5.742000e+01
6.049000e+01
6.049000e+01
5.848000e+01
5.848000e+01
5.848000e+01
5.838000e+01
5.838000e+01
5.838000e+01
5.838000e+01
5.838000e+01
5.838000e+01
5.838000e+01
5.838000e+01
5.838000e+01
5.838000e+01
5.838000e+01
6.026000e+01
6.026000e+01
6.026000e+01
6.026000e+01
6.026000e+01
5.993000e+01
5.993000e+01
5.998000e+01
5.998000e+01
5.998000e+01
6.047000e+01
6.047000e+01
6.047000e+01
6.047000e+01
6.163000e+01
6.163000e+01
6.163000e+01
6.163000e+01
6.163000e+01
7.511000e+01
7.511000e+01
8.927000e+01
8.927000e+01
8.927000e+01
1.462800e+02
1.462800e+02
2.008100e+02
2.008100e+02
2.295700e+02
2.295700e+02
2.295700e+02
2.920800e+02
2.920800e+02
3.432500e+02
3.432500e+02
4.029000e+02
4.029000e+02
4.029000e+02
5.277800e+02
5.277800e+02
5.277800e+02
5.277800e+02
7.317300e+02
7.317300e+02
7.317300e+02
8.396500e+02
8.396500e+02
7.353800e+02
7.353800e+02
7.353800e+02
7.353800e+02
7.353800e+02
9.028200e+02
9.028200e+02
9.020400e+02
9.020400e+02
9.020400e+02
9.020400e+02
9.020400e+02
9.064600e+02
9.064600e+02
8.749200e+02
8.749200e+02
8.795900e+02
8.795900e+02
8.795900e+02
8.845600e+02
8.845600e+02
8.845600e+02
8.845600e+02
8.845600e+02
8.845600e+02
8.845600e+02
8.503100e+02
8.503100e+02
8.503100e+02
8.503100e+02
8.503100e+02
8.503100e+02
8.503100e+02
8.145900e+02
8.145900e+02
8.110400e+02
8.110400e+02
8.110400e+02
8.110400e+02
8.110400e+02
8.110400e+02
8.110400e+02
7.875700e+02
7.875700e+02
7.875700e+02
7.875700e+02
7.875700e+02
8.022600e+02
8.022600e+02
8.022600e+02
8.022600e+02
8.022600e+02
8.022600e+02
8.022600e+02
7.673500e+02
7.673500e+02
7.673500e+02
7.673500e+02
7.673500e+02
7.673500e+02
7.673500e+02
7.434500e+02
7.434500e+02
7.419700e+02
7.419700e+02
7.354000e+02
7.354000e+02
7.354000e+02
7.299500e+02
7.299500e+02
7.299500e+02
7.299500e+02
7.299500e+02
7.299500e+02
7.299500e+02
7.299500e+02
7.181800e+02
7.181800e+02
7.181800e+02
7.121600e+02
7.121600e+02
7.121600e+02
3.442200e+02
3.442200e+02
3.442200e+02
3.442200e+02
3.442200e+02
3.442200e+02
3.442200e+02
3.442200e+02
3.023800e+02
3.023800e+02
2.955200e+02
2.891700e+02
2.891700e+02
2.891700e+02
2.806600e+02
2.806600e+02
2.806600e+02
2.806600e+02
2.806600e+02
2.806600e+02
2.806600e+02
2.623400e+02
2.623400e+02
2.623400e+02
2.623400e+02
2.481800e+02
2.481800e+02
2.481800e+02
2.352500e+02
2.352500e+02
2.352500e+02
2.352500e+02
2.352500e+02
2.352500e+02
2.352500e+02
2.352500e+02
2.352500e+02
2.352500e+02
2.352500e+02
2.156300e+02
2.156300e+02
2.156300e+02
1.931200e+02
1.931200e+02
1.931200e+02
1.931200e+02
1.931200e+02
1.931200e+02
1.931200e+02
1.931200e+02
1.931200e+02
1.475600e+02
1.475600e+02
1.475600e+02
1.475600e+02
1.475600e+02
5.437100e+02
5.437100e+02
5.437100e+02
5.437100e+02
5.437100e+02
5.437100e+02
5.437100e+02
5.437100e+02
5.437100e+02
5.437100e+02
5.437100e+02
5.437100e+02
5.437100e+02
5.437100e+02
6.522200e+02
6.522200e+02
6.401100e+02
6.401100e+02
6.401100e+02
6.401100e+02
6.401100e+02
6.341500e+02
6.341500e+02
6.341500e+02
6.341500e+02
6.341500e+02
6.341500e+02
6.341500e+02
6.127000e+02
6.127000e+02
6.127000e+02
6.127000e+02
6.127000e+02
6.127000e+02
6.127000e+02
6.089400e+02
6.089400e+02
4.996600e+02
4.996600e+02
6.171900e+02
6.171900e+02
6.171900e+02
6.148300e+02
6.148300e+02
5.926300e+02
5.926300e+02
5.999600e+02
5.999600e+02
5.999600e+02
5.853900e+02
5.853900e+02
5.832300e+02
5.832300e+02
5.815100e+02
5.815100e+02
5.815100e+02
5.883900e+02
5.883900e+02
5.883900e+02
5.883900e+02
5.883900e+02
5.883900e+02
5.883900e+02
5.907100e+02
5.907100e+02
5.815300e+02
5.815300e+02
5.692000e+02
5.692000e+02
5.692000e+02
5.692000e+02
5.692000e+02
5.692000e+02
5.692000e+02
5.549100e+02
5.549100e+02
5.549100e+02
5.541900e+02
5.541900e+02
5.585700e+02
5.585700e+02
5.585700e+02
5.585700e+02
5.585700e+02
5.585700e+02
5.585700e+02
5.585700e+02
5.585700e+02
5.585700e+02
5.585700e+02
5.585700e+02
5.585700e+02
5.585700e+02
5.345600e+02
5.345600e+02
5.345600e+02
5.345600e+02
5.345600e+02
5.345600e+02
5.345600e+02
5.345600e+02
5.345600e+02
5.345600e+02
5.345600e+02
5.345600e+02
5.345600e+02
5.345600e+02
5.345600e+02
5.345600e+02
5.345600e+02
5.345600e+02
5.345600e+02
5.345600e+02
5.345600e+02
5.141400e+02
5.141400e+02
5.141400e+02
5.141400e+02
5.141400e+02
5.141400e+02
5.141400e+02
5.141400e+02
5.141400e+02
5.141400e+02
5.141400e+02
5.141400e+02
5.141400e+02
5.040600e+02
5.040600e+02
5.040600e+02
5.040600e+02
5.040600e+02
5.040600e+02
4.952100e+02
4.952100e+02
491
491
491
491
491
4.893700e+02
4.893700e+02
4.893700e+02
4.893700e+02
4.893700e+02
4.893700e+02
4.893700e+02
4.913500e+02
4.913500e+02
4.890300e+02
4.890300e+02
4.811300e+02
4.811300e+02
4.811300e+02
4.794400e+02
4.794400e+02
4.794400e+02
4.794400e+02
4.794400e+02
4.794400e+02
4.794400e+02
4.717400e+02
4.717400e+02
471
471
4.686300e+02
4.686300e+02
4.686300e+02
4.725700e+02
4.725700e+02
4.725700e+02
4.725700e+02
4.725700e+02
4.725700e+02
4.725700e+02
4.635000e+02
4.635000e+02
4.728300e+02
4.728300e+02
4.761800e+02
4.761800e+02
4.761800e+02
4.672100e+02
4.672100e+02
4.672100e+02
4.672100e+02
4.672100e+02
4.672100e+02
4.672100e+02
4.672100e+02
4.672100e+02
4.672100e+02
4.672100e+02
4.672100e+02
4.672100e+02
4.672100e+02
4.570400e+02
4.570400e+02
4.564500e+02
4.564500e+02
4.543000e+02
4.543000e+02
4.543000e+02
4.509800e+02
4.509800e+02
4.476800e+02
4.476800e+02
4.500400e+02
4.500400e+02
4.500400e+02
4.481500e+02
4.481500e+02
4.481500e+02
4.481500e+02
4.481500e+02
4.481500e+02
4.481500e+02
4.443900e+02
4.443900e+02
4.415500e+02
4.415500e+02
4.433600e+02
4.433600e+02
4.433600e+02
4.402100e+02
4.402100e+02
4.402100e+02
4.402100e+02
4.397300e+02
4.397300e+02
4.397300e+02
4.385400e+02
4.385400e+02
4.380500e+02
4.380500e+02
4.376700e+02
4.376700e+02
4.376700e+02
4.376700e+02
4.376700e+02
4.376700e+02
4.376700e+02
4.307000e+02
4.307000e+02
4.307000e+02
4.307000e+02
4.307000e+02
4.244400e+02
4.244400e+02
4.209000e+02
4.209000e+02
4.209000e+02
4.289700e+02
4.289700e+02
4.246600e+02
4.246600e+02
4.246600e+02
4.246600e+02
4.246600e+02
4.210400e+02
4.210400e+02
4.166200e+02
4.166200e+02
4.161200e+02
4.161200e+02
4.161200e+02
4.119700e+02
4.119700e+02
4.119700e+02
4.119700e+02
4.109300e+02
4.109300e+02
4.109300e+02
4.102200e+02
4.102200e+02
4.079700e+02
4.079700e+02
4.086100e+02
4.086100e+02
4.086100e+02
4.148200e+02
4.148200e+02
2.795900e+02
2.795900e+02
2.795900e+02
2.795900e+02
2.795900e+02
4.212400e+02
4.212400e+02
4.157200e+02
4.157200e+02
4.118400e+02
4.118400e+02
4.118400e+02
4.074800e+02
4.074800e+02
4.043100e+02
4.043100e+02
3.977600e+02
3.977600e+02
3.977600e+02
3.966000e+02
3.966000e+02
3.966000e+02
3.966000e+02
3.938200e+02
3.938200e+02
3.938200e+02
3.892800e+02
3.892800e+02
3.941700e+02
3.941700e+02
3.941700e+02
3.941700e+02
3.941700e+02
3.886800e+02
3.886800e+02
3.827900e+02
3.827900e+02
3.859500e+02
3.859500e+02
3.859500e+02
3.872000e+02
3.872000e+02
3.865600e+02
3.865600e+02
3.811000e+02
3.811000e+02
3.811000e+02
3.813100e+02
3.813100e+02
3.813100e+02
3.798700e+02
3.777100e+02
3.777100e+02
3.777100e+02
3.776000e+02
3.776000e+02
3.776000e+02
3.776000e+02
3.776000e+02
3.776000e+02
3.776000e+02
3.741500e+02
3.741500e+02
3.717200e+02
3.717200e+02
3.717600e+02
3.717600e+02
3.717600e+02
3.717300e+02
3.717300e+02
3.709500e+02
3.709500e+02
3.686500e+02
3.686500e+02
3.686500e+02
3.675800e+02
3.675800e+02
3.667400e+02
3.667400e+02
3.670600e+02
3.670600e+02
3.670600e+02
3.678700e+02
3.678700e+02
3.686100e+02
3.686100e+02
3.619500e+02
3.619500e+02
3.619500e+02
3.647800e+02
3.647800e+02
3.688500e+02
3.688500e+02
3.673500e+02
3.673500e+02
3.673500e+02
3.668600e+02
3.668600e+02
3.665300e+02
3.665300e+02
3.662100e+02
3.662100e+02
3.662100e+02
3.647400e+02
3.647400e+02
3.632600e+02
3.632600e+02
3.648400e+02
3.648400e+02
3.648400e+02
3.632800e+02
3.632800e+02
3.621100e+02
3.621100e+02
3.621100e+02
3.621100e+02
3.621100e+02
3.610900e+02
3.610900e+02
3.597300e+02
3.597300e+02
3.593900e+02
3.593900e+02
3.593900e+02
3.599000e+02
3.599000e+02
2.612800e+02
2.612800e+02
3.581600e+02
3.581600e+02
3.581600e+02
3.580500e+02
3.580500e+02
3.552800e+02
3.552800e+02
3.552800e+02
3.552800e+02
3.552800e+02
3.578900e+02
3.578900e+02
3.565200e+02
3.565200e+02
3.562100e+02
3.562100e+02
3.562100e+02
3.565200e+02
3.565200e+02
3.541200e+02
3.541200e+02
3.582700e+02
3.582700e+02
3.582700e+02
3.605900e+02
3.605900e+02
3.605900e+02
3.605900e+02
3.605900e+02
3.605900e+02
3.605900e+02
3.568500e+02
3.568500e+02
3.564700e+02
3.564700e+02
3.529600e+02
3.529600e+02
3.529600e+02
3.563400e+02
3.563400e+02
3.563400e+02
3.563400e+02
1.678000e+02
1.678000e+02
1.678000e+02
3.541800e+02
3.541800e+02
2.102100e+02
2.102100e+02
2.102100e+02
2.102100e+02
2.102100e+02
3.660200e+02
3.660200e+02
3.671200e+02
3.671200e+02
3.650200e+02
3.650200e+02
3.650200e+02
3.662600e+02
3.662600e+02
3.620500e+02
3.620500e+02
3.623300e+02
3.623300e+02
3.623300e+02
3.603900e+02
3.603900e+02
3.545600e+02
3.545600e+02
3.570400e+02
3.570400e+02
3.570400e+02
3.544800e+02
3.544800e+02
3.544800e+02
3.544800e+02
3.526400e+02
3.526400e+02
3.526400e+02
3.511600e+02
3.511600e+02
3.511600e+02
3.511600e+02
3.511600e+02
3.511600e+02
3.511600e+02
3.524100e+02
3.524100e+02
3.498700e+02
3.498700e+02
3.498700e+02
3.498700e+02
3.498700e+02
3.524500e+02
3.524500e+02
3.515000e+02
3.515000e+02
3.499800e+02
3.499800e+02
3.499800e+02
3.512900e+02
3.512900e+02
3.503800e+02
3.503800e+02
3.493900e+02
3.493900e+02
3.493900e+02
3.484300e+02
3.484300e+02
3.951100e+02
3.951100e+02
3.951100e+02
3.951100e+02
3.951100e+02
3.951100e+02
3.951100e+02
3.443000e+02
3.443000e+02
3.443000e+02
3.443000e+02
3.443000e+02
3.458800e+02
3.458800e+02
3.098200e+02
3.098200e+02
3.598500e+02
3.598500e+02
3.598500e+02
3.575800e+02
3.575800e+02
3.552100e+02
3.552100e+02
3.545300e+02
3.545300e+02
3.545300e+02
3.541000e+02
3.541000e+02
3.523000e+02
3.523000e+02
3.523000e+02
3.523000e+02
3.523000e+02
3.521600e+02
3.521600e+02
3.476500e+02
3.476500e+02
3.476500e+02
3.476500e+02
3.476500e+02
3.532100e+02
3.532100e+02
1.655100e+02
1.655100e+02
3.539400e+02
3.539400e+02
3.539400e+02
2.564500e+02
2.564500e+02
3.494400e+02
3.494400e+02
3.494400e+02
3.494400e+02
3.494400e+02
3.494400e+02
3.494400e+02
3.548200e+02
3.548200e+02
354
354
354
3.525800e+02
3.525800e+02
3.552500e+02
3.552500e+02
3.552500e+02
3.552500e+02
3.552500e+02
3.538700e+02
3.538700e+02
3.497100e+02
3.497100e+02
3.507900e+02
3.507900e+02
3.507900e+02
3.501900e+02
3.501900e+02
3.490900e+02
3.490900e+02
3.490900e+02
3.490900e+02
3.490900e+02
2.552200e+02
2.552200e+02
2.539200e+02
2.539200e+02
2.539200e+02
2.539200e+02
2.539200e+02
2.546200e+02
2.546200e+02
2.538800e+02
2.538800e+02
2.538800e+02
2.538800e+02
2.538800e+02
2.532100e+02
2.532100e+02
2.552400e+02
2.552400e+02
2.552400e+02
2.552400e+02
2.552400e+02
2.584400e+02
2.584400e+02
2.453700e+02
2.453700e+02
2.453700e+02
2.453700e+02
2.453700e+02
3.476400e+02
3.476400e+02
3.476400e+02
3.476400e+02
3.450300e+02
3.450300e+02
3.450300e+02
3.437700e+02
3.437700e+02
3.423100e+02
3.423100e+02
3.423100e+02
3.423100e+02
3.423100e+02
3.423100e+02
3.423100e+02
3.409600e+02
3.409600e+02
3.409600e+02
3.409600e+02
3.409600e+02
3.384600e+02
3.384600e+02
3.384600e+02
3.384600e+02
3.387400e+02
3.387400e+02
3.387400e+02
338
338
3.370500e+02
3.370500e+02
3.376900e+02
3.376900e+02
3.376900e+02
3.365400e+02
3.365400e+02
3.370900e+02
3.370900e+02
3.370900e+02
3.370900e+02
3.370900e+02
3.373100e+02
3.373100e+02
3.373500e+02
3.373500e+02
3.362400e+02
3.362400e+02
3.362400e+02
3.373500e+02
3.373500e+02
3.377500e+02
3.377500e+02
3.377500e+02
3.377500e+02
3.377500e+02
3.358200e+02
3.358200e+02
3.361300e+02
3.361300e+02
3.475500e+02
3.475500e+02
3.475500e+02
3.475500e+02
3.475500e+02
3.475500e+02
3.475500e+02
3.475500e+02
3.475500e+02
3.475500e+02
3.401700e+02
3.401700e+02
3.389100e+02
3.389100e+02
3.399400e+02
3.399400e+02
3.399400e+02
3.399400e+02
3.399400e+02
3.390300e+02
3.390300e+02
3.390300e+02
3.390300e+02
3.390300e+02
3.371700e+02
3.371700e+02
3.384600e+02
3.384600e+02
3.384000e+02
3.384000e+02
3.384000e+02
3.384000e+02
3.384000e+02
3.384000e+02
3.384000e+02
3.384000e+02
3.384000e+02
3.384000e+02
3.401600e+02
3.401600e+02
3.401600e+02
3.401600e+02
3.417100e+02
3.417100e+02
3.417100e+02
3.413800e+02
3.413800e+02
3.409300e+02
3.409300e+02
3.425700e+02
3.425700e+02
3.425700e+02
343
343
341
341
341
341
341
341
341
340
340
342
342
342
345
345
340
340
340
340
340
344
344
344
344
344
344
344
3.409400e+02
3.409400e+02
3.425700e+02
3.425700e+02
3.430500e+02
3.430500e+02
3.430500e+02
3.440100e+02
3.440100e+02
3.438800e+02
3.438800e+02
3.476000e+02
3.476000e+02
3.476000e+02
3.460400e+02
3.460400e+02
3.460400e+02
3.460400e+02
3.495500e+02
3.495500e+02
3.495500e+02
3.513700e+02
3.513700e+02
3.537900e+02
3.537900e+02
3.536500e+02
3.536500e+02
3.536500e+02
3.582800e+02
3.582800e+02
3.558700e+02
3.558700e+02
3.563200e+02
3.563200e+02
3.563200e+02
3.565300e+02
3.565300e+02
3.565300e+02
3.565300e+02
3.552600e+02
3.552600e+02
3.552600e+02
3.565600e+02
3.565600e+02
3.564500e+02
3.564500e+02
3.549100e+02
3.549100e+02
3.549100e+02
3.549700e+02
3.549700e+02
3.541300e+02
3.541300e+02
3.550800e+02
3.550800e+02
3.550800e+02
3.554800e+02
3.554800e+02
3.583700e+02
3.583700e+02
3.583700e+02
3.583700e+02
3.583700e+02
3.490900e+02
3.490900e+02
3.592000e+02
3.592000e+02
3.599900e+02
3.599900e+02
3.599900e+02
3.594100e+02
3.594100e+02
3.603000e+02
3.603000e+02
3.613900e+02
3.613900e+02
3.613900e+02
3.575000e+02
3.575000e+02
3.551600e+02
3.551600e+02
3.620200e+02
3.620200e+02
3.620200e+02
3.613000e+02
3.613000e+02
3.613000e+02
3.613000e+02
3.626200e+02
3.626200e+02
3.626200e+02
3.692500e+02
3.692500e+02
3.698300e+02
3.698300e+02
3.702200e+02
3.702200e+02
3.702200e+02
3.702200e+02
3.702200e+02
3.702200e+02
3.702200e+02
3.702200e+02
3.702200e+02
3.702200e+02
3.730900e+02
3.730900e+02
3.732600e+02
3.732600e+02
3.732600e+02
3.732600e+02
3.732600e+02
3.735200e+02
3.735200e+02
3.712700e+02
3.712700e+02
3.727100e+02
3.727100e+02
3.727100e+02
3.681200e+02
3.681200e+02
3.736900e+02
3.736900e+02
3.745200e+02
3.745200e+02
3.745200e+02
3.730200e+02
3.730200e+02
3.733700e+02
3.733700e+02
3.733700e+02
