0
0
0
0
0
0
0
0
0
0
0
0
0
0
0
0
0
0
0
0
0
0
0
0
0
0
0
0
0
0
0
0
0
0
0
0
0
0
0
0
0
0
0
0
0
0
0
0
0
0
0
0
0
0
0
0
0
0
0
0
0
0
0
0
0
0
0
0
0
0
0
0
0
0
0
0
0
0
0
0
0
0
0
0
0
0
0
0
0
0
0
0
0
0
0
0
0
0
0
0
0
0
0
0
0
0
0
0
0
0
0
0
0
0
0
0
0
0
0
0
0
0
0
0
0
0
0
0
0
0
0
0
0
0
0
0
0
0
0
0
0
0
0
0
0
0
0
0
0
0
0
0
0
0
0
0
0
0
0
0
0
0
0
0
0
0
0
0
0
0
0
0
0
0
0
0
0
0
0
0
0
0
0
0
0
0
0
0
0
0
0
0
0
0
0
0
0
0
0
0
0
0
0
0
0
0
0
0
0
0
0
0
0
0
0
0
0
0
0
0
0
0
0
0
0
0
0
0
0
0
0
0
0
0
0
0
0
0
0
0
0
0
0
0
0
0
0
0
0
0
0
0
0
0
0
0
0
0
0
0
0
0
0
0
0
0
0
0
0
0
0
0
0
0
0
0
0
0
0
0
0
0
0
0
0
0
0
0
0
0
0
0
0
0
0
0
0
0
0
0
0
0
0
0
0
0
0
0
0
0
0
0
0
0
0
0
0
0
0
0
0
0
0
0
0
0
0
0
0
0
0
0
0
0
0
0
0
0
0
0
0
0
0
0
0
0
0
0
0
0
0
0
0
0
0
0
0
0
0
0
0
0
0
0
0
0
0
0
0
0
0
0
0
0
0
0
0
0
0
0
0
0
0
0
0
0
0
0
0
0
0
0
0
0
0
0
0
0
0
0
0
0
0
0
0
0
0
0
0
0
0
0
0
0
0
0
0
0
0
0
0
0
0
0
0
0
0
0
0
0
0
0
0
0
0
0
0
0
0
0
0
0
0
0
0
0
0
0
0
0
0
0
0
0
0
0
0
0
0
0
0
0
0
0
0
0
0
0
0
0
0
0
0
0
0
0
0
0
0
0
0
0
0
0
0
0
0
0
0
0
0
0
0
0
0
0
0
0
0
0
0
0
0
0
0
0
0
0
0
0
0
0
0
0
0
0
0
0
0
0
0
0
0
0
0
0
0
0
0
0
0
0
0
0
0
0
0
0
0
0
0
0
0
0
0
0
0
0
0
0
0
0
0
0
0
0
0
0
0
0
0
0
0
0
0
0
0
0
0
0
0
0
0
0
0
0
0
0
0
0
0
0
0
0
0
0
0
0
0
0
0
0
0
0
0
0
0
0
0
0
0
0
0
0
0
0
0
0
0
0
0
0
0
0
0
0
0
0
0
0
0
0
0
0
0
0
0
0
0
0
0
0
0
0
0
0
0
0
0
0
0
0
0
0
0
0
0
0
0
0
0
0
0
0
0
0
0
0
0
0
0
0
0
0
0
0
0
0
0
0
0
0
0
0
0
0
0
0
0
0
0
0
0
0
0
0
0
0
0
0
0
0
0
0
0
0
0
0
0
0
0
0
0
0
0
0
0
0
0
0
0
0
0
0
0
0
0
0
0
0
0
0
0
0
0
0
0
0
0
0
0
0
0
0
0
0
0
0
0
0
0
0
0
0
0
0
0
0
0
0
0
0
0
0
0
0
0
0
0
0
0
0
0
0
0
0
0
0
0
0
0
0
0
0
0
0
0
0
0
0
0
0
0
0
0
0
0
0
0
0
0
0
0
0
0
0
0
0
0
0
0
0
0
0
0
0
0
0
0
0
0
0
0
0
0
0
0
0
0
0
0
0
0
0
0
0
0
0
0
0
0
0
0
0
0
0
0
0
0
0
0
0
0
0
0
0
0
0
0
0
0
0
0
0
0
0
0
0
0
0
0
0
0
0
0
0
0
0
0
0
0
0
0
0
0
0
0
0
0
0
0
0
0
0
0
0
0
0
0
0
0
0
0
0
0
0
0
0
0
0
0
0
0
0
0
0
0
0
0
0
0
0
0
0
0
0
0
0
0
0
0
0
0
0
0
0
0
0
0
0
0
0
0
0
0
0
0
0
0
0
0
0
0
0
0
0
0
0
0
0
0
0
0
0
0
0
0
0
0
0
0
0
0
0
0
0
0
0
0
0
0
0
0
0
0
0
0
0
0
0
0
0
0
0
0
0
0
0
0
0
0
0
0
0
0
0
0
0
0
0
0
0
0
0
0
0
0
0
0
0
0
0
0
0
0
0
0
0
0
0
0
0
0
0
0
0
0
0
0
0
0
0
0
0
0
0
0
0
0
0
0
0
0
0
0
0
0
0
0
0
0
0
0
0
0
0
0
0
0
0
0
0
0
0
0
0
0
0
0
0
0
0
0
0
0
0
0
0
0
0
0
0
0
0
0
0
0
0
0
0
0
0
0
0
0
0
0
0
0
0
0
0
0
0
0
0
0
0
0
0
0
0
0
0
0
0
0
0
0
0
0
0
0
0
0
0
0
0
0
0
0
0
0
0
0
0
0
0
0
0
0
0
0
0
0
0
0
0
0
0
0
0
0
0
0
0
0
0
0
0
0
0
0
0
0
0
0
0
0
0
0
0
0
0
0
0
0
0
0
0
0
0
0
0
0
0
0
0
0
0
0
0
0
0
0
0
0
0
0
0
0
0
0
0
0
0
0
0
0
0
0
0
0
0
0
0
0
0
0
0
0
0
0
0
0
0
0
0
0
0
0
0
0
0
0
0
0
0
0
0
0
0
0
0
0
0
0
0
0
0
0
0
0
0
0
0
0
0
0
0
0
0
0
0
0
0
0
0
0
0
0
0
0
0
0
0
0
0
0
0
0
0
0
0
0
0
0
0
0
0
0
0
0
0
0
0
0
0
0
0
0
0
0
0
0
0
0
0
0
0
0
0
0
0
0
0
0
0
0
0
0
0
0
0
0
0
0
0
0
0
0
0
0
0
0
0
0
0
0
0
0
0
0
0
0
0
0
0
0
0
0
0
0
0
0
0
0
0
0
0
0
0
0
0
0
0
0
0
0
0
0
0
0
0
0
0
0
0
0
0
0
0
0
0
0
0
0
0
0
0
0
0
0
0
0
0
0
0
0
0
0
0
0
0
0
0
0
0
0
0
0
0
0
0
0
0
0
0
0
0
0
0
0
0
0
0
0
0
0
0
0
0
0
0
0
0
0
0
0
0
0
0
0
0
0
0
0
0
0
0
0
0
0
0
0
0
0
0
0
0
0
0
0
0
0
0
0
0
0
0
0
0
0
0
0
0
0
0
0
0
0
0
0
0
0
0
0
0
0
0
0
0
0
0
0
0
0
0
0
0
0
0
0
0
0
0
0
0
0
0
0
0
0
0
0
0
1.230000e+00
1.066000e+01
1.066000e+01
1.066000e+01
4.635000e+01
4.985000e+01
5.155000e+01
5.172000e+01
5.172000e+01
5.172000e+01
5.172000e+01
5.663000e+01
5.604000e+01
6.276000e+01
6.632000e+01
7.306000e+01
7.306000e+01
7.306000e+01
7.754000e+01
8.159000e+01
8.423000e+01
8.661000e+01
9.188000e+01
9.188000e+01
9.188000e+01
1.011800e+02
1.030900e+02
1.163300e+02
1.273800e+02
1.513900e+02
1.513900e+02
1.513900e+02
1.652500e+02
1.652500e+02
1.652500e+02
1.782699e+02
1.816900e+02
1.816900e+02
1.816900e+02
1.985700e+02
1.985700e+02
2.060200e+02
2.060200e+02
2.272000e+02
2.272000e+02
2.272000e+02
2.292000e+02
2.292000e+02
2.365800e+02
2.365800e+02
2.503200e+02
2.503200e+02
2.503200e+02
2.747500e+02
2.747500e+02
2.747500e+02
2.747500e+02
3.096900e+02
3.096900e+02
3.096900e+02
3.435600e+02
3.435600e+02
3.571300e+02
3.571300e+02
3.823500e+02
3.823500e+02
3.823500e+02
4.182400e+02
4.182400e+02
4.182400e+02
4.182400e+02
4.868800e+02
4.868800e+02
4.868800e+02
5.497800e+02
5.497800e+02
5.956400e+02
5.956400e+02
5.956400e+02
5.956400e+02
5.956400e+02
4.004500e+02
4.004500e+02
4.360800e+02
4.360800e+02
4.597000e+02
4.597000e+02
4.597000e+02
4.597000e+02
4.597000e+02
4.021900e+02
4.021900e+02
4.184200e+02
4.184200e+02
4.184200e+02
4.533000e+02
4.533000e+02
4.666500e+02
4.666500e+02
4.831900e+02
4.831900e+02
4.831900e+02
5.027300e+02
5.027300e+02
8.162700e+02
8.162700e+02
2.562800e+02
2.562800e+02
2.562800e+02
3.397000e+02
3.397000e+02
3.594400e+02
3.594400e+02
3.749600e+02
3.749600e+02
3.749600e+02
4.069700e+02
4.069700e+02
4.564500e+02
4.564500e+02
5.087100e+02
5.087100e+02
5.087100e+02
5.372600e+02
5.372600e+02
5.362000e+02
5.362000e+02
5.362000e+02
5.362000e+02
5.362000e+02
5.317200e+02
5.317200e+02
5.221700e+02
5.221700e+02
5.221700e+02
5.221700e+02
5.221700e+02
5.267800e+02
5.267800e+02
5.267800e+02
5.267800e+02
5.407500e+02
5.407500e+02
5.407500e+02
5.407500e+02
5.407500e+02
6.574600e+02
6.574600e+02
6.574600e+02
6.574600e+02
6.574600e+02
6.574600e+02
6.574600e+02
7.988800e+02
7.988800e+02
7.988800e+02
7.988800e+02
7.988800e+02
7.798100e+02
7.798100e+02
8.346900e+02
8.346900e+02
8.410300e+02
8.410300e+02
8.410300e+02
8.234800e+02
8.234800e+02
8.421800e+02
8.421800e+02
7.773100e+02
7.773100e+02
7.773100e+02
7.952400e+02
7.952400e+02
7.877100e+02
7.877100e+02
7.877100e+02
7.877100e+02
7.877100e+02
8.262900e+02
8.262900e+02
8.897100e+02
8.897100e+02
8.852400e+02
8.852400e+02
8.852400e+02
8.852400e+02
8.852400e+02
8.852400e+02
8.852400e+02
9.923800e+02
9.923800e+02
9.923800e+02
1.005490e+03
1.005490e+03
1.016940e+03
1.016940e+03
1.029330e+03
1.029330e+03
1.029330e+03
1.046850e+03
1.046850e+03
1.046850e+03
1.046850e+03
1.096740e+03
1.096740e+03
1.096740e+03
1.135770e+03
1.135770e+03
1.158410e+03
1.158410e+03
1.117980e+03
1.117980e+03
1.117980e+03
1.117980e+03
1.117980e+03
1.117980e+03
1.117980e+03
1.117980e+03
1.117980e+03
1.117980e+03
1.117980e+03
1.117980e+03
1.117980e+03
1.117980e+03
1.071810e+03
1.071810e+03
1.071810e+03
1.435730e+03
1.435730e+03
1.528570e+03
1.528570e+03
1.612660e+03
1.612660e+03
1.612660e+03
1.817440e+03
1.817440e+03
1.854310e+03
1.854310e+03
1.854310e+03
1.854310e+03
1.854310e+03
1.854310e+03
1.854310e+03
1.854310e+03
1.854310e+03
1.854310e+03
1.854310e+03
1.854310e+03
1.854310e+03
1.854310e+03
1.737680e+03
1.737680e+03
1.692340e+03
1.692340e+03
1.692340e+03
1.694660e+03
1.694660e+03
1.662030e+03
1.662030e+03
1.633890e+03
1.633890e+03
1.633890e+03
1.644220e+03
1.644220e+03
1.627520e+03
1.627520e+03
1.627520e+03
1.627520e+03
1.627520e+03
1.624730e+03
1.624730e+03
1.591310e+03
1.591310e+03
7.668400e+02
7.668400e+02
7.668400e+02
1.639650e+03
1.639650e+03
1.567590e+03
1.567590e+03
1.567590e+03
1.567590e+03
1.567590e+03
6.631600e+02
6.631600e+02
1.557540e+03
1.557540e+03
1.730640e+03
1.730640e+03
1.730640e+03
1.730640e+03
1.730640e+03
1.698010e+03
1.698010e+03
1.709910e+03
1.709910e+03
1.709910e+03
1.693810e+03
1.693810e+03
1.693810e+03
1.693810e+03
1.693810e+03
1.693810e+03
1.693810e+03
1.693810e+03
1.693810e+03
2.041280e+03
2.041280e+03
2.041280e+03
2.041280e+03
2.041280e+03
2.008840e+03
2.008840e+03
1.995190e+03
1.995190e+03
1.977550e+03
1.977550e+03
1.977550e+03
1.977550e+03
1.977550e+03
1.977550e+03
1.977550e+03
1.977550e+03
1.977550e+03
1.977550e+03
1.940370e+03
1.940370e+03
1.940370e+03
1.811690e+03
2.204500e+03
2.204500e+03
2.204500e+03
2.204500e+03
2.204500e+03
2.100270e+03
2.100270e+03
2.100270e+03
2.100270e+03
2.100270e+03
2.100270e+03
2.100270e+03
2.100270e+03
2.100270e+03
2.058020e+03
2.058020e+03
2.058020e+03
2.058020e+03
2.058020e+03
2.058020e+03
2.058020e+03
2033
2033
2033
2.001700e+03
2.001700e+03
2.001700e+03
2.001700e+03
1.988970e+03
1.988970e+03
1.988970e+03
1.988970e+03
1.988970e+03
1.988970e+03
1.988970e+03
1.988970e+03
1.988970e+03
1.988970e+03
1.988970e+03
1.988970e+03
1.988970e+03
1.988970e+03
1.988970e+03
1.988970e+03
1.988970e+03
1.988970e+03
1.988970e+03
1.988970e+03
1.988970e+03
1.883540e+03
1.883540e+03
1.883540e+03
1.883540e+03
1.883540e+03
1.883540e+03
1.883540e+03
1.883540e+03
1.883540e+03
1.883540e+03
1.883540e+03
1.883540e+03
1.883540e+03
2.192030e+03
2.172660e+03
2.172660e+03
2.172660e+03
2.126500e+03
2.126500e+03
2.126500e+03
2.126500e+03
2.096170e+03
2.096170e+03
2.096170e+03
2.096170e+03
2.096170e+03
2.057300e+03
2.057300e+03
2.057300e+03
2.057300e+03
2.057300e+03
2.057300e+03
2.057300e+03
1.994500e+03
1.994500e+03
1.979790e+03
1.979790e+03
1.979790e+03
1.979790e+03
1.979790e+03
1.957590e+03
1.957590e+03
1.944640e+03
1.944640e+03
1.944640e+03
1.912930e+03
1.912930e+03
1.894450e+03
1.894450e+03
1.887100e+03
1.887100e+03
1.887100e+03
1.865770e+03
1.865770e+03
1.865770e+03
1.865770e+03
1.865770e+03
1.865770e+03
1.865770e+03
1.864950e+03
1.864950e+03
1.791370e+03
1.791370e+03
1.791370e+03
1.791370e+03
1.791370e+03
1.791370e+03
1.791370e+03
1.773590e+03
1.773590e+03
1.763520e+03
1.763520e+03
1.763520e+03
1.747640e+03
1.747640e+03
1.724660e+03
1.724660e+03
1.724660e+03
1.724660e+03
1.724660e+03
1.724660e+03
1.724660e+03
1.698650e+03
1.698650e+03
1.689630e+03
1.689630e+03
1.689630e+03
1.691620e+03
1.691620e+03
1.666330e+03
1.666330e+03
1.655320e+03
1.655320e+03
1.655320e+03
1.655320e+03
1.655320e+03
1.638790e+03
1.638790e+03
1.643280e+03
1.643280e+03
1.643280e+03
1.643280e+03
1.643280e+03
1.618880e+03
1.618880e+03
1.606710e+03
1.606710e+03
1.606710e+03
1.596570e+03
1.596570e+03
1.613470e+03
1.613470e+03
1.613470e+03
1.613470e+03
1.613470e+03
1.613470e+03
1.613470e+03
1.643040e+03
1.643040e+03
1.631070e+03
1.631070e+03
1.631070e+03
1.631070e+03
1.631070e+03
1.605890e+03
1.605890e+03
1.605890e+03
1.605890e+03
1.605890e+03
1.605890e+03
1.605890e+03
1.605890e+03
1.605890e+03
1.605890e+03
1.605890e+03
1.605890e+03
1.605890e+03
1.605890e+03
1.605890e+03
1.605890e+03
1.605890e+03
1.605890e+03
1.605890e+03
1.605890e+03
1.605890e+03
1.549490e+03
1.549490e+03
1.549490e+03
1.549490e+03
1.549490e+03
1.549490e+03
1.549490e+03
1.549490e+03
1.549490e+03
1.549490e+03
1.549490e+03
1.549490e+03
1.549490e+03
1.549490e+03
1.549490e+03
1.549490e+03
1.549490e+03
1.549490e+03
1.549490e+03
1.549490e+03
1.549490e+03
2.321380e+03
2.321380e+03
2.321380e+03
2.321380e+03
2.321380e+03
2.335400e+03
2.335400e+03
2.339980e+03
2.339980e+03
2.260430e+03
2.260430e+03
2.260430e+03
2.260430e+03
2.260430e+03
2.323230e+03
2.323230e+03
2.260820e+03
2.260820e+03
2.260820e+03
2.278010e+03
2.278010e+03
2.267270e+03
2.267270e+03
2.274110e+03
2.274110e+03
2.274110e+03
2.274110e+03
2.274110e+03
2.238600e+03
2.238600e+03
2.225500e+03
2.225500e+03
2.225500e+03
2.235250e+03
2.235250e+03
2.259420e+03
2.259420e+03
2.259420e+03
2.259420e+03
2.259420e+03
1.965480e+03
1.965480e+03
1.993450e+03
1.993450e+03
1.961380e+03
1.961380e+03
1.961380e+03
1.975820e+03
1.975820e+03
1.974290e+03
1.974290e+03
1.966320e+03
1.966320e+03
1.966320e+03
1.966320e+03
1.966320e+03
1.833850e+03
1.833850e+03
1.833850e+03
1.833850e+03
1.833850e+03
1.848300e+03
1.848300e+03
1.873830e+03
1.873830e+03
1.873830e+03
1.873830e+03
1.873830e+03
1.873830e+03
1.873830e+03
1.889910e+03
1.889910e+03
1.888860e+03
1.888860e+03
1.888860e+03
1.923720e+03
1.923720e+03
1.958110e+03
1.958110e+03
1.764020e+03
1.764020e+03
1.764020e+03
1.764020e+03
1.764020e+03
1.724780e+03
1.724780e+03
1.701340e+03
1.701340e+03
1.701340e+03
1.691870e+03
1.691870e+03
1.703280e+03
1.703280e+03
1.685450e+03
1.685450e+03
1.685450e+03
1.685450e+03
1.685450e+03
1.600130e+03
1.600130e+03
1.821860e+03
1.821860e+03
1.821860e+03
1.821860e+03
1.821860e+03
1.523740e+03
1.523740e+03
1.645900e+03
1.645900e+03
1.645900e+03
1.645900e+03
1.645900e+03
9.323200e+02
9.323200e+02
9.323200e+02
9.323200e+02
9.323200e+02
9.323200e+02
9.323200e+02
1.706080e+03
1.706080e+03
1.764020e+03
1.764020e+03
1.764020e+03
1.777010e+03
1.777010e+03
1.777010e+03
1.777010e+03
1.507250e+03
1.507250e+03
1.507250e+03
1.598650e+03
1.598650e+03
1.598650e+03
1.598650e+03
1.598650e+03
1.598650e+03
1.598650e+03
1.642080e+03
1.642080e+03
1.627220e+03
1.627220e+03
1.596700e+03
1.596700e+03
1.596700e+03
1.590780e+03
1.590780e+03
1.622410e+03
1.622410e+03
1.622410e+03
1.622410e+03
1.622410e+03
1.622410e+03
1.622410e+03
1.642540e+03
1.642540e+03
1.609750e+03
1.609750e+03
1.609750e+03
1.609750e+03
1.609750e+03
1.680220e+03
1.680220e+03
1.667640e+03
1.667640e+03
1.667640e+03
1.716040e+03
1.716040e+03
1.750270e+03
1.750270e+03
1.750270e+03
1.750270e+03
1.750270e+03
1.734820e+03
1.734820e+03
1.737480e+03
1.737480e+03
1.737480e+03
1.737480e+03
1.737480e+03
1.723580e+03
1.723580e+03
1.711230e+03
1.711230e+03
1.711230e+03
1.711230e+03
1.711230e+03
1.470110e+03
1.470110e+03
1.469580e+03
1.469580e+03
1.474290e+03
1.474290e+03
1.474290e+03
1.518890e+03
1.518890e+03
1.518890e+03
1.518890e+03
1.684310e+03
1.684310e+03
1.684310e+03
1.632700e+03
1.632700e+03
1.588820e+03
1.588820e+03
1.603910e+03
1.603910e+03
1.603910e+03
1.377100e+03
1.377100e+03
1.361440e+03
1.361440e+03
1.361440e+03
1.361440e+03
1.361440e+03
1.361920e+03
1.361920e+03
1.317460e+03
1.317460e+03
1.297930e+03
1.297930e+03
1.297930e+03
1.297930e+03
1.384600e+03
1.450910e+03
1.450910e+03
1.450910e+03
1.450910e+03
1.450910e+03
9.090700e+02
9.090700e+02
8.284100e+02
8.284100e+02
8.043800e+02
8.043800e+02
8.043800e+02
7.058700e+02
7.058700e+02
6.804000e+02
6.804000e+02
6.804000e+02
6.804000e+02
6.804000e+02
6.037500e+02
6.037500e+02
5.864600e+02
5.864600e+02
5.684300e+02
5.684300e+02
5.684300e+02
5.678200e+02
5.678200e+02
5.597600e+02
5.597600e+02
5.597600e+02
5.597600e+02
5.597600e+02
5.400400e+02
5.400400e+02
5.306200e+02
5.306200e+02
5.306200e+02
5.306200e+02
5.306200e+02
5.142600e+02
5.142600e+02
5.030500e+02
5.030500e+02
4.933400e+02
4.933400e+02
4.933400e+02
4.789600e+02
4.789600e+02
4.776200e+02
4.776200e+02
4.732200e+02
4.732200e+02
4.732200e+02
4.673700e+02
4.673700e+02
4.631100e+02
4.631100e+02
4.631100e+02
4.631100e+02
4.631100e+02
4.554900e+02
4.554900e+02
4.465400e+02
4.465400e+02
4.500400e+02
4.500400e+02
4.500400e+02
4.404700e+02
4.404700e+02
4.404700e+02
4.404700e+02
4.293600e+02
4.293600e+02
4.293600e+02
4.245300e+02
4.245300e+02
4.245300e+02
4.245300e+02
4.245300e+02
4.245300e+02
4.245300e+02
4.081300e+02
4.081300e+02
4.081300e+02
4.081300e+02
3.972500e+02
3.972500e+02
3.972500e+02
3.911100e+02
3.911100e+02
3.911100e+02
3.911100e+02
3.900900e+02
3.900900e+02
3.900900e+02
3.782900e+02
3.782900e+02
3.732900e+02
3.732900e+02
3.732900e+02
3.732900e+02
3.732900e+02
5.970700e+02
5.970700e+02
6.226300e+02
6.226300e+02
1.069660e+03
1.069660e+03
1.069660e+03
6.741100e+02
6.741100e+02
1.115160e+03
1.115160e+03
1.132990e+03
1.132990e+03
1.132990e+03
1.151930e+03
1.151930e+03
1155
1155
1.152120e+03
1.152120e+03
1.152120e+03
1.152120e+03
1.152120e+03
1.152120e+03
1.152120e+03
1.152120e+03
1.152120e+03
1.152120e+03
1.066280e+03
1.066280e+03
1.062880e+03
1.062880e+03
1.062880e+03
1.062880e+03
1.062880e+03
1.062880e+03
9.804000e+02
1.090830e+03
1.090830e+03
1.090830e+03
1.090830e+03
1.090830e+03
1.090830e+03
1.090830e+03
6.619300e+02
6.619300e+02
9.282900e+02
9.282900e+02
9.282900e+02
1.013090e+03
1.013090e+03
1.109620e+03
1.109620e+03
1.109620e+03
1.109620e+03
1.109620e+03
1.109620e+03
1.109620e+03
1.065560e+03
1.065560e+03
1.065560e+03
1.065560e+03
1.065560e+03
1040
1040
7.682100e+02
7.682100e+02
7.944200e+02
7.944200e+02
7.944200e+02
9.691700e+02
9.691700e+02
1.208350e+03
1.208350e+03
1.225970e+03
1.225970e+03
1.225970e+03
1.225970e+03
1.225970e+03
1.192810e+03
1.192810e+03
1.129170e+03
1.129170e+03
1.129170e+03
1.167500e+03
1.167500e+03
9.576600e+02
9.576600e+02
9.381300e+02
9.381300e+02
9.381300e+02
8.554500e+02
8.554500e+02
1.085150e+03
1.085150e+03
1.085150e+03
1.085150e+03
1.085150e+03
1.063660e+03
1.063660e+03
1.071110e+03
1.071110e+03
1.067350e+03
1.067350e+03
1.067350e+03
1.052070e+03
1.052070e+03
1.017460e+03
1.017460e+03
1.017460e+03
1.017460e+03
1.017460e+03
1.017460e+03
1.017460e+03
1.017460e+03
1.017460e+03
1.402090e+03
1.402090e+03
1.402090e+03
1.384540e+03
1.384540e+03
1.384540e+03
1.384540e+03
1.378260e+03
1.378260e+03
1.378260e+03
1.352600e+03
1.352600e+03
1.353110e+03
1.353110e+03
1.372420e+03
1.372420e+03
1.372420e+03
1.341900e+03
1.341900e+03
1.170280e+03
1.170280e+03
1.135700e+03
1.135700e+03
1.135700e+03
1.450340e+03
1.450340e+03
1.439240e+03
1.439240e+03
1.439240e+03
1.439240e+03
1.439240e+03
1.332430e+03
1.332430e+03
1.344910e+03
1.344910e+03
1.311320e+03
1.311320e+03
1.311320e+03
1.349290e+03
1.349290e+03
1.357600e+03
1.357600e+03
1.361250e+03
1.361250e+03
1.361250e+03
1.374910e+03
1.374910e+03
1.374910e+03
1.374910e+03
1.294710e+03
1.294710e+03
1.294710e+03
1.274610e+03
1.274610e+03
1.254640e+03
1.254640e+03
1.245570e+03
1.245570e+03
1.245570e+03
1.065850e+03
1.065850e+03
1.029810e+03
1.029810e+03
1.341530e+03
1.341530e+03
1.341530e+03
1.364250e+03
1.364250e+03
1.291570e+03
1.291570e+03
1.291570e+03
1.291570e+03
1.291570e+03
1.150860e+03
1.150860e+03
1.150860e+03
1.150860e+03
1.202850e+03
1.202850e+03
1.202850e+03
1.202850e+03
1.202850e+03
1.189520e+03
1.189520e+03
1.126450e+03
1.126450e+03
1.126450e+03
1.109720e+03
1.109720e+03
1.109720e+03
1.109720e+03
1.109720e+03
1.109720e+03
1.109720e+03
1.199700e+03
1.199700e+03
1.262860e+03
1.262860e+03
1.200570e+03
1.200570e+03
1.200570e+03
1.057320e+03
1.057320e+03
1.030220e+03
1.030220e+03
1.177250e+03
1.177250e+03
1.177250e+03
1.207940e+03
1.207940e+03
9.069400e+02
9.069400e+02
8.089900e+02
8.089900e+02
8.089900e+02
8.089900e+02
8.089900e+02
1055
1055
1.138210e+03
1.138210e+03
1.138210e+03
1.160320e+03
1.160320e+03
1.038740e+03
1.038740e+03
1.038740e+03
1.038740e+03
1.038740e+03
1.038740e+03
1.038740e+03
5.120700e+02
5.120700e+02
8.743500e+02
8.743500e+02
8.743500e+02
1.100880e+03
1.100880e+03
1.112450e+03
1.112450e+03
1.126090e+03
1.126090e+03
1.126090e+03
1.147840e+03
1.147840e+03
1.147840e+03
1.147840e+03
1.147840e+03
1.147840e+03
1.147840e+03
1.075570e+03
1.075570e+03
1026
1026
9.805100e+02
9.805100e+02
9.805100e+02
9.296400e+02
9.296400e+02
9.296400e+02
9.296400e+02
9.934700e+02
9.934700e+02
9.934700e+02
1.130500e+03
1.130500e+03
1.021660e+03
1.021660e+03
9.406100e+02
9.406100e+02
9.406100e+02
9.406100e+02
9.406100e+02
9.676500e+02
9.676500e+02
9.676500e+02
9.676500e+02
9.676500e+02
1.079500e+03
1.079500e+03
1.130850e+03
1.130850e+03
1.130850e+03
1.130850e+03
1.130850e+03
1.148320e+03
1.148320e+03
1.148320e+03
1.148320e+03
1.148320e+03
1.148320e+03
1.148320e+03
1.059950e+03
1.059950e+03
1.059950e+03
1.059950e+03
1.059950e+03
1.059950e+03
1.059950e+03
1.059950e+03
1.059950e+03
1.106890e+03
1.106890e+03
845
845
845
845
845
845
845
7.121200e+02
7.121200e+02
7.121200e+02
5.087600e+02
5.087600e+02
5.087600e+02
5.087600e+02
484
484
484
484
484
484
484
484
484
484
484
484
484
484
484
484
484
484
484
484
484
484
484
484
484
484
484
484
484
484
484
3.786400e+02
3.786400e+02
3.786400e+02
3.786400e+02
364
364
364
364
364
364
364
364
364
364
364
364
364
364
3.609100e+02
3.609100e+02
3.609100e+02
3.609100e+02
3.609100e+02
3.609100e+02
3.609100e+02
3.609100e+02
3.609100e+02
3.609100e+02
3.609100e+02
3.609100e+02
3.609100e+02
3.609100e+02
3.523300e+02
3.523300e+02
3.523300e+02
3.523300e+02
3.523300e+02
350
350
349
349
349
349
349
349
349
349
349
349
3.434600e+02
3.434600e+02
3.434600e+02
3.434600e+02
3.434600e+02
3.434600e+02
3.434600e+02
340
340
340
340
340
340
340
340
340
340
340
340
340
340
340
340
340
340
340
