0
0
0
0
0
0
0
0
0
0
0
0
0
0
0
0
0
0
0
0
0
0
0
0
0
0
0
0
0
0
0
0
0
0
0
0
0
0
0
0
0
0
0
0
0
0
0
0
0
0
0
0
0
0
0
0
0
0
0
0
0
0
0
0
0
0
0
0
0
0
0
0
0
0
0
0
0
0
0
0
0
0
0
0
0
0
0
0
0
0
0
0
0
0
0
0
0
0
0
0
0
0
0
0
0
0
0
0
0
0
0
0
0
0
0
0
0
0
0
0
0
0
0
0
0
0
0
0
0
0
0
0
0
0
0
0
0
0
0
0
0
0
0
0
0
0
0
0
0
0
0
0
0
0
0
0
0
0
0
0
0
0
0
0
0
0
0
0
0
0
0
0
0
0
0
0
0
0
0
0
0
0
0
0
0
0
0
0
0
0
0
0
0
0
0
0
0
0
0
0
0
0
0
0
0
0
0
0
0
0
0
0
0
0
0
0
0
0
0
0
0
0
0
0
0
0
0
0
0
0
0
0
0
0
0
0
0
0
0
0
0
0
0
0
0
0
0
0
0
0
0
0
0
0
0
0
0
0
0
0
0
0
0
0
0
0
0
0
0
0
0
0
0
0
0
0
0
0
0
0
0
0
0
0
0
0
0
0
0
0
0
0
0
0
0
0
0
0
0
0
0
0
0
0
0
0
0
0
0
0
0
0
0
0
0
0
0
0
0
0
0
0
0
0
0
0
0
0
0
0
0
0
0
0
0
0
0
0
0
0
0
0
0
0
0
0
0
0
0
0
0
0
0
0
0
0
0
0
0
0
0
0
0
0
0
0
0
0
0
0
0
0
0
0
0
0
0
0
0
0
0
0
0
0
0
0
0
0
0
0
0
0
0
0
0
0
0
0
0
0
0
0
0
0
0
0
0
0
0
0
0
0
0
0
0
0
0
0
0
0
0
0
0
0
0
0
0
0
0
0
0
0
0
0
0
0
0
0
0
0
0
0
0
0
0
0
0
0
0
0
0
0
0
0
0
0
0
0
0
0
0
0
0
0
0
0
0
0
0
0
0
0
0
0
0
0
0
0
0
0
0
0
0
0
0
0
0
0
0
0
0
0
0
0
0
0
0
0
0
0
0
0
0
0
0
0
0
0
0
0
0
0
0
0
0
0
0
0
0
0
0
0
0
0
0
0
0
0
0
0
0
0
0
0
0
0
0
0
0
0
0
0
0
0
0
0
0
0
0
0
0
0
0
0
0
0
0
0
0
0
0
0
0
0
0
0
0
0
0
0
0
0
0
0
0
0
0
0
0
0
0
0
0
0
0
0
0
0
0
0
0
0
0
0
0
0
0
0
0
0
0
0
0
0
0
0
0
0
0
0
0
0
0
0
0
0
0
0
0
0
0
0
0
0
0
0
0
0
0
0
0
0
0
0
0
0
0
0
0
0
0
0
0
0
0
0
0
0
0
0
0
0
0
0
0
0
0
0
0
0
0
0
0
0
0
0
0
0
0
0
0
0
0
0
0
0
0
0
0
0
0
0
0
0
0
0
0
0
0
0
0
0
0
0
0
0
0
0
0
0
0
0
0
0
0
0
0
0
0
0
0
0
0
0
0
0
0
0
0
0
0
0
0
0
0
0
0
0
0
0
0
0
0
0
0
0
0
0
0
0
0
0
0
0
0
0
0
0
0
0
0
0
0
0
0
0
0
0
0
0
0
0
0
0
0
0
0
0
0
0
0
0
0
0
0
0
0
0
0
0
0
0
0
0
0
0
0
0
0
0
0
0
0
0
0
0
0
0
0
0
0
0
0
0
0
0
0
0
0
0
0
0
0
0
0
0
0
0
0
0
0
0
0
0
0
0
0
0
0
0
0
0
0
0
0
0
0
0
0
0
0
0
0
0
0
0
0
0
0
0
0
0
0
0
0
0
0
0
0
0
0
0
0
0
0
0
0
0
0
0
0
0
0
0
0
0
0
0
0
0
0
0
0
0
0
0
0
0
0
0
0
0
0
0
0
0
0
0
0
0
0
0
0
0
0
0
0
0
0
0
0
0
0
0
0
0
0
0
0
0
0
0
0
0
0
0
0
0
0
0
0
0
0
0
0
0
0
0
0
0
0
0
0
0
0
0
0
0
0
0
0
0
0
0
0
0
0
0
0
0
0
0
0
0
0
0
0
0
0
0
0
0
0
0
0
0
0
0
0
0
0
0
0
0
0
0
0
0
0
0
0
0
0
0
0
0
0
0
0
0
0
0
0
0
0
0
0
0
0
0
0
0
0
0
0
0
0
0
0
0
0
0
0
0
0
0
0
0
0
0
0
0
0
0
0
0
0
0
0
0
0
0
0
0
0
0
0
0
0
0
0
0
0
0
0
0
0
0
0
0
0
0
0
0
0
0
0
0
0
0
0
0
0
0
0
0
0
0
0
0
0
0
0
0
0
0
0
0
0
0
0
0
0
0
0
0
0
0
0
0
0
0
0
0
0
0
0
0
0
0
0
0
0
0
0
0
0
0
0
0
0
0
0
0
0
0
0
0
0
0
0
0
0
0
0
0
0
0
0
0
0
0
0
0
0
0
0
0
0
0
0
0
0
0
0
0
0
0
0
0
0
0
0
0
0
0
0
0
0
0
0
0
0
0
0
0
0
0
0
0
0
0
0
0
0
0
0
0
0
0
0
0
0
0
0
0
0
0
0
0
0
0
0
0
0
0
0
0
0
0
0
0
0
0
0
0
0
0
0
0
0
0
0
0
0
0
0
0
0
0
0
0
0
0
0
0
0
0
0
0
0
0
0
0
0
0
0
0
0
0
0
0
0
0
0
0
0
0
0
0
0
0
0
0
0
0
0
0
0
0
0
0
0
0
0
0
0
0
0
0
0
0
0
0
0
0
0
0
0
0
0
0
0
0
0
0
0
0
0
0
0
0
0
0
0
0
0
0
0
0
0
0
0
0
0
0
0
0
0
0
0
0
0
0
0
0
0
0
0
0
0
0
0
0
0
0
0
0
0
0
0
0
0
0
0
0
0
0
0
0
0
0
0
0
0
0
0
0
0
0
0
0
0
0
0
0
0
0
0
0
0
0
0
0
0
0
0
0
0
0
0
0
0
0
0
0
0
0
0
0
0
0
0
0
0
0
0
0
0
0
0
0
0
0
0
0
0
0
0
0
0
0
0
0
0
0
0
0
0
0
0
0
0
0
0
0
0
0
0
0
0
0
0
0
0
0
0
0
0
0
0
0
0
0
0
0
0
0
0
0
0
0
0
1.264800e+02
1.283100e+02
1.283100e+02
1.283100e+02
1.265400e+02
1.265400e+02
1.265400e+02
1.515500e+02
1.515500e+02
1.515500e+02
1.515500e+02
1.515500e+02
1.515500e+02
1.905700e+02
2.055100e+02
2.277300e+02
2.277300e+02
2.277300e+02
2.988200e+02
2.984700e+02
2.831900e+02
2.895000e+02
2.902100e+02
2.902100e+02
2.902100e+02
2.618800e+02
2.608200e+02
2.677800e+02
2.857900e+02
2.968600e+02
2.968600e+02
2.968600e+02
3.064700e+02
3.100700e+02
3.026700e+02
3.106500e+02
3.183600e+02
3.183600e+02
3.183600e+02
2.124100e+02
2.935500e+02
2.976000e+02
296
3.094800e+02
3.094800e+02
3.094800e+02
3.368300e+02
3.456500e+02
3.488700e+02
3.502000e+02
3.947500e+02
3.947500e+02
3.947500e+02
3.863900e+02
3.904700e+02
3.906500e+02
3.946000e+02
3.968300e+02
3.968300e+02
3.968300e+02
2.931000e+02
2.954900e+02
2.954900e+02
2.954900e+02
2.981500e+02
2.981500e+02
2.981500e+02
3.027600e+02
3.072400e+02
3.095800e+02
3.110900e+02
3.136000e+02
3.136000e+02
3.136000e+02
3.182600e+02
3.182600e+02
3.202100e+02
3.202100e+02
3.202100e+02
3.202100e+02
3.202100e+02
3.267000e+02
3.275500e+02
3.272000e+02
2.376000e+02
3.285300e+02
3.285300e+02
3.285300e+02
3.383200e+02
3.383200e+02
3.383200e+02
3.383200e+02
3.383200e+02
3.383200e+02
3.383200e+02
3.498200e+02
3.498200e+02
3.498200e+02
5.378500e+02
5.378500e+02
5.378500e+02
5.378500e+02
3.667900e+02
3.667900e+02
3.667900e+02
3.667900e+02
3.667900e+02
3.667900e+02
3.667900e+02
4.066400e+02
4.066400e+02
4.066400e+02
5.478800e+02
5.490500e+02
5.490500e+02
5.490500e+02
2.505000e+02
2.505000e+02
2.505000e+02
2.505000e+02
2.505000e+02
2.505000e+02
2.505000e+02
5.560600e+02
5.560600e+02
5.716700e+02
5.716700e+02
5.803300e+02
5.803300e+02
5.803300e+02
5.977600e+02
5.977600e+02
5.977600e+02
5.977600e+02
5.977600e+02
5.977600e+02
5.977600e+02
6.190800e+02
6.190800e+02
6.257300e+02
6.257300e+02
6.257300e+02
6.257300e+02
6.257300e+02
6.417200e+02
6.417200e+02
6.564700e+02
6.564700e+02
6.673800e+02
6.673800e+02
6.673800e+02
6.673800e+02
6.673800e+02
7.075300e+02
7.075300e+02
7.354700e+02
7.354700e+02
7.354700e+02
7.643200e+02
7.643200e+02
7.830300e+02
7.830300e+02
7.992400e+02
7.992400e+02
7.992400e+02
8.119900e+02
8.119900e+02
8.015200e+02
8.015200e+02
8.048600e+02
8.048600e+02
8.048600e+02
8.049600e+02
8.049600e+02
8.064100e+02
8.064100e+02
7.226100e+02
7.226100e+02
7.226100e+02
8.588100e+02
8.588100e+02
8.470900e+02
8.470900e+02
8.470900e+02
8.470900e+02
8.470900e+02
8.417700e+02
8.417700e+02
8.472300e+02
8.472300e+02
8.472300e+02
8.472300e+02
8.472300e+02
8.472300e+02
8.472300e+02
8.471900e+02
8.471900e+02
8.540300e+02
8.540300e+02
8.540300e+02
3.474800e+02
3.474800e+02
8.425300e+02
8.425300e+02
8.446500e+02
8.446500e+02
8.446500e+02
8.446500e+02
8.446500e+02
8.446500e+02
8.446500e+02
8.446500e+02
8.446500e+02
8.446500e+02
8.446500e+02
8.446500e+02
8.639800e+02
8.639800e+02
8.639800e+02
8.639800e+02
8.639800e+02
8.550500e+02
8.550500e+02
8.607100e+02
8.607100e+02
8.639300e+02
8.639300e+02
8.639300e+02
8.696500e+02
8.696500e+02
8.757000e+02
8.757000e+02
8.816900e+02
8.816900e+02
8.816900e+02
8.892300e+02
8.892300e+02
8.896600e+02
8.896600e+02
8.932100e+02
8.932100e+02
8.932100e+02
8.728100e+02
8.728100e+02
4.917900e+02
4.917900e+02
4.917900e+02
4.917900e+02
4.917900e+02
4.917900e+02
4.917900e+02
4.121300e+02
4.121300e+02
4.121300e+02
4.121300e+02
4.121300e+02
3.737300e+02
3.737300e+02
3.657600e+02
3.657600e+02
3.596400e+02
3.596400e+02
3.596400e+02
3.391400e+02
3.391400e+02
3.391400e+02
3.391400e+02
8.921700e+02
8.921700e+02
8.921700e+02
8.821900e+02
8.821900e+02
8.627400e+02
8.627400e+02
6.740500e+02
6.740500e+02
6.740500e+02
4.231700e+02
4.231700e+02
4.231700e+02
4.231700e+02
4.231700e+02
4.231700e+02
4.231700e+02
4.231700e+02
4.231700e+02
4.231700e+02
4.231700e+02
8.813600e+02
8.813600e+02
8.813600e+02
9.004300e+02
9.004300e+02
9.100200e+02
9.100200e+02
9.317700e+02
9.317700e+02
9.317700e+02
9.599900e+02
9.599900e+02
9.954300e+02
9.954300e+02
1.028990e+03
1.028990e+03
1.028990e+03
1.028990e+03
1.028990e+03
1.059670e+03
1.059670e+03
1.006910e+03
1.006910e+03
1.006910e+03
9.400200e+02
9.400200e+02
9.035300e+02
9.035300e+02
4.485700e+02
4.485700e+02
4.485700e+02
4.485700e+02
7.961800e+02
7.961800e+02
9.570800e+02
9.284100e+02
9.284100e+02
9.284100e+02
9.355700e+02
9.355700e+02
9.355700e+02
9.355700e+02
9.136400e+02
9.136400e+02
9.136400e+02
9.092000e+02
9.092000e+02
9.024400e+02
9.024400e+02
9.024400e+02
9.024400e+02
9.024400e+02
8.821800e+02
8.821800e+02
8.768400e+02
8.768400e+02
8.768400e+02
8.768400e+02
8.768400e+02
8.786500e+02
8.786500e+02
8.905600e+02
8.905600e+02
8.864500e+02
8.864500e+02
8.864500e+02
8.844900e+02
8.844900e+02
8.844900e+02
8.844900e+02
8.844900e+02
8.844900e+02
8.844900e+02
8.898100e+02
8.898100e+02
8.898100e+02
8.898100e+02
8.898100e+02
8.898100e+02
8.898100e+02
8.536500e+02
8.536500e+02
8.653800e+02
8.653800e+02
8.653800e+02
8.653800e+02
8.653800e+02
8.653800e+02
8.653800e+02
8.294500e+02
8.294500e+02
8.294500e+02
8.294500e+02
8.294500e+02
6.741800e+02
6.741800e+02
6.741800e+02
6.741800e+02
6.741800e+02
6.741800e+02
6.741800e+02
5.574400e+02
5.574400e+02
5.574400e+02
5.574400e+02
5.574400e+02
5.574400e+02
5.574400e+02
5.369400e+02
5.369400e+02
4.833200e+02
4.833200e+02
5.395200e+02
5.395200e+02
5.395200e+02
4.576600e+02
4.576600e+02
4.576600e+02
4.576600e+02
4.576600e+02
4.576600e+02
4.576600e+02
4.576600e+02
5.551100e+02
5.551100e+02
5.551100e+02
5.465000e+02
5.465000e+02
5.465000e+02
2.601400e+02
2.601400e+02
2.601400e+02
2.601400e+02
2.601400e+02
2.601400e+02
2.601400e+02
1.685600e+02
1.685600e+02
1.593400e+02
1.593400e+02
1.502800e+02
1.502800e+02
1.502800e+02
2.058300e+02
2.058300e+02
1.502800e+02
1.502800e+02
1.502800e+02
1.502800e+02
1.502800e+02
5.086800e+02
5.086800e+02
5.086800e+02
5.086800e+02
1.780200e+02
1.780200e+02
1.780200e+02
1.619400e+02
1.619400e+02
1.619400e+02
1.619400e+02
1.619400e+02
1.619400e+02
1.619400e+02
1.619400e+02
1.619400e+02
1.619400e+02
5.138700e+02
5.138700e+02
5.138700e+02
5.138700e+02
5.168400e+02
5.168400e+02
5.168400e+02
5.168400e+02
5.168400e+02
5.168400e+02
5.168400e+02
5.168400e+02
5.168400e+02
5.172900e+02
5.172900e+02
5.172900e+02
5.172900e+02
5.172900e+02
5.074800e+02
5.074800e+02
5.074800e+02
5.074800e+02
5.074800e+02
5.074800e+02
5.074800e+02
5.074800e+02
5.074800e+02
5.074800e+02
5.074800e+02
5.074800e+02
5.074800e+02
4.686100e+02
4.686100e+02
4.627200e+02
4.627200e+02
4.627200e+02
4.627200e+02
4.627200e+02
4.627200e+02
4.598100e+02
4.598100e+02
4.598100e+02
4.598100e+02
4.598100e+02
4.598100e+02
4.598100e+02
4.438700e+02
4.438700e+02
4.438700e+02
4.438700e+02
4.438700e+02
4.438700e+02
4.438700e+02
4.264100e+02
4.264100e+02
4.283800e+02
4.283800e+02
439
439
439
4.588600e+02
4.588600e+02
4.340700e+02
4.340700e+02
2.750200e+02
2.750200e+02
2.750200e+02
4.220500e+02
4.220500e+02
4.131800e+02
4.131800e+02
4.085500e+02
4.085500e+02
4.085500e+02
4.109000e+02
4.109000e+02
4.109000e+02
4.109000e+02
4.109000e+02
4.109000e+02
4.109000e+02
3.945700e+02
3.945700e+02
3.953800e+02
3.953800e+02
3.917200e+02
3.917200e+02
3.917200e+02
3.917200e+02
3.917200e+02
3.917200e+02
3.917200e+02
3.826300e+02
3.826300e+02
3.826300e+02
3.799600e+02
3.799600e+02
3.003400e+02
3.003400e+02
3.003400e+02
3.003400e+02
3.003400e+02
3.003400e+02
3.003400e+02
3.003400e+02
3.003400e+02
3.003400e+02
3.003400e+02
3.003400e+02
3.003400e+02
3.003400e+02
2.039500e+02
2.039500e+02
2.039500e+02
2.039500e+02
2.039500e+02
2.039500e+02
2.039500e+02
2.039500e+02
2.039500e+02
2.039500e+02
2.039500e+02
2.039500e+02
2.039500e+02
2.039500e+02
2.039500e+02
2.039500e+02
2.039500e+02
2.039500e+02
2.039500e+02
2.039500e+02
2.039500e+02
1.324900e+02
1.324900e+02
1.324900e+02
1.324900e+02
1.324900e+02
1.324900e+02
1.324900e+02
1.324900e+02
1.324900e+02
1.324900e+02
1.324900e+02
1.324900e+02
1.324900e+02
1.338300e+02
1.338300e+02
1.338300e+02
1.338300e+02
1.338300e+02
1.222000e+02
1.222000e+02
1.222000e+02
1.202000e+02
1.202000e+02
1.202000e+02
1.202000e+02
1.202000e+02
1.109400e+02
1.109400e+02
1.109400e+02
1.109400e+02
1.109400e+02
1.109400e+02
1.109400e+02
5.419400e+02
5.419400e+02
5.596100e+02
5.596100e+02
5.456000e+02
5.456000e+02
5.456000e+02
5.367700e+02
5.367700e+02
5.367700e+02
5.367700e+02
5.367700e+02
5.367700e+02
5.367700e+02
529
529
5.287400e+02
5.287400e+02
5.263700e+02
5.263700e+02
5.263700e+02
5.289900e+02
5.289900e+02
5.289900e+02
5.289900e+02
5.289900e+02
5.289900e+02
5.289900e+02
5.240600e+02
5.240600e+02
5.242500e+02
5.242500e+02
5.215800e+02
5.215800e+02
5.215800e+02
4.644000e+02
4.644000e+02
4.644000e+02
4.644000e+02
4.644000e+02
4.644000e+02
4.644000e+02
4.644000e+02
4.644000e+02
4.644000e+02
4.644000e+02
4.644000e+02
4.644000e+02
4.644000e+02
5.173700e+02
5.173700e+02
5.352500e+02
5.352500e+02
5.352500e+02
5.352500e+02
5.352500e+02
5.640700e+02
5.640700e+02
5.487000e+02
5.487000e+02
4.577500e+02
4.577500e+02
4.577500e+02
5.146000e+02
5.146000e+02
5.146000e+02
5.146000e+02
5.146000e+02
5.146000e+02
5.146000e+02
4.949100e+02
4.949100e+02
4.929900e+02
4.929900e+02
4.923500e+02
4.923500e+02
4.923500e+02
4.881800e+02
4.881800e+02
4.881800e+02
4.881800e+02
4.881800e+02
4.881800e+02
4.881800e+02
4.827600e+02
4.827600e+02
4.825300e+02
4.825300e+02
4.801000e+02
4.801000e+02
4.801000e+02
4.801000e+02
4.801000e+02
4.801000e+02
4.801000e+02
4.801000e+02
4.801000e+02
4.801000e+02
4.801000e+02
4.801000e+02
5.342100e+02
5.342100e+02
5.316800e+02
5.316800e+02
5.316800e+02
4.985800e+02
4.985800e+02
5.167100e+02
5.167100e+02
5.167100e+02
5.167100e+02
5.167100e+02
5.386700e+02
5.386700e+02
5.416200e+02
5.416200e+02
5.442700e+02
5.442700e+02
5.442700e+02
5.460600e+02
5.460600e+02
5.460600e+02
5.460600e+02
5.473900e+02
5.473900e+02
5.473900e+02
5.489300e+02
5.489300e+02
5.482400e+02
5.482400e+02
5.488100e+02
5.488100e+02
5.488100e+02
4.287200e+02
4.287200e+02
4.287200e+02
4.287200e+02
4.287200e+02
4.287200e+02
4.287200e+02
5.521700e+02
5.521700e+02
5.512900e+02
5.512900e+02
5.508700e+02
5.508700e+02
5.508700e+02
5.497000e+02
5.497000e+02
5.494200e+02
5.494200e+02
5.448100e+02
5.448100e+02
5.448100e+02
5.442700e+02
5.442700e+02
5.442700e+02
5.442700e+02
5.419100e+02
5.419100e+02
5.419100e+02
5.376700e+02
5.376700e+02
5.410800e+02
5.410800e+02
5.410800e+02
5.410800e+02
5.410800e+02
5.387700e+02
5.387700e+02
5.343100e+02
5.343100e+02
5.346100e+02
5.346100e+02
5.346100e+02
5.339700e+02
5.339700e+02
5.313400e+02
5.313400e+02
5.273400e+02
5.273400e+02
5.273400e+02
5.256900e+02
5.256900e+02
5.256900e+02
5.210600e+02
5.178500e+02
5.178500e+02
5.178500e+02
5.143300e+02
5.143300e+02
5.143300e+02
5.143300e+02
5.143300e+02
5.143300e+02
5.143300e+02
5.037100e+02
5.037100e+02
4.982400e+02
4.982400e+02
4.966700e+02
4.966700e+02
4.966700e+02
4.903900e+02
4.903900e+02
4.843600e+02
4.843600e+02
4.881400e+02
4.881400e+02
4.881400e+02
4.713700e+02
4.713700e+02
4.725300e+02
4.725300e+02
4.652800e+02
4.652800e+02
4.652800e+02
4.550500e+02
4.550500e+02
4.498900e+02
4.498900e+02
4.410800e+02
4.410800e+02
4.410800e+02
4.371800e+02
4.371800e+02
3.852000e+02
3.852000e+02
4.301200e+02
4.301200e+02
4.301200e+02
4.197500e+02
4.197500e+02
4.242100e+02
4.242100e+02
4.176900e+02
4.176900e+02
4.176900e+02
4.178900e+02
4.178900e+02
4.154900e+02
4.154900e+02
4.277100e+02
4.277100e+02
4.277100e+02
4.500800e+02
4.500800e+02
4.267100e+02
4.267100e+02
4.267100e+02
4.267100e+02
4.267100e+02
2.059400e+02
2.059400e+02
5.043800e+02
5.043800e+02
2.526100e+02
2.526100e+02
2.526100e+02
1.273500e+02
1.273500e+02
1.177200e+02
1.177200e+02
1.200300e+02
1.200300e+02
1.200300e+02
1.214500e+02
1.214500e+02
1.181500e+02
1.181500e+02
1.181500e+02
1.181500e+02
1.181500e+02
1.149600e+02
1.149600e+02
1.123000e+02
1.123000e+02
1.117400e+02
1.117400e+02
1.117400e+02
1.103600e+02
1.103600e+02
1.101100e+02
1.101100e+02
1.078700e+02
1.078700e+02
1.078700e+02
1.052500e+02
1.052500e+02
1.052500e+02
1.052500e+02
1.052500e+02
1.052500e+02
1.052500e+02
9.987000e+01
9.987000e+01
1.018400e+02
1.018400e+02
9.793000e+01
9.793000e+01
9.793000e+01
9.805000e+01
9.805000e+01
9.805000e+01
9.805000e+01
9.414000e+01
9.414000e+01
9.414000e+01
3.690000e+01
3.690000e+01
9.415000e+01
9.415000e+01
9.415000e+01
9.415000e+01
9.415000e+01
8.739000e+01
8.739000e+01
9.032000e+01
9.032000e+01
8.943000e+01
8.943000e+01
8.943000e+01
8.826000e+01
8.826000e+01
8.819000e+01
8.819000e+01
8.810000e+01
8.810000e+01
8.810000e+01
8.543000e+01
8.543000e+01
8.303170e+01
8.303170e+01
8.384000e+01
8.384000e+01
8.384000e+01
8.337000e+01
8.337000e+01
8.337000e+01
8.337000e+01
7.945000e+01
7.945000e+01
7.945000e+01
7.161000e+01
7.161000e+01
7.161000e+01
7.161000e+01
7.161000e+01
7.161000e+01
7.161000e+01
7.319000e+01
7.319000e+01
6.888000e+01
6.888000e+01
6.888000e+01
6.888000e+01
6.888000e+01
6.368000e+01
6.368000e+01
6.741000e+01
6.741000e+01
6.894000e+01
6.894000e+01
6.894000e+01
6.783000e+01
6.783000e+01
6.966000e+01
6.966000e+01
6.466000e+01
6.466000e+01
6.466000e+01
5.546000e+01
5.546000e+01
4.744000e+01
4.744000e+01
4.744000e+01
4.744000e+01
4.744000e+01
4.744000e+01
4.744000e+01
3.237000e+01
3.237000e+01
3.237000e+01
3.237000e+01
3.237000e+01
2.765000e+01
2.765000e+01
1.845000e+01
1.845000e+01
1.108000e+01
1.108000e+01
1.108000e+01
1.206000e+01
1.206000e+01
7.030000e+00
7.030000e+00
7.030000e+00
7.030000e+00
7.030000e+00
1.099000e+01
1.099000e+01
7.980000e+00
7.980000e+00
7.980000e+00
7.980000e+00
7.980000e+00
1.355000e+01
1.355000e+01
7.310000e+00
7.310000e+00
7.310000e+00
7.310000e+00
7.310000e+00
1.057000e+01
1.057000e+01
1.340000e+01
1.340000e+01
1.058000e+01
1.058000e+01
1.058000e+01
5.730000e+00
5.730000e+00
4.990000e+00
4.990000e+00
4.990000e+00
4.990000e+00
4.990000e+00
4.990000e+00
4.990000e+00
4.490000e+00
4.490000e+00
9.130000e+00
9.130000e+00
9.130000e+00
9.420000e+00
9.420000e+00
1.269000e+01
1.269000e+01
1.269000e+01
1.269000e+01
1.269000e+01
1.077000e+01
1.077000e+01
9.130000e+00
9.130000e+00
1.985000e+01
1.985000e+01
1.985000e+01
1.571000e+01
1.571000e+01
1.539000e+01
1.539000e+01
1.539000e+01
1.539000e+01
1.539000e+01
1.586000e+01
1.586000e+01
1.303000e+01
1.303000e+01
1.303000e+01
1.303000e+01
1.303000e+01
1.424000e+01
1.424000e+01
1.231000e+01
1.231000e+01
1.231000e+01
1.231000e+01
1.231000e+01
1.087000e+01
1.087000e+01
1.001000e+01
1.001000e+01
1.001000e+01
1.001000e+01
1.001000e+01
1.075000e+01
1.075000e+01
1.051000e+01
1.051000e+01
1.051000e+01
1.051000e+01
1.051000e+01
1.061000e+01
1.061000e+01
1.061000e+01
1.061000e+01
1.004000e+01
1.004000e+01
1.004000e+01
9.100000e+00
9.100000e+00
9.100000e+00
9.100000e+00
9.100000e+00
9.100000e+00
9.100000e+00
9.100000e+00
9.100000e+00
6.490000e+00
6.490000e+00
6.490000e+00
6.490000e+00
6.490000e+00
8.710000e+00
8.710000e+00
8.710000e+00
8.710000e+00
8.710000e+00
8.710000e+00
8.710000e+00
6.110000e+00
6.110000e+00
6.650000e+00
6.650000e+00
6.650000e+00
6.650000e+00
6.650000e+00
6.650000e+00
6.650000e+00
6.650000e+00
6.650000e+00
6.650000e+00
6.650000e+00
6.650000e+00
6.650000e+00
6.650000e+00
6.650000e+00
6.650000e+00
6.650000e+00
6.650000e+00
6.650000e+00
6.650000e+00
6.650000e+00
6.650000e+00
6.650000e+00
6.650000e+00
6.650000e+00
6.650000e+00
6.650000e+00
6.650000e+00
6.650000e+00
6.650000e+00
6.650000e+00
6.650000e+00
6.650000e+00
6.650000e+00
6.650000e+00
6.650000e+00
6.650000e+00
6.650000e+00
6.650000e+00
6.650000e+00
6.650000e+00
6.650000e+00
6.650000e+00
6.650000e+00
6.650000e+00
6.650000e+00
6.650000e+00
6.650000e+00
6.650000e+00
6.650000e+00
6.650000e+00
6.650000e+00
6.650000e+00
6.650000e+00
6.650000e+00
6.650000e+00
6.650000e+00
6.650000e+00
6.650000e+00
6.650000e+00
6.650000e+00
6.650000e+00
6.650000e+00
6.650000e+00
6.650000e+00
6.650000e+00
6.650000e+00
6.650000e+00
6.650000e+00
6.650000e+00
6.650000e+00
6.650000e+00
6.650000e+00
6.650000e+00
6.650000e+00
6.650000e+00
6.650000e+00
6.650000e+00
6.650000e+00
6.650000e+00
6.650000e+00
6.650000e+00
6.650000e+00
6.650000e+00
6.650000e+00
6.650000e+00
6.650000e+00
6.650000e+00
6.650000e+00
6.650000e+00
6.650000e+00
6.650000e+00
6.650000e+00
6.650000e+00
6.650000e+00
6.650000e+00
6.650000e+00
6.650000e+00
6.650000e+00
6.650000e+00
6.650000e+00
6.650000e+00
6.650000e+00
6.650000e+00
6.650000e+00
6.650000e+00
6.650000e+00
6.650000e+00
6.650000e+00
6.650000e+00
6.650000e+00
6.650000e+00
6.650000e+00
6.650000e+00
6.650000e+00
6.650000e+00
6.650000e+00
6.650000e+00
6.650000e+00
6.650000e+00
6.650000e+00
6.650000e+00
6.650000e+00
6.650000e+00
6.650000e+00
6.650000e+00
6.650000e+00
6.650000e+00
1.140000e+00
1.140000e+00
1.140000e+00
91
91
5.753000e+01
5.753000e+01
1.235800e+02
1.235800e+02
1.235800e+02
1.279600e+02
1.279600e+02
1.275100e+02
1.275100e+02
1.277800e+02
1.277800e+02
1.277800e+02
1.314300e+02
1.314300e+02
1.314300e+02
1.314300e+02
4.987000e+01
4.987000e+01
4.987000e+01
1.258500e+02
1.258500e+02
1.272500e+02
1.272500e+02
1.244100e+02
1.244100e+02
1.244100e+02
1.257300e+02
1.257300e+02
1.420300e+02
1.420300e+02
1.570700e+02
1.570700e+02
1.570700e+02
1.713800e+02
1.713800e+02
1.778900e+02
1.778900e+02
1.778900e+02
1.778900e+02
1.778900e+02
1.829300e+02
1.829300e+02
1.912800e+02
1.912800e+02
1.953000e+02
1.953000e+02
1.953000e+02
1.990400e+02
1.990400e+02
2.007600e+02
2.007600e+02
2.051700e+02
2.051700e+02
2.051700e+02
2.051300e+02
2.051300e+02
2.052800e+02
2.052800e+02
2.124500e+02
2.124500e+02
2.124500e+02
2.141500e+02
2.141500e+02
2.141500e+02
2.141500e+02
2.186000e+02
2.186000e+02
2.186000e+02
2.222100e+02
2.222100e+02
2.219600e+02
2.219600e+02
2.217000e+02
2.217000e+02
2.217000e+02
2.217000e+02
2.217000e+02
2.217000e+02
2.217000e+02
2.217000e+02
2.217000e+02
2.217000e+02
2.269700e+02
2.269700e+02
2.273200e+02
2.273200e+02
2.273200e+02
2.273200e+02
2.273200e+02
2.289200e+02
2.289200e+02
2.275600e+02
2.275600e+02
229
229
229
2.278900e+02
2.278900e+02
2.301800e+02
2.301800e+02
2.312600e+02
2.312600e+02
2.312600e+02
2.324700e+02
2.324700e+02
2.322600e+02
2.322600e+02
2.322600e+02
