0
0
0
0
0
0
0
0
0
0
0
0
0
0
0
0
0
0
0
0
0
0
0
0
0
0
0
0
0
0
0
0
0
0
0
0
0
0
0
0
0
0
0
0
0
0
0
0
0
0
0
0
0
0
0
0
0
0
0
0
0
0
0
0
0
0
0
0
0
0
0
0
0
0
0
0
0
0
0
0
0
0
0
0
0
0
0
0
0
0
0
0
0
0
0
0
0
0
0
0
0
0
0
0
0
0
0
0
0
0
0
0
0
0
0
0
0
0
0
0
0
0
0
0
0
0
0
0
0
0
0
0
0
0
0
0
0
0
0
0
0
0
0
0
0
0
0
0
0
0
0
0
0
0
0
0
0
0
0
0
0
0
0
0
0
0
0
0
0
0
0
0
0
0
0
0
0
0
0
0
0
0
0
0
0
0
0
0
0
0
0
0
0
0
0
0
0
0
0
0
0
0
0
0
0
0
0
0
0
0
0
0
0
0
0
0
0
0
0
0
0
0
0
0
0
0
0
0
0
0
0
0
0
0
0
0
0
0
0
0
0
0
0
0
0
0
0
0
0
0
0
0
0
0
0
0
0
0
0
0
0
0
0
0
0
0
0
0
0
0
0
0
0
0
0
0
0
0
0
0
0
0
0
0
0
0
0
0
0
0
0
0
0
0
0
0
0
0
0
0
0
0
0
0
0
0
0
0
0
0
0
0
0
0
0
0
0
0
0
0
0
0
0
0
0
0
0
0
0
0
0
0
0
0
0
0
0
0
0
0
0
0
0
0
0
0
0
0
0
0
0
0
0
0
0
0
0
0
0
0
0
0
0
0
0
0
0
0
0
0
0
0
0
0
0
0
0
0
0
0
0
0
0
0
0
0
0
0
0
0
0
0
0
0
0
0
0
0
0
0
0
0
0
0
0
0
0
0
0
0
0
0
0
0
0
0
0
0
0
0
0
0
0
0
0
0
0
0
0
0
0
0
0
0
0
0
0
0
0
0
0
0
0
0
0
0
0
0
0
0
0
0
0
0
0
0
0
0
0
0
0
0
0
0
0
0
0
0
0
0
0
0
0
0
0
0
0
0
0
0
0
0
0
0
0
0
0
0
0
0
0
0
0
0
0
0
0
0
0
0
0
0
0
0
0
0
0
0
0
0
0
0
0
0
0
0
0
0
0
0
0
0
0
0
0
0
0
0
0
0
0
0
0
0
0
0
0
0
0
0
0
0
0
0
0
0
0
0
0
0
0
0
0
0
0
0
0
0
0
0
0
0
0
0
0
0
0
0
0
0
0
0
0
0
0
0
0
0
0
0
0
0
0
0
0
0
0
0
0
0
0
0
0
0
0
0
0
0
0
0
0
0
0
0
0
0
0
0
0
0
0
0
0
0
0
0
0
0
0
0
0
0
0
0
0
0
0
0
0
0
0
0
0
0
0
0
0
0
0
0
0
0
0
0
0
0
0
0
0
0
0
0
0
0
0
0
0
0
0
0
0
0
0
0
0
0
0
0
0
0
0
0
0
0
0
0
0
0
0
0
0
0
0
0
0
0
0
0
0
0
0
0
0
0
0
0
0
0
0
0
0
0
0
0
0
0
0
0
0
0
0
0
0
0
0
0
0
0
0
0
0
0
0
0
0
0
0
0
0
0
0
0
0
0
0
0
0
0
0
0
0
0
0
0
0
0
0
0
0
0
32
0
0
1.213600e+02
1.307900e+02
1.428500e+02
1.472200e+02
1.581800e+02
1.606200e+02
1.598100e+02
7.724000e+01
7.724000e+01
1.203400e+02
1.214500e+02
1.328500e+02
1.328500e+02
1.705800e+02
0
1.737000e+02
2.008100e+02
1.412900e+02
1.180900e+02
2.048900e+02
0
8.824000e+01
1.203400e+02
9.810000e+01
9.897000e+01
3.018500e+02
2.795500e+02
3.098100e+02
3.124000e+02
2.999300e+02
4.644000e+01
3.058300e+02
3.124000e+02
2.898000e+02
2.482000e+02
2.918800e+02
2.843100e+02
1.078800e+02
1.065000e+02
3.144500e+02
3.230400e+02
2.790800e+02
3.011600e+02
2.908800e+02
2.937000e+02
3.039100e+02
3.069600e+02
2.997100e+02
3.144500e+02
3.293300e+02
3.351300e+02
1.218500e+02
1.238000e+02
1.238000e+02
2.857600e+02
3.444400e+02
3.598700e+02
2.018000e+02
2.026000e+02
1.550600e+02
2.027100e+02
3.253400e+02
3.948700e+02
4.005100e+02
4.060400e+02
3.793900e+02
3.761100e+02
4.123200e+02
4.135600e+02
4.135600e+02
4.135600e+02
4.240600e+02
4.264300e+02
4.152400e+02
4.154400e+02
4.212100e+02
4.206800e+02
4.202000e+02
4.292400e+02
4.406300e+02
4.500700e+02
4.429300e+02
4.356900e+02
4.343400e+02
4.306100e+02
4.134400e+02
4.387000e+02
4.468800e+02
4.364800e+02
4.541100e+02
4.642100e+02
4.625100e+02
4.640700e+02
4.652800e+02
4.750200e+02
4.708200e+02
4.262000e+02
4.114400e+02
4.114400e+02
4.300700e+02
4.452700e+02
4.322300e+02
4.494400e+02
4.372700e+02
4.530200e+02
4.384100e+02
4.372700e+02
4.708100e+02
4.826100e+02
4.844200e+02
4.702000e+02
4.898800e+02
4.770200e+02
4.868500e+02
4.756800e+02
4.822900e+02
4.879200e+02
4.729400e+02
4.762700e+02
4.930100e+02
4.920300e+02
4.742500e+02
4.823900e+02
4.760100e+02
4.876400e+02
5.037900e+02
5.061500e+02
5.104100e+02
5.095200e+02
5.034500e+02
5.049000e+02
5.092600e+02
5.151400e+02
5.082400e+02
4.975100e+02
206
4.264000e+02
4.258000e+02
4.730700e+02
4.864000e+02
5.397900e+02
5.371300e+02
5.392600e+02
5.058300e+02
4.855600e+02
5.057300e+02
5.280200e+02
5.291100e+02
5.229600e+02
5.229600e+02
5.229600e+02
4.737600e+02
4.678700e+02
4.703900e+02
4.662600e+02
4.698000e+02
4.621400e+02
4.667500e+02
4.925700e+02
4.826400e+02
4.762900e+02
4.755400e+02
4.679700e+02
4.679700e+02
4.548900e+02
4.700200e+02
4.653800e+02
4.667200e+02
4.667200e+02
4.710200e+02
4.705800e+02
4.781200e+02
4.773300e+02
4.875300e+02
4.860500e+02
4.819400e+02
4.740100e+02
4.752800e+02
4.753900e+02
4.697000e+02
4.697000e+02
4.697000e+02
4.717500e+02
4.687400e+02
4.702700e+02
4.758000e+02
4.750600e+02
4.750600e+02
4.780100e+02
4.743200e+02
5.037600e+02
5.599400e+02
5.608000e+02
5.020700e+02
5.130200e+02
5.098900e+02
4.953400e+02
4.802400e+02
4.792700e+02
4.801200e+02
4.784300e+02
4.765000e+02
4.845400e+02
4.797900e+02
4.836200e+02
4.916900e+02
4.937900e+02
4.916100e+02
4.932000e+02
4.978900e+02
4.963800e+02
4.964500e+02
4.948600e+02
5.386100e+02
5.362900e+02
5.324500e+02
5.276700e+02
5.272100e+02
5.243700e+02
5.187700e+02
5.213300e+02
5.282600e+02
5.282600e+02
5.282600e+02
5.093100e+02
5.022000e+02
5.026700e+02
4.930800e+02
4.863100e+02
4.759200e+02
4.740300e+02
4.667300e+02
4.656900e+02
4.732000e+02
4.666300e+02
4.623400e+02
458
4.589200e+02
4.547600e+02
4.440600e+02
4.447900e+02
4.477600e+02
4.445200e+02
4.448700e+02
447
4.429300e+02
4.540600e+02
4.695400e+02
4.710400e+02
4.584300e+02
4.646300e+02
4.689800e+02
4.557100e+02
4.619900e+02
4.654000e+02
4.604800e+02
4.645200e+02
4.484100e+02
4.620600e+02
4.608200e+02
4.673500e+02
4.670700e+02
4.593500e+02
4.546600e+02
4.550500e+02
4.551700e+02
4.626000e+02
4.567700e+02
4.625300e+02
4.625300e+02
4.662000e+02
4.506700e+02
4.582300e+02
4.666300e+02
4.554500e+02
4.525900e+02
4.604400e+02
4.516700e+02
4.499000e+02
4.458200e+02
4.483100e+02
4.417600e+02
4.431100e+02
4.469600e+02
4.392200e+02
4.250900e+02
4.425800e+02
4.496000e+02
4.551100e+02
4.587700e+02
4.645400e+02
4.496500e+02
4.476400e+02
4.378600e+02
4.538100e+02
4.647800e+02
4.647800e+02
4.538100e+02
5.370600e+02
5.608500e+02
5.653300e+02
5.604500e+02
4.786300e+02
2.736300e+02
2.507700e+02
2.311800e+02
2.154500e+02
2.046000e+02
2.090400e+02
7.306000e+01
1.411823e+02
1.136946e+02
8.620704e+01
8.305000e+01
8.063000e+01
8.039000e+01
7.992000e+01
7.992000e+01
7.992000e+01
7.761000e+01
7.613000e+01
7.875000e+01
7.583000e+01
7.486000e+01
7.486000e+01
7.486000e+01
7.486000e+01
7.486000e+01
7.486000e+01
3.763000e+01
9.348000e+01
9.348000e+01
9.348000e+01
1.184300e+02
1.341400e+02
1.368200e+02
1.543700e+02
1.571100e+02
1.571100e+02
1.571100e+02
1.592700e+02
1.592700e+02
1.592700e+02
1.796800e+02
1.874400e+02
1.874400e+02
1.874400e+02
1.874400e+02
1.830100e+02
1.805700e+02
1.833300e+02
1.863300e+02
1.863300e+02
1.863300e+02
1.899100e+02
1.930100e+02
1.950100e+02
1.960300e+02
1.985700e+02
2.011600e+02
2.029400e+02
2.064800e+02
2.105700e+02
2.146400e+02
2.185400e+02
2.217500e+02
2.276300e+02
2.304500e+02
2.349800e+02
2.384200e+02
2.410700e+02
2.471900e+02
2.519800e+02
2.539100e+02
2.571600e+02
2.612000e+02
2.612000e+02
2.868500e+02
2.708900e+02
2.759200e+02
2.759200e+02
2.759200e+02
2.884000e+02
2.911300e+02
2.962200e+02
3.006900e+02
3.038500e+02
3.038500e+02
3.038500e+02
3.135100e+02
3.149200e+02
3.181400e+02
3.181400e+02
3.241800e+02
3.241800e+02
3.241800e+02
3.297400e+02
3.368800e+02
3.411700e+02
3.446200e+02
3.453800e+02
3.453800e+02
3.453800e+02
3.526700e+02
3.520200e+02
3.538700e+02
3.525300e+02
3.555800e+02
3.555800e+02
3.555800e+02
3.622700e+02
3.649100e+02
3.649100e+02
3.637600e+02
3.680800e+02
3.680800e+02
3.680800e+02
3.747500e+02
3.707400e+02
3.749500e+02
3.754700e+02
3.776400e+02
3.776400e+02
3.776400e+02
3.593400e+02
3.593800e+02
3.593800e+02
3.617400e+02
3.616400e+02
3.616400e+02
3.616400e+02
3.632500e+02
3.626600e+02
3.607900e+02
3.585800e+02
3.653900e+02
3.653900e+02
3.653900e+02
3.707800e+02
3.686000e+02
3.510200e+02
3.591900e+02
3.599600e+02
3.599600e+02
3.599600e+02
3.564100e+02
3.611300e+02
3.598600e+02
3.533700e+02
3.536200e+02
3.536200e+02
3.536200e+02
3.476300e+02
3.447700e+02
3.491500e+02
3.576400e+02
3.622000e+02
3.622000e+02
3.622000e+02
3.732600e+02
3.727600e+02
3.801800e+02
3.823500e+02
3.828200e+02
3.828200e+02
3.828200e+02
3.857400e+02
3.834900e+02
3.902400e+02
3.903500e+02
3.933000e+02
3.933000e+02
3.933000e+02
3.977100e+02
4.002700e+02
3.989500e+02
3.409500e+02
3.409500e+02
3.409500e+02
3.409500e+02
3.409500e+02
4.009700e+02
4.286200e+02
4.394100e+02
4.405500e+02
4.405500e+02
4.405500e+02
4.405500e+02
4.443000e+02
4.467100e+02
4.507800e+02
4.545700e+02
4.545700e+02
4.545700e+02
4.569800e+02
4.569800e+02
4.569800e+02
4.569800e+02
4.639900e+02
4.639900e+02
4.639900e+02
4.719800e+02
4.704700e+02
4.808200e+02
4.807500e+02
4.778200e+02
4.778200e+02
4.778200e+02
4.848800e+02
4.839200e+02
4.839200e+02
4.839200e+02
4.782300e+02
4.782300e+02
4.782300e+02
4.753300e+02
4.774700e+02
4.802200e+02
4.789600e+02
4.857000e+02
4.857000e+02
4.857000e+02
4.665800e+02
4.596700e+02
4.619900e+02
4.640700e+02
4.629800e+02
4.629800e+02
4.629800e+02
4.651000e+02
4.651000e+02
4.651000e+02
4.579400e+02
4.503200e+02
4.503200e+02
4.503200e+02
4.498900e+02
4.559000e+02
4.502200e+02
4.536200e+02
4.483600e+02
4.483600e+02
4.483600e+02
4.483600e+02
4.853700e+02
4.953900e+02
4.953900e+02
4.953900e+02
4.953900e+02
4.953900e+02
5.004000e+02
5.053900e+02
5.059700e+02
5.059700e+02
5.059700e+02
5.059700e+02
5.059700e+02
4.990600e+02
4.968400e+02
5.016100e+02
4.991800e+02
4.987000e+02
4.987000e+02
4.987000e+02
4.953300e+02
4.883900e+02
4.866500e+02
4.866500e+02
4.866500e+02
4.866500e+02
4.866500e+02
4.928000e+02
4.869900e+02
4.873500e+02
4.873500e+02
4.799300e+02
4.799300e+02
4.799300e+02
1.143500e+02
1.143500e+02
1.143500e+02
1.143500e+02
1.083600e+02
1.083600e+02
1.083600e+02
3.506100e+02
3.749100e+02
3.699100e+02
3.934000e+02
4.087100e+02
4.087100e+02
4.087100e+02
4.063500e+02
4.063600e+02
4.063600e+02
4.063600e+02
4.063600e+02
4.063600e+02
4.063600e+02
4.255200e+02
4.256700e+02
4.256700e+02
4.283800e+02
4.319200e+02
4.319200e+02
4.319200e+02
4.422500e+02
4.514500e+02
4.572600e+02
4.572600e+02
4.572600e+02
4.572600e+02
4.572600e+02
4.762600e+02
4.833600e+02
4.834000e+02
5.047500e+02
5.194000e+02
5.194000e+02
5.194000e+02
5.830800e+02
5.830800e+02
5.830800e+02
5.830800e+02
5.830800e+02
5.830800e+02
5.830800e+02
6.207700e+02
6.133800e+02
5.982400e+02
6.169200e+02
6.169200e+02
6.169200e+02
6.169200e+02
5.987900e+02
5.837600e+02
5.758800e+02
5.833300e+02
5.833300e+02
5.833300e+02
5.833300e+02
5.872200e+02
5.862800e+02
5.829900e+02
5.789300e+02
5.637200e+02
5.637200e+02
5.637200e+02
5.637200e+02
5.637200e+02
5.637200e+02
5.637200e+02
5.637200e+02
5.637200e+02
5.637200e+02
1.251900e+02
1.251900e+02
1.251900e+02
1.098200e+02
2.989900e+02
2.989900e+02
2.989900e+02
4.047800e+02
3.991200e+02
3.991200e+02
3.647500e+02
3.572600e+02
3.572600e+02
3.572600e+02
3.481900e+02
3.564100e+02
3.558600e+02
3.644900e+02
3.646200e+02
3.646200e+02
3.646200e+02
3.679400e+02
3.737800e+02
3.670500e+02
3.670500e+02
3.720300e+02
3.720300e+02
3.720300e+02
3.761700e+02
3.793300e+02
3.959200e+02
4.093800e+02
4.217600e+02
4.217600e+02
4.217600e+02
4.502100e+02
4.502100e+02
4.502100e+02
5.074400e+02
5.104700e+02
5.104700e+02
5.104700e+02
5.334400e+02
5.431100e+02
5.562300e+02
5.604800e+02
5.621200e+02
5.621200e+02
5.621200e+02
5.648400e+02
5.648400e+02
5.666200e+02
5.666200e+02
5.666200e+02
5.666200e+02
5.666200e+02
5.688400e+02
5.688400e+02
5.342400e+02
5.804600e+02
5.847000e+02
5.847000e+02
5.847000e+02
5.769600e+02
5.670400e+02
5.851200e+02
5.847200e+02
5.906600e+02
5.906600e+02
5.906600e+02
5.655600e+02
5.575500e+02
5.530100e+02
5.356100e+02
5.262000e+02
5.262000e+02
5.262000e+02
5.198400e+02
5.268300e+02
5.334100e+02
5.609800e+02
5.694500e+02
5.694500e+02
5.694500e+02
5.743300e+02
5.722200e+02
5.687700e+02
5.648700e+02
5.665400e+02
5.665400e+02
5.665400e+02
5.753800e+02
5.743700e+02
5.850800e+02
5.687800e+02
5.703200e+02
5.703200e+02
5.703200e+02
5.780500e+02
5.744300e+02
5.729400e+02
5.758200e+02
5.724300e+02
5.724300e+02
5.724300e+02
5.657000e+02
5.745600e+02
5.745600e+02
5.745600e+02
5.656500e+02
5.656500e+02
5.656500e+02
5.776600e+02
5.727000e+02
5.783100e+02
5.756700e+02
5.767100e+02
5.767100e+02
5.767100e+02
5.754000e+02
5.754000e+02
5.712500e+02
5.712500e+02
5.712500e+02
5.712500e+02
5.712500e+02
5.861600e+02
5.745400e+02
5.724500e+02
5.717000e+02
5.716900e+02
5.716900e+02
5.716900e+02
4.439400e+02
4.439400e+02
4.439400e+02
4.439400e+02
4.439400e+02
4.439400e+02
4.439400e+02
5.466700e+02
5.466700e+02
5.466700e+02
4.998900e+02
4.998900e+02
4.998900e+02
4.998900e+02
4.659900e+02
4.659900e+02
4.659900e+02
4.659900e+02
4.659900e+02
4.659900e+02
4.659900e+02
4.733500e+02
4.733500e+02
4.733500e+02
4.768000e+02
4.851000e+02
4.851000e+02
4.851000e+02
4.978700e+02
4.978700e+02
4.978700e+02
4.978700e+02
4.978700e+02
4.978700e+02
4.978700e+02
4.966800e+02
4.966800e+02
4.790100e+02
4.790100e+02
4.904900e+02
4.904900e+02
4.904900e+02
4.916700e+02
4.916700e+02
4.916700e+02
4.916700e+02
4.916700e+02
4.916700e+02
4.916700e+02
4.857800e+02
4.857800e+02
5.025200e+02
5.025200e+02
5.025200e+02
5.025200e+02
5.025200e+02
2.494400e+02
2.494400e+02
5.841400e+02
5.841400e+02
4.800600e+02
4.800600e+02
4.800600e+02
4.800600e+02
4.800600e+02
4.265600e+02
4.265600e+02
4.302300e+02
4.302300e+02
4.302300e+02
4.322600e+02
4.322600e+02
4.379800e+02
4.379800e+02
4.419800e+02
4.419800e+02
4.419800e+02
4.542200e+02
4.542200e+02
4.701200e+02
4.701200e+02
4.526900e+02
4.526900e+02
4.526900e+02
4.561500e+02
4.561500e+02
4.602800e+02
4.602800e+02
4.334100e+02
4.334100e+02
4.334100e+02
3.958100e+02
3.958100e+02
3.887300e+02
3.887300e+02
3.887300e+02
3.887300e+02
3.887300e+02
3.537200e+02
3.537200e+02
3.858500e+02
3.858500e+02
3.858500e+02
3.858500e+02
3.858500e+02
3.858500e+02
3.858500e+02
3.715300e+02
3.715300e+02
3.699900e+02
3.699900e+02
3.699900e+02
3.581600e+02
3.581600e+02
3.584400e+02
3.584400e+02
3.596300e+02
3.596300e+02
3.596300e+02
3.596300e+02
3.596300e+02
3.596300e+02
3.596300e+02
3.596300e+02
3.596300e+02
3.596300e+02
3.596300e+02
3.596300e+02
3.457000e+02
3.457000e+02
3.457000e+02
3.457000e+02
3.457000e+02
3.434000e+02
3.434000e+02
3.510700e+02
3.510700e+02
3.539900e+02
3.539900e+02
3.539900e+02
3.557500e+02
3.557500e+02
3.507300e+02
3.507300e+02
3.501600e+02
3.501600e+02
3.501600e+02
3.357000e+02
3.357000e+02
3.576900e+02
3.576900e+02
3.585600e+02
3.585600e+02
3.585600e+02
3.582100e+02
3.582100e+02
3.881500e+02
3.881500e+02
3.881500e+02
3.881500e+02
3.881500e+02
3.881500e+02
3.881500e+02
3.571600e+02
3.571600e+02
3.571600e+02
3.571600e+02
3.571600e+02
354
354
3.545200e+02
3.545200e+02
3.487600e+02
3.487600e+02
3.487600e+02
3.522900e+02
3.522900e+02
3.522900e+02
3.522900e+02
3.495800e+02
3.495800e+02
3.495800e+02
3.563700e+02
3.563700e+02
3.599300e+02
3.599300e+02
3.716800e+02
3.716800e+02
3.716800e+02
3.615100e+02
3.615100e+02
3.615100e+02
3.615100e+02
3.615100e+02
3.615100e+02
3.615100e+02
3.615100e+02
3.615100e+02
3.615100e+02
3.615100e+02
3.690100e+02
3.690100e+02
3.690100e+02
3.682800e+02
3.682800e+02
3.680300e+02
3.680300e+02
3.284000e+02
3.284000e+02
0
0
0
0
0
7.780000e+01
7.780000e+01
7.780000e+01
7.780000e+01
7.780000e+01
6.386400e+02
6.386400e+02
5.233200e+02
5.233200e+02
5.233200e+02
4.618500e+02
4.618500e+02
4.339900e+02
4.339900e+02
2.150500e+02
2.150500e+02
2.150500e+02
1.680800e+02
1.680800e+02
3.863600e+02
3.863600e+02
4.611100e+02
4.611100e+02
4.611100e+02
4.080900e+02
4.080900e+02
4.080900e+02
4.080900e+02
4.005700e+02
4.005700e+02
4.005700e+02
3.986700e+02
3.986700e+02
3.967600e+02
3.967600e+02
3.967600e+02
3.967600e+02
3.967600e+02
3.953600e+02
3.953600e+02
3.963400e+02
3.963400e+02
3.963400e+02
3.963400e+02
3.963400e+02
4.025500e+02
4.025500e+02
2.316800e+02
2.316800e+02
4.417500e+02
4.417500e+02
4.417500e+02
3.852600e+02
3.852600e+02
3.852600e+02
3.852600e+02
3.852600e+02
3.852600e+02
3.852600e+02
1.715200e+02
1.715200e+02
1.715200e+02
1.715200e+02
1.715200e+02
1.715200e+02
1.715200e+02
1.721400e+02
1.721400e+02
1.732700e+02
1.732700e+02
1.732700e+02
1.732700e+02
1.732700e+02
1.732700e+02
1.732700e+02
1.821500e+02
1.821500e+02
1.821500e+02
1.821500e+02
1.821500e+02
1.696900e+02
1.696900e+02
1.696900e+02
1.696900e+02
1.696900e+02
1.696900e+02
1.696900e+02
1.791900e+02
1.791900e+02
1.791900e+02
1.791900e+02
1.791900e+02
1.791900e+02
1.791900e+02
1.579300e+02
1.579300e+02
1.620600e+02
1.620600e+02
1.661200e+02
1.661200e+02
1.661200e+02
1.625000e+02
1.625000e+02
1.625000e+02
1.625000e+02
1.625000e+02
1.625000e+02
1.625000e+02
1.625000e+02
4.059100e+02
4.059100e+02
4.059100e+02
1.834700e+02
1.834700e+02
1.834700e+02
1.369900e+02
1.369900e+02
1.369900e+02
1.369900e+02
1.369900e+02
1.369900e+02
1.369900e+02
1.421900e+02
1.421900e+02
1.425800e+02
1.425800e+02
1.419600e+02
1.419600e+02
1.419600e+02
1.399900e+02
1.399900e+02
1.399900e+02
1.399900e+02
1.399900e+02
1.399900e+02
1.399900e+02
3.074700e+02
3.074700e+02
3.074700e+02
3.074700e+02
3.012100e+02
3.012100e+02
3.012100e+02
1.383200e+02
1.383200e+02
1.383200e+02
1.383200e+02
1.383200e+02
1.383200e+02
1.383200e+02
1.383200e+02
1.383200e+02
1.383200e+02
1.375900e+02
1.375900e+02
1.375900e+02
1.375900e+02
2.478200e+02
2.478200e+02
2.478200e+02
2.478200e+02
2.478200e+02
2.478200e+02
2.478200e+02
2.478200e+02
2.478200e+02
3.767000e+02
3.767000e+02
3.767000e+02
3.767000e+02
3.767000e+02
3.569800e+02
3.569800e+02
3.569800e+02
3.569800e+02
3.569800e+02
3.569800e+02
3.569800e+02
3.569800e+02
3.569800e+02
3.569800e+02
3.569800e+02
3.569800e+02
3.569800e+02
3.569800e+02
4.898600e+02
4.898600e+02
4.086300e+02
4.086300e+02
4.086300e+02
4.086300e+02
4.086300e+02
4.173100e+02
4.173100e+02
4.173100e+02
4.173100e+02
4.173100e+02
4.173100e+02
4.173100e+02
4.357800e+02
4.357800e+02
4.357800e+02
4.357800e+02
4.357800e+02
4.357800e+02
4.357800e+02
4.614300e+02
4.614300e+02
4.731700e+02
4.731700e+02
4.807600e+02
4.807600e+02
4.807600e+02
4.932300e+02
4.932300e+02
4.706600e+02
4.706600e+02
5.223900e+02
5.223900e+02
5.223900e+02
5.318300e+02
5.318300e+02
5.288600e+02
5.288600e+02
5.181900e+02
5.181900e+02
5.181900e+02
5.487700e+02
5.487700e+02
5.487700e+02
5.487700e+02
5.487700e+02
5.487700e+02
5.487700e+02
5.435800e+02
5.435800e+02
5.373400e+02
5.373400e+02
5.358300e+02
5.358300e+02
5.358300e+02
5.358300e+02
5.358300e+02
5.358300e+02
5.358300e+02
5.554900e+02
5.554900e+02
5.554900e+02
5.531100e+02
5.531100e+02
5.568000e+02
5.568000e+02
5.568000e+02
5.568000e+02
5.568000e+02
5.568000e+02
5.568000e+02
5.568000e+02
5.568000e+02
5.568000e+02
5.568000e+02
5.568000e+02
5.568000e+02
5.568000e+02
5.004300e+02
5.004300e+02
5.004300e+02
5.004300e+02
5.004300e+02
5.004300e+02
5.004300e+02
5.004300e+02
5.004300e+02
5.004300e+02
5.004300e+02
5.004300e+02
5.004300e+02
5.004300e+02
5.004300e+02
5.004300e+02
5.004300e+02
5.004300e+02
5.004300e+02
5.004300e+02
5.004300e+02
466
466
466
466
466
466
466
466
466
466
466
466
466
4.898800e+02
4.898800e+02
4.898800e+02
4.898800e+02
4.898800e+02
4.898800e+02
4.905900e+02
4.905900e+02
4.775200e+02
4.775200e+02
4.775200e+02
4.775200e+02
4.775200e+02
4.807200e+02
4.807200e+02
4.807200e+02
4.807200e+02
4.807200e+02
4.807200e+02
4.807200e+02
4.718400e+02
4.718400e+02
4.712000e+02
4.712000e+02
4.754500e+02
4.754500e+02
4.754500e+02
4.675000e+02
4.675000e+02
4.675000e+02
4.675000e+02
4.675000e+02
4.675000e+02
4.675000e+02
5.695500e+02
5.695500e+02
5.009600e+02
5.009600e+02
4.778000e+02
4.778000e+02
4.778000e+02
4.621500e+02
4.621500e+02
4.621500e+02
4.621500e+02
4.621500e+02
4.621500e+02
4.621500e+02
5.308400e+02
5.308400e+02
4.779700e+02
4.779700e+02
4.875400e+02
4.875400e+02
4.875400e+02
4.679700e+02
4.679700e+02
4.679700e+02
4.679700e+02
4.679700e+02
4.679700e+02
4.679700e+02
4.679700e+02
4.679700e+02
4.679700e+02
4.679700e+02
4.679700e+02
4.679700e+02
4.679700e+02
4.562000e+02
4.562000e+02
4.561500e+02
4.561500e+02
4.482400e+02
4.482400e+02
4.482400e+02
4.489400e+02
4.489400e+02
4.292800e+02
4.292800e+02
4.645100e+02
4.645100e+02
4.645100e+02
4.469200e+02
4.469200e+02
4.469200e+02
4.469200e+02
4.469200e+02
4.469200e+02
4.469200e+02
5.252300e+02
5.252300e+02
4.687400e+02
4.687400e+02
4.535300e+02
4.535300e+02
4.535300e+02
4.502100e+02
4.502100e+02
4.502100e+02
4.502100e+02
4.379600e+02
4.379600e+02
4.379600e+02
4.455700e+02
4.455700e+02
4.447500e+02
4.447500e+02
4.370600e+02
4.370600e+02
4.370600e+02
4.370600e+02
4.370600e+02
4.370600e+02
4.370600e+02
4.700400e+02
4.700400e+02
4.700400e+02
4.700400e+02
4.700400e+02
4.434400e+02
4.434400e+02
4.667800e+02
4.667800e+02
4.667800e+02
3.030200e+02
3.030200e+02
2.399800e+02
2.399800e+02
2.399800e+02
2.399800e+02
2.399800e+02
3.534600e+02
3.534600e+02
4.928700e+02
4.928700e+02
2.288500e+02
2.288500e+02
2.288500e+02
5.279400e+02
5.279400e+02
5.279400e+02
5.279400e+02
4.444700e+02
4.444700e+02
4.444700e+02
4.581300e+02
4.581300e+02
4.540200e+02
4.540200e+02
3.287800e+02
3.287800e+02
3.287800e+02
4.441100e+02
4.441100e+02
4.398600e+02
4.398600e+02
4.398600e+02
4.398600e+02
4.398600e+02
4.314000e+02
4.314000e+02
3.891700e+02
3.891700e+02
2.461400e+02
2.461400e+02
2.461400e+02
4.397000e+02
4.397000e+02
4.784000e+02
4.784000e+02
4.353400e+02
4.353400e+02
4.353400e+02
3.012800e+02
3.012800e+02
3.012800e+02
3.012800e+02
4.323000e+02
4.323000e+02
4.323000e+02
2.414400e+02
2.414400e+02
3.714100e+02
3.714100e+02
3.714100e+02
3.714100e+02
3.714100e+02
4.736500e+02
4.736500e+02
4.417600e+02
4.417600e+02
2.467100e+02
2.467100e+02
2.467100e+02
4.463600e+02
4.463600e+02
4.297600e+02
4.297600e+02
4.090800e+02
4.090800e+02
4.090800e+02
2.826600e+02
2.826600e+02
2.826600e+02
4.873100e+02
3.235700e+02
3.235700e+02
3.235700e+02
2.327800e+02
2.327800e+02
2.327800e+02
2.327800e+02
2.327800e+02
2.327800e+02
2.327800e+02
2.378200e+02
2.378200e+02
4.547200e+02
4.547200e+02
4.540100e+02
4.540100e+02
4.540100e+02
4.818900e+02
4.818900e+02
4.371100e+02
4.371100e+02
4.311000e+02
4.311000e+02
4.311000e+02
4.256500e+02
4.256500e+02
4.219400e+02
4.219400e+02
5.884000e+02
5.884000e+02
5.884000e+02
4.292500e+02
4.292500e+02
4.246200e+02
4.246200e+02
4.161500e+02
4.161500e+02
4.161500e+02
4.186600e+02
4.186600e+02
4.207600e+02
4.207600e+02
4.202100e+02
4.202100e+02
4.202100e+02
4.236900e+02
4.236900e+02
4.275200e+02
4.275200e+02
4.246400e+02
4.246400e+02
4.246400e+02
4.206100e+02
4.206100e+02
4.195900e+02
4.195900e+02
4.204300e+02
4.204300e+02
4.204300e+02
4.176100e+02
4.176100e+02
4.162100e+02
4.162100e+02
4.162100e+02
4.162100e+02
4.162100e+02
4.159600e+02
4.159600e+02
4.133800e+02
4.133800e+02
4.154800e+02
4.154800e+02
4.154800e+02
4.317800e+02
4.317800e+02
4.266800e+02
4.266800e+02
4.225700e+02
4.225700e+02
4.225700e+02
4.213100e+02
4.213100e+02
4.188800e+02
4.188800e+02
4.188800e+02
4.188800e+02
4.188800e+02
4.215300e+02
4.215300e+02
4.220600e+02
4.220600e+02
4.183600e+02
4.183600e+02
4.183600e+02
4.196600e+02
4.196600e+02
4.215900e+02
4.215900e+02
3.347300e+02
3.347300e+02
3.347300e+02
4.313500e+02
4.313500e+02
4.313500e+02
4.313500e+02
4.313500e+02
4.313500e+02
4.313500e+02
4.259800e+02
4.259800e+02
4.254400e+02
4.254400e+02
4.237100e+02
4.237100e+02
4.237100e+02
4.250800e+02
4.250800e+02
4.250800e+02
4.250800e+02
4.269300e+02
4.269300e+02
4.269300e+02
4.305200e+02
4.305200e+02
4.292700e+02
4.292700e+02
4.292700e+02
4.292700e+02
4.292700e+02
4.202500e+02
4.202500e+02
4.150800e+02
4.150800e+02
4.250600e+02
4.250600e+02
4.250600e+02
4.349600e+02
4.349600e+02
4.264000e+02
4.264000e+02
4.288200e+02
4.288200e+02
4.288200e+02
4.255700e+02
4.255700e+02
4.274870e+02
4.274870e+02
4.309000e+02
4.309000e+02
4.309000e+02
4.210600e+02
4.210600e+02
4.210600e+02
4.210600e+02
4.250100e+02
4.250100e+02
4.250100e+02
4.244000e+02
4.244000e+02
4.244000e+02
4.244000e+02
4.244000e+02
4.244000e+02
4.244000e+02
4.213700e+02
4.213700e+02
4.203300e+02
4.203300e+02
4.203300e+02
4.203300e+02
4.203300e+02
4.189800e+02
4.189800e+02
4.165200e+02
4.165200e+02
4.142700e+02
4.142700e+02
4.142700e+02
4.139200e+02
4.139200e+02
4.104000e+02
4.104000e+02
4.072200e+02
4.072200e+02
4.072200e+02
4.027800e+02
4.027800e+02
4.069000e+02
4.069000e+02
4.069000e+02
4.069000e+02
4.069000e+02
4.069000e+02
4.069000e+02
4.089700e+02
4.089700e+02
4.089700e+02
4.089700e+02
4.089700e+02
4.021100e+02
4.021100e+02
4.063100e+02
4.063100e+02
4.079900e+02
4.079900e+02
4.079900e+02
4.059100e+02
4.059100e+02
4.033800e+02
4.033800e+02
4.095400e+02
4.095400e+02
4.095400e+02
4.058700e+02
4.058700e+02
4.047800e+02
4.047800e+02
4.047800e+02
4.047800e+02
4.047800e+02
4.009900e+02
4.009900e+02
3.967700e+02
3.967700e+02
3.967700e+02
3.967700e+02
3.967700e+02
3.954000e+02
3.954000e+02
3.805200e+02
3.805200e+02
2.203500e+02
2.203500e+02
2.203500e+02
1.802100e+02
1.802100e+02
1.622600e+02
1.622600e+02
1.622600e+02
1.622600e+02
1.622600e+02
1.622600e+02
1.622600e+02
1.304000e+02
1.304000e+02
1.295200e+02
1.295200e+02
1.295200e+02
1.277000e+02
1.277000e+02
1.267300e+02
1.267300e+02
1.267300e+02
1.267300e+02
1.267300e+02
1.269600e+02
1.269600e+02
1.251400e+02
1.251400e+02
1.250100e+02
1.250100e+02
1.250100e+02
1.239900e+02
1.239900e+02
1.244900e+02
1.244900e+02
1.244900e+02
1.244900e+02
1.244900e+02
1.238600e+02
1.238600e+02
1.240200e+02
1.240200e+02
1.240200e+02
1.240200e+02
1.240200e+02
1.239600e+02
1.239600e+02
1.235500e+02
1.235500e+02
1.235500e+02
1.235500e+02
1.235500e+02
1.232200e+02
1.232200e+02
1.234600e+02
1.234600e+02
1.234600e+02
1.234600e+02
1.234600e+02
1.225100e+02
1.225100e+02
1.223600e+02
1.223600e+02
1.223600e+02
1.223600e+02
1.223600e+02
1.226500e+02
1.226500e+02
1.226500e+02
1.226500e+02
1.216600e+02
1.216600e+02
1.216600e+02
1.218600e+02
1.218600e+02
1.218600e+02
1.218600e+02
1.218600e+02
1.218600e+02
1.218600e+02
1.218600e+02
1.218600e+02
1.220700e+02
1.220700e+02
1.220700e+02
1.220700e+02
1.220700e+02
1.219300e+02
1.219300e+02
1.219300e+02
1.219300e+02
1.219300e+02
1.219300e+02
1.219300e+02
1.217500e+02
1.217500e+02
1.218000e+02
1.218000e+02
1.220500e+02
1.220500e+02
1.220500e+02
1.227800e+02
1.227800e+02
1.230900e+02
1.230900e+02
1.230900e+02
1.230900e+02
1.230900e+02
1.230800e+02
1.230800e+02
1.233600e+02
1.233600e+02
1.228100e+02
1.228100e+02
1.228100e+02
1.226800e+02
1.226800e+02
1.227200e+02
1.227200e+02
1.227200e+02
1.227200e+02
1.227200e+02
1.229900e+02
1.229900e+02
1.223900e+02
1.223900e+02
1.186000e+02
1.186000e+02
1.186000e+02
1.186000e+02
1.186000e+02
1.186000e+02
1.186000e+02
1.186000e+02
1.186000e+02
1.186000e+02
1.198000e+02
1.198000e+02
1.197800e+02
1.197800e+02
1.200500e+02
1.200500e+02
1.200500e+02
1.200500e+02
1.200500e+02
1.198400e+02
1.198400e+02
1.198400e+02
1.198400e+02
1.198400e+02
1.204400e+02
1.204400e+02
1.207200e+02
1.207200e+02
1.209100e+02
1.209100e+02
1.209100e+02
1.209100e+02
1.209100e+02
1.209100e+02
1.209100e+02
1.209100e+02
1.209100e+02
1.209100e+02
2.331700e+02
2.331700e+02
2.331700e+02
2.331700e+02
3.510200e+02
3.510200e+02
3.510200e+02
3.777300e+02
3.777300e+02
3.921700e+02
3.921700e+02
4.071900e+02
4.071900e+02
4.071900e+02
414
414
418
418
230
230
230
230
230
446
446
163
163
163
163
163
163
163
163
163
163
163
163
163
163
163
163
163
4.328000e+02
4.328000e+02
4.387200e+02
4.387200e+02
4.575700e+02
4.575700e+02
4.575700e+02
501
501
5.143100e+02
5.143100e+02
4.914700e+02
4.914700e+02
4.914700e+02
4.982200e+02
4.982200e+02
4.982200e+02
4.982200e+02
4.545900e+02
4.545900e+02
4.545900e+02
4.887200e+02
4.887200e+02
4.852000e+02
4.852000e+02
5.009700e+02
5.009700e+02
5.009700e+02
4.908200e+02
4.908200e+02
4.033900e+02
4.033900e+02
4.945600e+02
4.945600e+02
4.945600e+02
3.897800e+02
3.897800e+02
3.897800e+02
3.897800e+02
5.237000e+02
5.237000e+02
5.237000e+02
5.182200e+02
5.182200e+02
5.032100e+02
5.032100e+02
4.958500e+02
4.958500e+02
4.958500e+02
5.057600e+02
5.057600e+02
5.089300e+02
5.089300e+02
5.116300e+02
5.116300e+02
5.116300e+02
5.109100e+02
5.109100e+02
5.113900e+02
5.113900e+02
5.113900e+02
5.113900e+02
5.113900e+02
4.958900e+02
4.958900e+02
5.011600e+02
5.011600e+02
4.372400e+02
4.372400e+02
4.372400e+02
5.066400e+02
5.066400e+02
4.997500e+02
4.997500e+02
5.085500e+02
5.085500e+02
5.085500e+02
4.947400e+02
4.947400e+02
5.240100e+02
5.240100e+02
3.203400e+02
3.203400e+02
3.203400e+02
3.072600e+02
3.072600e+02
3.072600e+02
3.072600e+02
2.338100e+02
2.338100e+02
2.338100e+02
1.938500e+02
1.938500e+02
6.934700e+02
6.934700e+02
3.902300e+02
3.902300e+02
3.902300e+02
3.902300e+02
3.902300e+02
3.902300e+02
3.902300e+02
3.902300e+02
3.902300e+02
3.902300e+02
1.634100e+02
1.634100e+02
1.606400e+02
1.606400e+02
1.606400e+02
1.606400e+02
1.606400e+02
1.637000e+02
1.637000e+02
1.621500e+02
1.621500e+02
1.600700e+02
1.600700e+02
1.600700e+02
1.604600e+02
1.604600e+02
1.593100e+02
1.593100e+02
1.593100e+02
1.593100e+02
1.593100e+02
1.605000e+02
1.605000e+02
1.592900e+02
1.592900e+02
1.592900e+02
