0
0
0
0
0
0
0
0
0
0
0
0
0
0
0
0
0
0
0
0
0
0
0
0
0
0
0
0
0
0
0
0
0
0
0
0
0
0
0
0
0
0
0
0
0
0
0
0
0
0
0
0
0
0
0
0
0
0
0
0
0
0
0
0
0
0
0
0
0
0
0
0
0
0
0
0
0
0
0
0
0
0
0
0
0
0
0
0
0
0
0
0
0
0
0
0
0
0
0
0
0
0
0
0
0
0
0
0
0
0
0
0
0
0
0
0
0
0
0
0
0
0
0
0
0
0
0
0
0
0
0
0
0
0
0
0
0
0
0
0
0
0
0
0
0
0
0
0
0
0
0
0
0
0
0
0
0
0
0
0
0
0
0
0
0
0
0
0
0
0
0
0
0
0
0
0
0
0
0
0
0
0
0
0
0
0
0
0
0
0
0
0
0
0
0
0
0
0
0
0
0
0
0
0
0
0
0
0
0
0
0
0
0
0
0
0
0
0
0
0
0
0
0
0
0
0
0
0
0
0
0
0
0
0
0
0
0
0
0
0
0
0
0
0
0
0
0
0
0
0
0
0
0
0
0
0
0
0
0
0
0
0
0
0
0
0
0
0
0
0
0
0
0
0
0
0
0
0
0
0
0
0
0
0
0
0
0
0
0
0
0
0
0
0
0
0
0
0
0
0
0
0
0
0
0
0
0
0
0
0
0
0
0
0
0
0
0
0
0
0
0
0
0
0
0
0
0
0
0
0
0
0
0
0
0
0
0
0
0
0
0
0
0
0
0
0
0
0
0
0
0
0
0
0
0
0
0
0
0
0
0
0
0
0
0
0
0
0
0
0
0
0
0
0
0
0
0
0
0
0
0
0
0
0
0
0
0
0
0
0
0
0
0
0
0
0
0
0
0
0
0
0
0
0
0
0
0
0
0
0
0
0
0
0
0
0
0
0
0
0
0
0
0
0
0
0
0
0
0
0
0
0
0
0
0
0
0
0
0
0
0
0
0
0
0
0
0
0
0
0
0
0
0
0
0
0
0
0
0
0
0
0
0
0
0
0
0
0
0
0
0
0
0
0
0
0
0
0
0
0
0
0
0
0
0
0
0
0
0
0
0
0
0
0
0
0
0
0
0
0
0
0
0
0
0
0
0
0
0
0
0
0
0
0
0
0
0
0
0
0
0
0
0
0
0
0
0
0
0
0
0
0
0
0
0
0
0
0
0
0
0
0
0
0
0
0
0
0
0
0
0
0
0
0
0
0
0
0
0
0
0
0
0
0
0
0
0
0
0
0
0
0
0
0
0
0
0
0
0
0
0
0
0
0
0
0
0
0
0
0
0
0
0
0
0
0
0
0
0
0
0
0
0
0
0
0
0
0
0
0
0
0
0
0
0
0
0
0
0
0
0
0
0
0
0
0
0
0
0
0
0
0
0
0
0
0
0
0
0
0
0
0
0
0
0
0
0
0
0
0
0
0
0
0
0
0
0
0
0
0
0
0
0
0
0
0
0
0
0
0
0
0
0
0
0
0
0
0
0
0
0
0
0
0
0
0
0
0
0
0
0
0
0
0
0
0
0
0
0
0
0
0
0
0
0
0
0
0
0
0
0
0
0
0
0
0
0
0
0
0
0
0
0
0
0
0
0
0
0
0
0
0
0
0
0
0
0
0
0
0
776
639
776
869
724
724
776
679
906
776
776
776
776
701
604
749
724
776
679
724
701
724
776
776
679
659
724
836
701
724
776
679
587
701
639
701
494
679
505
587
517
587
587
580
604
472
724
679
659
639
659
679
572
572
557
604
572
603
635
572
604
494
557
557
572
572
572
572
572
572
639
580
607
724
557
621
557
610
724
659
587
557
557
557
604
607
578
560
679
572
572
604
572
604
505
621
557
557
517
543
550
494
572
572
572
604
557
572
462
505
572
572
621
498
558
557
530
494
494
530
604
621
604
639
604
517
557
600
543
465
587
572
572
494
494
639
639
494
557
639
517
472
517
639
639
591
498
498
498
517
604
617
710
734
513
538
522
518
522
639
776
663
663
663
517
517
604
572
580
572
582
639
604
628
569
503
503
572
572
572
508
508
604
518
503
611
315
572
639
435
418
494
518
518
518
543
435
464
572
473
473
435
435
453
435
462
302
494
543
485
494
462
494
518
388
518
572
543
543
517
543
572
587
390
385
392
401
390
389
395
373
389
388
375
385
385
385
300
414
419
409
418
424
330
373
381
379
351
354
323
319
364
357
361
372
373
310
339
317
384
381
382
359
398
395
375
395
401
392
382
391
374
410
406
393
393
396
395
396
411
410
412
407
328
400
357
353
391
379
375
392
390
384
342
385
392
345
368
361
395
388
380
343
367
373
361
381
366
394
394
366
361
386
398
445
445
445
445
445
445
445
445
445
445
445
445
445
445
445
445
445
445
445
445
445
445
445
445
445
445
445
445
445
178
178
178
189
206
221
245
232
232
232
242
242
242
242
261
261
261
261
301
300
297
289
289
289
291
297
289
293
296
294
294
290
296
295
290
294
295
295
295
269
297
291
297
294
294
293
293
292
298
292
292
292
289
289
290
289
289
289
289
296
291
288
288
289
289
289
370
342
285
285
285
285
285
284
306
289
285
265
265
265
306
285
288
458
287
287
287
274
288
288
285
273
273
273
272
267
267
265
265
265
265
260
269
287
267
255
255
255
271
270
268
269
270
270
270
266
267
267
269
268
268
268
257
270
270
280
282
282
282
290
301
303
305
301
301
301
298
304
304
321
310
310
310
311
306
280
270
270
270
270
270
285
276
252
272
272
272
272
247
320
320
348
348
348
302
302
302
302
302
302
302
278
272
320
326
330
330
330
302
316
316
316
316
316
316
321
304
311
304
310
310
310
316
322
340
340
344
344
344
175
175
175
286
280
280
280
279
280
272
272
272
272
272
272
288
271
271
271
271
271
248
340
312
312
312
312
312
301
317
313
329
278
278
278
340
326
324
324
324
324
324
280
280
286
286
272
272
272
272
272
272
272
272
272
272
292
351
325
335
337
337
337
605
336
336
336
336
336
336
344
343
343
362
341
341
341
329
354
356
356
356
356
356
352
364
367
380
377
377
377
384
384
384
384
384
384
384
368
383
416
416
416
416
416
340
348
339
339
339
339
339
339
339
339
339
339
339
339
339
339
339
339
339
339
339
339
339
339
338
334
334
334
344
356
356
356
358
358
358
348
350
384
392
402
402
402
414
425
425
425
425
425
425
413
441
448
456
465
465
465
475
475
475
511
511
511
511
475
480
455
467
452
452
452
424
424
407
407
407
407
407
393
393
393
390
435
435
435
430
436
436
436
436
436
436
436
436
321
318
318
318
318
385
385
385
315
315
315
315
310
357
550
558
550
550
550
537
359
359
175
175
175
175
175
354
345
322
319
319
319
348
302
302
302
302
302
302
332
342
340
339
321
321
321
328
328
328
328
328
328
328
328
362
375
368
364
364
364
364
364
364
364
364
364
364
286
286
286
297
297
297
297
297
297
297
297
297
297
297
205
205
205
205
104
104
104
98
98
98
98
98
98
98
375
375
375
375
352
352
352
375
375
375
375
375
375
375
375
375
375
375
375
375
375
375
375
294
294
294
294
294
294
294
231
231
222
222
222
272
272
272
272
272
272
272
272
272
265
265
260
260
260
254
254
266
266
266
266
266
260
260
285
285
285
285
285
251
251
250
250
250
250
250
250
250
138
138
140
140
140
140
140
138
138
250
250
250
250
250
250
250
250
250
250
250
250
250
250
250
250
250
242
242
235
235
232
232
232
236
236
236
236
197
197
197
259
259
259
259
226
226
226
271
271
271
271
271
271
271
271
271
226
226
226
226
226
226
226
226
226
230
230
230
242
242
242
242
238
238
238
226
226
226
226
209
209
209
217
217
217
217
217
217
217
217
217
217
217
201
201
201
201
201
201
201
201
201
201
201
201
201
201
201
201
201
201
201
201
201
242
242
242
219
219
219
219
219
219
219
219
219
219
219
240
240
240
272
272
272
272
219
219
219
211
211
265
265
265
265
265
257
257
257
257
257
257
257
272
272
272
272
272
272
272
272
272
272
272
272
272
272
268
268
268
268
268
268
268
268
268
268
268
268
268
268
268
268
268
268
268
268
268
268
268
268
268
268
268
268
268
268
268
268
268
268
268
268
268
268
268
268
268
268
268
268
268
268
268
268
268
268
268
268
268
268
268
268
268
268
268
268
268
268
268
268
268
268
268
268
268
268
268
268
268
268
268
268
268
272
272
272
272
265
265
265
265
265
265
265
265
265
265
265
265
265
265
265
265
265
265
265
265
265
265
265
265
265
265
252
252
252
252
252
252
252
252
252
252
252
252
252
252
252
252
252
252
252
252
252
252
252
252
252
252
252
252
252
252
252
252
252
311
311
311
311
311
311
311
330
330
298
298
311
311
311
288
288
288
288
288
288
288
288
288
311
311
292
292
292
311
311
311
311
311
311
311
311
311
289
289
264
264
264
264
264
264
264
264
264
264
329
329
238
238
238
238
238
238
238
238
238
238
238
238
238
238
244
244
244
244
244
244
244
244
244
244
244
244
244
244
244
244
244
244
244
244
244
244
264
264
264
264
264
264
264
264
264
264
264
264
232
232
232
232
232
232
232
232
232
232
232
232
232
290
290
290
290
290
290
290
276
276
270
270
280
280
280
766
766
766
766
766
766
766
748
748
748
748
758
758
758
253
253
253
253
253
253
253
253
253
250
250
252
252
252
252
252
252
252
252
252
252
252
252
252
252
252
252
252
252
252
252
252
252
252
252
198
198
198
198
188
188
188
188
188
188
188
188
188
188
226
226
215
215
222
222
222
222
222
222
222
222
222
222
211
211
210
210
210
210
210
210
210
210
210
210
210
210
210
210
231
231
217
217
217
211
211
211
211
211
211
211
211
211
242
242
236
236
236
230
230
230
230
230
230
230
294
294
306
306
306
306
306
235
235
235
235
235
235
235
320
320
320
320
320
320
320
453
453
453
453
275
275
275
275
275
275
275
275
275
275
275
275
275
275
275
275
275
244
244
300
300
300
300
300
274
274
274
274
274
274
274
274
274
274
274
274
274
274
274
274
274
274
274
274
274
280
280
280
280
211
211
211
211
211
211
211
211
211
211
140
140
138
138
135
135
135
132
132
132
132
132
132
132
138
138
138
138
140
140
140
226
226
226
226
226
226
226
215
215
211
211
195
195
195
204
204
204
204
204
204
204
272
272
265
265
249
249
249
242
242
242
242
242
242
242
242
242
282
282
282
282
282
282
282
659
659
659
659
659
659
659
265
265
258
258
258
267
267
267
267
267
267
267
205
205
205
205
211
211
211
211
211
211
211
211
211
211
196
196
196
196
196
196
196
196
196
196
196
196
196
196
195
195
190
190
190
190
190
177
177
177
177
177
177
177
168
168
168
168
168
168
168
168
168
168
168
168
168
168
154
154
154
154
154
154
154
154
154
154
154
154
154
154
160
160
160
160
142
142
142
140
140
140
140
140
140
140
140
140
120
120
120
120
120
121
121
130
130
130
130
130
124
124
114
114
114
114
114
114
114
118
118
118
118
118
118
118
122
122
122
122
122
122
122
138
138
138
138
138
138
138
138
138
138
138
138
138
138
138
138
138
138
138
138
138
138
138
138
138
138
138
138
138
138
138
138
138
138
138
138
138
138
138
138
138
138
138
138
138
138
138
138
138
138
138
138
138
138
138
138
138
138
138
138
138
138
138
138
138
138
138
138
138
138
138
138
138
138
138
138
138
138
138
138
138
138
138
138
138
138
138
138
138
138
138
138
138
138
138
138
138
138
138
138
138
138
138
138
138
138
138
138
138
138
138
138
138
138
138
138
138
138
138
138
138
138
138
138
138
138
138
138
138
138
138
138
138
138
138
138
138
138
138
138
138
138
138
138
138
138
138
138
138
138
138
138
138
138
138
138
138
138
138
138
138
138
138
138
138
138
138
138
138
138
138
138
138
138
138
138
138
138
138
138
138
138
138
138
138
138
138
138
138
138
138
138
138
138
138
138
138
138
138
138
138
138
138
138
138
138
138
138
138
138
286
286
286
286
286
286
286
272
272
272
272
272
268
268
268
268
268
268
268
268
268
268
268
250
250
250
250
250
250
250
250
250
250
250
250
250
250
250
250
250
272
272
272
272
272
272
272
272
272
251
251
251
251
251
246
246
246
246
246
246
246
246
246
246
246
246
246
246
250
250
250
250
250
250
250
250
250
250
250
250
250
250
250
250
250
250
250
250
250
250
250
250
250
250
250
250
250
250
250
250
250
250
250
250
250
250
250
250
250
250
250
250
250
250
250
250
250
250
250
250
250
250
250
250
250
250
250
250
250
