0
0
0
0
0
0
0
0
0
0
0
0
0
0
0
0
0
0
0
0
0
0
0
0
0
0
0
0
0
0
0
0
0
0
0
0
0
0
0
0
0
0
0
0
0
0
0
0
0
0
0
0
0
0
0
0
0
0
0
0
0
0
0
0
0
0
0
0
0
0
0
0
0
0
0
0
0
0
0
0
0
0
0
0
0
0
0
0
0
0
0
0
0
0
0
0
0
0
0
0
0
0
0
0
0
0
0
0
0
0
0
0
0
0
0
0
0
0
0
0
0
0
0
0
0
0
0
0
0
0
0
0
0
0
0
0
0
0
0
0
0
0
0
0
0
0
0
0
0
0
0
0
0
0
0
0
0
0
0
0
0
0
0
0
0
0
0
0
0
0
0
0
0
0
0
0
0
0
0
0
0
0
0
0
0
0
0
0
0
0
0
0
0
0
0
0
0
0
0
0
0
0
0
0
0
0
0
0
0
0
0
0
0
0
0
0
0
0
0
0
0
0
0
0
0
0
0
0
0
0
0
0
0
0
0
0
0
0
0
0
0
0
0
0
0
0
0
0
0
0
0
0
0
0
0
0
0
0
0
0
0
0
0
0
0
0
0
0
0
0
0
0
0
0
0
0
0
0
0
0
0
0
0
0
0
0
0
0
0
0
0
0
0
0
0
0
0
0
0
0
0
0
0
0
0
0
0
0
0
0
0
0
0
0
0
0
0
0
0
0
0
0
0
0
0
0
0
0
0
0
0
0
0
0
0
0
0
0
0
0
0
0
0
0
0
0
0
0
0
0
0
0
0
0
0
0
0
0
0
0
0
0
0
0
0
0
0
0
0
0
0
0
0
0
0
0
0
0
0
0
0
0
0
0
0
0
0
0
0
0
0
0
0
0
0
0
0
0
0
0
0
0
0
0
0
0
0
0
0
0
0
0
0
0
0
0
0
0
0
0
0
0
0
0
0
0
0
0
0
0
0
0
0
0
0
0
0
0
0
0
0
0
0
0
0
0
0
0
0
0
0
0
0
0
0
0
0
0
0
0
0
0
0
0
0
0
0
0
0
0
0
0
0
0
0
0
0
0
0
0
0
0
0
0
0
0
0
0
0
0
0
0
0
0
0
0
0
0
0
0
0
0
0
0
0
0
0
0
0
0
0
0
0
0
0
0
0
0
0
0
0
0
0
0
0
0
0
0
0
0
0
0
0
0
0
0
0
0
0
0
0
0
0
0
0
0
0
0
0
0
0
0
0
0
0
0
0
0
0
0
0
0
0
0
0
0
0
0
0
0
0
0
0
0
0
0
0
0
0
0
0
0
0
0
0
0
0
0
0
0
0
0
0
0
0
0
0
0
0
0
0
0
0
0
0
0
0
0
0
0
0
0
0
0
0
0
0
0
0
0
0
0
0
0
0
0
0
0
0
0
0
0
0
0
0
0
0
0
0
0
0
0
0
0
0
0
0
0
0
0
0
0
0
0
0
0
0
0
0
0
0
0
0
0
0
0
0
0
0
0
0
0
0
0
0
0
0
0
0
0
0
0
0
0
0
0
0
0
0
0
0
0
0
0
0
0
0
0
0
0
0
0
0
0
0
0
0
0
0
0
0
0
0
0
0
0
0
0
0
0
0
0
0
0
0
0
0
0
0
0
0
0
0
0
0
0
0
0
0
0
0
0
0
0
0
0
0
0
0
0
0
0
0
0
0
0
0
0
0
0
0
0
0
0
0
0
0
0
0
0
0
0
0
0
0
0
0
0
0
0
0
0
0
0
0
0
0
0
0
0
0
0
0
0
0
0
0
0
0
0
0
0
0
0
0
0
0
0
0
0
0
0
0
0
0
0
0
0
0
0
0
0
0
0
0
0
0
0
0
0
0
0
0
0
0
0
0
0
0
0
0
0
0
0
0
0
0
0
0
0
0
0
0
0
0
0
0
0
0
0
0
0
0
0
0
0
0
0
0
0
0
0
0
0
0
0
0
0
0
0
0
0
0
0
0
0
0
0
0
0
0
0
0
0
0
0
0
0
0
0
0
0
0
0
0
0
0
0
0
0
0
0
0
0
0
0
0
0
0
0
0
0
0
0
0
0
0
0
0
0
0
0
0
0
0
0
0
0
0
0
0
0
0
0
0
0
0
0
0
0
0
0
0
0
0
0
0
0
0
0
0
0
0
0
0
0
0
0
0
0
0
0
0
0
0
0
0
0
0
0
0
0
0
0
0
0
0
0
0
0
0
0
0
0
0
0
0
0
0
0
0
0
0
0
0
0
0
0
0
0
0
0
0
0
0
0
0
0
0
0
0
0
0
0
0
0
0
0
0
0
0
0
0
0
0
0
0
0
0
0
0
0
0
0
0
0
0
0
0
0
0
0
0
0
0
0
0
0
0
0
0
0
0
0
0
0
0
0
0
0
0
0
0
0
0
0
0
0
0
0
0
0
0
0
0
0
0
0
0
0
0
0
0
0
0
0
0
0
0
0
0
0
0
0
0
0
0
0
0
0
0
0
0
0
0
0
0
0
0
0
0
0
0
0
0
0
0
0
0
0
0
0
0
0
0
0
0
0
0
0
0
0
0
0
0
0
0
0
0
0
0
0
0
0
0
0
0
0
0
0
0
0
0
0
0
0
0
0
0
0
0
0
0
0
0
0
0
0
0
0
0
0
0
0
0
0
0
0
0
0
0
0
0
0
0
0
0
0
0
0
0
0
0
0
0
0
0
0
0
0
0
0
0
0
0
0
0
0
0
0
0
0
0
0
0
0
0
0
0
0
0
0
0
0
0
0
0
0
0
0
0
0
0
0
0
0
0
0
0
0
0
0
0
0
0
0
0
0
0
0
0
0
0
0
0
0
0
0
0
0
0
0
0
0
0
0
0
0
0
0
0
0
0
0
0
0
0
0
0
0
0
0
0
0
0
0
0
0
0
0
0
0
0
0
0
0
0
0
0
0
0
0
0
0
0
0
0
0
0
0
0
0
0
0
0
0
0
0
0
0
0
0
0
0
0
0
0
0
0
0
0
0
0
0
0
0
0
0
0
0
0
0
0
0
0
0
0
0
0
0
0
0
0
0
0
0
0
0
0
0
0
0
0
0
0
0
0
0
0
0
0
0
0
0
0
0
0
0
0
0
0
0
0
0
0
0
0
0
0
0
0
0
0
0
0
0
0
0
0
0
0
0
0
0
0
0
0
0
0
0
0
0
0
0
0
0
0
0
0
0
0
0
0
0
0
0
0
0
0
0
0
0
0
0
0
0
0
0
0
0
0
0
0
0
0
0
0
0
0
0
0
0
0
0
2.270000e+00
2.270000e+00
0
0
0
0
0
0
0
0
0
0
0
0
7.134000e+01
8.000000e-02
1.550000e+00
1.788000e+01
4.190000e+01
4.190000e+01
4.190000e+01
9.163000e+01
1.060300e+02
1.190300e+02
1.446200e+02
1.654200e+02
1.654200e+02
1.654200e+02
1.934700e+02
1.946300e+02
1.992000e+02
220
2.251900e+02
2.251900e+02
2.251900e+02
2.340400e+02
2.343100e+02
2.416800e+02
2.349200e+02
2.419700e+02
2.419700e+02
2.419700e+02
2.371500e+02
2.352200e+02
2.273700e+02
2.221000e+02
2.297700e+02
2.297700e+02
2.297700e+02
2.450200e+02
2.533800e+02
2.533800e+02
2.533800e+02
2.467000e+02
2.467000e+02
2.467000e+02
2.452600e+02
2.467000e+02
2.418400e+02
2.483000e+02
2.530300e+02
2.530300e+02
2.530300e+02
2.424100e+02
2.424100e+02
2.421000e+02
2.421000e+02
2.421000e+02
2.421000e+02
2.421000e+02
2.421500e+02
2.365000e+02
2.307200e+02
2.249100e+02
2.207400e+02
2.207400e+02
2.207400e+02
2.186500e+02
2.186500e+02
2.186500e+02
2.186500e+02
2.186500e+02
2.186500e+02
2.186500e+02
2.108400e+02
2.108400e+02
2.108400e+02
2.102000e+02
2.102000e+02
2.102000e+02
2.102000e+02
2.053700e+02
2.053700e+02
2.053700e+02
2.053700e+02
2.053700e+02
2.053700e+02
2.053700e+02
1.808100e+02
1.808100e+02
1.808100e+02
2.011400e+02
1.804700e+02
1.804700e+02
1.804700e+02
1.931000e+02
1.931000e+02
1.931000e+02
1.931000e+02
1.931000e+02
1.931000e+02
1.931000e+02
2.087600e+02
2.087600e+02
2.175600e+02
2.175600e+02
2.463700e+02
2.463700e+02
2.463700e+02
3.564100e+02
3.564100e+02
3.564100e+02
3.564100e+02
3.564100e+02
3.564100e+02
3.564100e+02
4.057500e+02
4.057500e+02
4.164500e+02
4.164500e+02
4.164500e+02
4.164500e+02
4.164500e+02
3.004400e+02
3.004400e+02
2.497900e+02
2.497900e+02
2.354000e+02
2.354000e+02
2.354000e+02
2.354000e+02
2.354000e+02
2.169100e+02
2.169100e+02
2.126600e+02
2.126600e+02
2.126600e+02
1.946400e+02
1.946400e+02
2.025600e+02
2.025600e+02
1.849900e+02
1.849900e+02
1.849900e+02
1.628100e+02
1.628100e+02
1.566300e+02
1.566300e+02
1.484500e+02
1.484500e+02
1.484500e+02
1.387800e+02
1.387800e+02
1.314800e+02
1.314800e+02
1.268500e+02
1.268500e+02
1.268500e+02
1.234700e+02
1.234700e+02
1.200900e+02
1.200900e+02
1.200900e+02
1.200900e+02
1.200900e+02
1.234100e+02
1.234100e+02
1.186500e+02
1.186500e+02
1.186500e+02
1.186500e+02
1.186500e+02
1.186500e+02
1.186500e+02
1.089600e+02
1.089600e+02
5.516000e+01
5.516000e+01
5.516000e+01
1.107000e+02
1.107000e+02
1.167300e+02
1.167300e+02
1.179800e+02
1.179800e+02
1.179800e+02
1.179800e+02
1.179800e+02
1.179800e+02
1.179800e+02
1.179800e+02
1.179800e+02
1.179800e+02
1.179800e+02
1.179800e+02
9.942000e+01
9.942000e+01
9.942000e+01
9.942000e+01
9.942000e+01
9.562000e+01
9.562000e+01
9.459000e+01
9.459000e+01
1.138900e+02
1.138900e+02
1.138900e+02
1.097100e+02
1.097100e+02
1.052500e+02
1.052500e+02
1.018900e+02
1.018900e+02
1.018900e+02
9.895000e+01
9.895000e+01
9.540000e+01
9.540000e+01
9.389000e+01
9.389000e+01
9.389000e+01
9.036000e+01
9.036000e+01
8.795000e+01
8.795000e+01
8.795000e+01
8.795000e+01
8.795000e+01
8.795000e+01
8.795000e+01
8.271000e+01
8.271000e+01
8.271000e+01
8.271000e+01
8.271000e+01
8.265000e+01
8.265000e+01
8.299000e+01
8.299000e+01
8.078000e+01
8.078000e+01
8.078000e+01
8.066000e+01
8.066000e+01
8.066000e+01
8.066000e+01
8.743000e+01
8.743000e+01
8.743000e+01
8.488000e+01
8.488000e+01
7.434000e+01
7.434000e+01
8.128000e+01
8.128000e+01
8.128000e+01
7.688000e+01
7.688000e+01
7.688000e+01
7.688000e+01
7.688000e+01
7.688000e+01
7.688000e+01
7.688000e+01
7.688000e+01
7.688000e+01
7.688000e+01
2.560000e+01
2.560000e+01
2.560000e+01
2.716000e+01
2.716000e+01
2.788000e+01
2.788000e+01
4.066000e+01
4.066000e+01
4.066000e+01
1.927000e+01
1.927000e+01
1.927000e+01
1.927000e+01
1.927000e+01
2.080000e+01
2.080000e+01
2.080000e+01
2.080000e+01
2.267000e+01
2.267000e+01
2.332000e+01
2.332000e+01
2.332000e+01
6.286000e+01
6.286000e+01
1.789300e+02
1.789300e+02
2.645700e+02
2.645700e+02
2.645700e+02
2.525200e+02
2.525200e+02
2.661600e+02
2.661600e+02
2.698600e+02
2.698600e+02
2.698600e+02
2.605900e+02
2.605900e+02
2.605900e+02
2.605900e+02
3.774000e+01
3.774000e+01
3.774000e+01
2.512000e+01
2.512000e+01
2.205000e+01
2.205000e+01
2.205000e+01
2.205000e+01
2.205000e+01
2.137000e+01
2.137000e+01
2.162000e+01
2.162000e+01
2.162000e+01
2.162000e+01
2.162000e+01
2.006000e+01
2.006000e+01
2.087000e+01
2.087000e+01
1.972000e+01
1.972000e+01
1.972000e+01
0
0
0
0
0
0
0
0
0
0
0
0
0
0
0
0
2.096000e+01
2.096000e+01
2.096000e+01
2.096000e+01
2.096000e+01
2.096000e+01
2.096000e+01
2.096000e+01
2.096000e+01
2.096000e+01
2.096000e+01
2.096000e+01
0
0
0
0
0
0
0
0
0
0
0
0
0
0
0
0
0
0
0
0
0
0
0
0
0
0
0
0
0
0
0
0
0
0
0
0
0
0
0
0
0
0
0
0
0
0
0
0
0
0
0
0
0
0
0
0
0
0
0
0
0
0
0
0
0
0
0
0
0
0
0
0
0
0
0
0
0
0
0
0
0
0
0
0
0
0
0
0
0
0
0
0
0
0
0
0
0
0
0
0
0
0
0
0
0
0
0
0
0
0
0
0
0
0
0
0
0
0
0
3.733000e+01
3.733000e+01
3.733000e+01
3.733000e+01
3.733000e+01
3.733000e+01
3.733000e+01
2.946000e+01
2.946000e+01
3.124000e+01
3.124000e+01
3.370000e+01
3.370000e+01
3.370000e+01
3.577000e+01
3.577000e+01
3.553000e+01
3.553000e+01
3.324000e+01
3.324000e+01
3.324000e+01
3.267000e+01
3.267000e+01
3.156000e+01
3.156000e+01
2.811000e+01
2.811000e+01
2.811000e+01
2.786000e+01
2.786000e+01
2.786000e+01
2.786000e+01
2.786000e+01
2.786000e+01
2.786000e+01
3.708000e+01
3.708000e+01
4.318000e+01
4.318000e+01
5.207000e+01
5.207000e+01
5.207000e+01
5.207000e+01
5.207000e+01
5.207000e+01
5.207000e+01
3.532000e+01
3.532000e+01
3.532000e+01
3.403000e+01
3.403000e+01
3.643000e+01
3.643000e+01
3.643000e+01
3.643000e+01
3.643000e+01
3.643000e+01
3.643000e+01
3.643000e+01
3.643000e+01
3.643000e+01
3.643000e+01
3.643000e+01
3.643000e+01
3.643000e+01
3.969000e+01
3.969000e+01
3.969000e+01
3.969000e+01
3.969000e+01
3.969000e+01
3.969000e+01
3.969000e+01
3.969000e+01
3.969000e+01
3.969000e+01
3.969000e+01
3.969000e+01
3.969000e+01
3.969000e+01
3.969000e+01
3.969000e+01
3.969000e+01
3.969000e+01
3.969000e+01
3.969000e+01
4.692000e+01
4.692000e+01
4.692000e+01
4.692000e+01
4.692000e+01
4.692000e+01
4.692000e+01
4.692000e+01
4.692000e+01
4.692000e+01
4.692000e+01
4.692000e+01
4.692000e+01
4.977000e+01
4.977000e+01
4.977000e+01
4.977000e+01
4.977000e+01
4.977000e+01
3.329000e+01
3.329000e+01
3.508000e+01
3.508000e+01
3.508000e+01
3.508000e+01
3.508000e+01
2.941000e+01
2.941000e+01
2.941000e+01
2.941000e+01
2.941000e+01
2.941000e+01
2.941000e+01
3.716000e+01
3.716000e+01
4.080000e+01
4.080000e+01
3.794000e+01
3.794000e+01
3.794000e+01
3.582000e+01
3.582000e+01
3.582000e+01
3.582000e+01
3.582000e+01
3.582000e+01
3.582000e+01
3.660000e+01
3.660000e+01
3.839000e+01
3.839000e+01
3.367000e+01
3.367000e+01
3.367000e+01
3.216000e+01
3.216000e+01
3.216000e+01
3.216000e+01
3.216000e+01
3.216000e+01
3.216000e+01
4.460000e+01
4.460000e+01
3.962000e+01
3.962000e+01
3.690000e+01
3.690000e+01
3.690000e+01
3.818000e+01
3.818000e+01
3.818000e+01
3.818000e+01
3.818000e+01
3.818000e+01
3.818000e+01
3.818000e+01
3.818000e+01
3.818000e+01
3.818000e+01
3.818000e+01
3.818000e+01
3.818000e+01
3.665000e+01
3.665000e+01
3.888000e+01
3.888000e+01
3.943000e+01
3.943000e+01
3.943000e+01
3.734000e+01
3.734000e+01
3.684000e+01
3.684000e+01
3.712000e+01
3.712000e+01
3.712000e+01
3.734000e+01
3.734000e+01
3.734000e+01
3.734000e+01
3.734000e+01
3.734000e+01
3.734000e+01
4.581000e+01
4.581000e+01
4.735000e+01
4.735000e+01
4.414000e+01
4.414000e+01
4.414000e+01
3.017000e+01
3.017000e+01
3.017000e+01
3.017000e+01
4.628000e+01
4.628000e+01
4.628000e+01
3.970000e+01
3.970000e+01
3.919000e+01
3.919000e+01
3.653000e+01
3.653000e+01
3.653000e+01
3.653000e+01
3.653000e+01
3.653000e+01
3.653000e+01
3.406000e+01
3.406000e+01
3.406000e+01
3.406000e+01
3.406000e+01
3.423000e+01
3.423000e+01
3.724000e+01
3.724000e+01
3.724000e+01
3.984000e+01
3.984000e+01
4.489000e+01
4.489000e+01
4.489000e+01
4.489000e+01
4.489000e+01
4.016000e+01
4.016000e+01
4.293000e+01
4.293000e+01
4.590000e+01
4.590000e+01
4.590000e+01
3.793000e+01
3.793000e+01
3.793000e+01
3.793000e+01
3.605000e+01
3.605000e+01
3.605000e+01
4.052000e+01
4.052000e+01
4.609000e+01
4.609000e+01
4.627000e+01
4.627000e+01
4.627000e+01
3.719000e+01
3.719000e+01
3.719000e+01
3.719000e+01
3.719000e+01
3.719000e+01
3.719000e+01
3.866000e+01
3.866000e+01
4.028000e+01
4.028000e+01
4.148000e+01
4.148000e+01
4.148000e+01
3.981000e+01
3.981000e+01
3.642000e+01
3.642000e+01
3.529000e+01
3.529000e+01
3.529000e+01
3.514000e+01
3.514000e+01
3.514000e+01
3.514000e+01
3.991000e+01
3.991000e+01
3.991000e+01
5.157000e+01
5.157000e+01
4.223000e+01
4.223000e+01
4.223000e+01
4.223000e+01
4.223000e+01
3.772000e+01
3.772000e+01
3.737000e+01
3.737000e+01
3.679000e+01
3.679000e+01
3.679000e+01
3.736000e+01
3.736000e+01
3.685000e+01
3.685000e+01
3.707000e+01
3.707000e+01
3.707000e+01
3.007000e+01
3.007000e+01
3.007000e+01
3.649000e+01
3.681000e+01
3.681000e+01
3.681000e+01
3.698000e+01
3.698000e+01
3.698000e+01
3.698000e+01
3.698000e+01
3.698000e+01
3.698000e+01
3.757000e+01
3.757000e+01
3.913000e+01
3.913000e+01
4.069000e+01
4.069000e+01
4.069000e+01
4.439000e+01
4.439000e+01
4.875000e+01
4.875000e+01
4.714000e+01
4.714000e+01
4.714000e+01
4.203000e+01
4.203000e+01
4.421000e+01
4.421000e+01
4.287000e+01
4.287000e+01
4.287000e+01
3.876000e+01
3.876000e+01
3.905000e+01
3.905000e+01
3.817000e+01
3.817000e+01
3.817000e+01
3.788000e+01
3.788000e+01
3.746000e+01
3.746000e+01
3.741000e+01
3.741000e+01
3.741000e+01
3.759000e+01
3.759000e+01
3.741000e+01
3.741000e+01
3.787000e+01
3.787000e+01
3.787000e+01
3.681000e+01
3.681000e+01
3.713000e+01
3.713000e+01
4.168000e+01
4.168000e+01
4.168000e+01
4.027000e+01
4.027000e+01
3.878000e+01
3.878000e+01
3.878000e+01
3.878000e+01
3.878000e+01
3.990000e+01
3.990000e+01
3.909000e+01
3.909000e+01
4.134000e+01
4.134000e+01
4.134000e+01
3.597000e+01
3.597000e+01
3.989000e+01
3.989000e+01
4.496000e+01
4.496000e+01
4.496000e+01
4.295000e+01
4.295000e+01
3.968000e+01
3.968000e+01
3.968000e+01
3.968000e+01
3.968000e+01
3.596000e+01
3.596000e+01
3.596000e+01
3.596000e+01
3.596000e+01
3.596000e+01
3.596000e+01
3.798000e+01
3.798000e+01
3.836000e+01
3.836000e+01
3.759000e+01
3.759000e+01
3.759000e+01
3.789000e+01
3.789000e+01
3.789000e+01
3.789000e+01
3.789000e+01
3.789000e+01
3.789000e+01
3.810000e+01
3.810000e+01
3.809000e+01
3.809000e+01
3.766000e+01
3.766000e+01
3.766000e+01
3.799000e+01
3.799000e+01
3.799000e+01
3.799000e+01
3.286000e+01
3.286000e+01
3.286000e+01
3.787000e+01
3.787000e+01
3.779000e+01
3.779000e+01
3.779000e+01
3.779000e+01
3.779000e+01
3.795000e+01
3.795000e+01
3.807000e+01
3.807000e+01
3.807000e+01
3.807000e+01
3.807000e+01
3.743000e+01
3.743000e+01
3.774000e+01
3.774000e+01
3.737000e+01
3.737000e+01
3.737000e+01
3.726000e+01
3.726000e+01
3.748100e+01
3.748100e+01
3.744000e+01
3.744000e+01
3.744000e+01
3.826000e+01
3.826000e+01
3.826000e+01
3.826000e+01
3.748000e+01
3.748000e+01
3.748000e+01
3.740000e+01
3.740000e+01
3.740000e+01
3.740000e+01
3.740000e+01
3.740000e+01
3.740000e+01
3.763000e+01
3.763000e+01
3.799000e+01
3.799000e+01
3.799000e+01
3.799000e+01
3.799000e+01
3.799000e+01
3.799000e+01
3.770000e+01
3.770000e+01
3.747000e+01
3.747000e+01
3.747000e+01
3.744000e+01
3.744000e+01
3.705000e+01
3.705000e+01
3.723000e+01
3.723000e+01
3.723000e+01
3.699000e+01
3.699000e+01
3.699000e+01
3.699000e+01
3.699000e+01
3.699000e+01
3.699000e+01
3.699000e+01
3.699000e+01
3.699000e+01
3.699000e+01
3.699000e+01
3.699000e+01
3.699000e+01
3.699000e+01
3.699000e+01
3.699000e+01
3.699000e+01
3.699000e+01
3.699000e+01
3.699000e+01
3.699000e+01
3.699000e+01
3.699000e+01
3.699000e+01
3.699000e+01
3.699000e+01
3.699000e+01
3.699000e+01
3.699000e+01
3.699000e+01
3.699000e+01
3.699000e+01
3.699000e+01
3.699000e+01
3.699000e+01
3.699000e+01
3.699000e+01
3.699000e+01
3.699000e+01
3.699000e+01
3.699000e+01
3.699000e+01
3.699000e+01
3.699000e+01
3.699000e+01
3.699000e+01
3.699000e+01
3.699000e+01
3.699000e+01
3.699000e+01
3.699000e+01
3.699000e+01
3.699000e+01
3.699000e+01
3.699000e+01
3.699000e+01
3.699000e+01
3.699000e+01
3.699000e+01
3.699000e+01
3.699000e+01
3.699000e+01
3.699000e+01
3.699000e+01
3.699000e+01
3.699000e+01
3.699000e+01
3.699000e+01
3.699000e+01
3.699000e+01
3.699000e+01
3.699000e+01
3.699000e+01
3.699000e+01
3.699000e+01
3.699000e+01
3.699000e+01
3.699000e+01
3.699000e+01
3.699000e+01
3.699000e+01
3.699000e+01
3.699000e+01
3.699000e+01
3.699000e+01
3.699000e+01
3.699000e+01
3.699000e+01
3.699000e+01
3.699000e+01
3.699000e+01
3.699000e+01
3.699000e+01
3.699000e+01
3.699000e+01
3.699000e+01
3.699000e+01
3.699000e+01
3.699000e+01
3.699000e+01
3.699000e+01
3.699000e+01
3.699000e+01
3.699000e+01
3.699000e+01
3.699000e+01
3.699000e+01
3.699000e+01
3.699000e+01
3.699000e+01
3.699000e+01
3.699000e+01
3.699000e+01
3.699000e+01
3.699000e+01
3.699000e+01
3.699000e+01
3.699000e+01
3.699000e+01
3.699000e+01
3.699000e+01
3.699000e+01
3.699000e+01
3.699000e+01
3.699000e+01
3.699000e+01
3.699000e+01
3.699000e+01
3.699000e+01
3.699000e+01
3.699000e+01
3.699000e+01
3.699000e+01
3.699000e+01
3.699000e+01
3.699000e+01
3.699000e+01
3.699000e+01
3.699000e+01
3.699000e+01
3.699000e+01
3.699000e+01
3.699000e+01
3.699000e+01
3.699000e+01
3.699000e+01
4.022000e+01
4.022000e+01
4.015000e+01
4.015000e+01
4.015000e+01
4.015000e+01
4.015000e+01
4.013000e+01
4.013000e+01
4.076000e+01
4.076000e+01
4.045000e+01
4.045000e+01
4.045000e+01
4.058000e+01
4.058000e+01
4.007000e+01
4.007000e+01
4.007000e+01
4.007000e+01
4.007000e+01
4.059000e+01
4.059000e+01
4.056000e+01
4.056000e+01
4.002000e+01
4.002000e+01
4.002000e+01
4.002000e+01
4.002000e+01
4.002000e+01
4.002000e+01
4.002000e+01
4.002000e+01
4.002000e+01
4.035000e+01
4.035000e+01
4.022000e+01
4.022000e+01
4.039000e+01
4.039000e+01
4.039000e+01
4.039000e+01
4.039000e+01
4.055000e+01
4.055000e+01
4.055000e+01
4.055000e+01
4.055000e+01
4.064000e+01
4.064000e+01
4.074000e+01
4.074000e+01
4.105000e+01
4.105000e+01
4.105000e+01
4.105000e+01
4.105000e+01
4.105000e+01
4.105000e+01
4.105000e+01
4.105000e+01
4.105000e+01
4.105000e+01
4.105000e+01
4.105000e+01
4.105000e+01
4.026000e+01
4.026000e+01
4.026000e+01
4.027000e+01
4.027000e+01
4.027000e+01
4.027000e+01
4.027000e+01
4.027000e+01
4.027000e+01
4.027000e+01
4.027000e+01
4.027000e+01
4.027000e+01
4.027000e+01
4.027000e+01
4.027000e+01
4.027000e+01
4.027000e+01
4.027000e+01
4.027000e+01
4.027000e+01
4.027000e+01
4.027000e+01
4.027000e+01
4.027000e+01
4.027000e+01
4.027000e+01
4.027000e+01
4.027000e+01
4.027000e+01
4.027000e+01
4.027000e+01
4.027000e+01
4.027000e+01
4.027000e+01
4.027000e+01
4.027000e+01
4.029000e+01
4.029000e+01
4.025000e+01
4.025000e+01
4.041000e+01
4.041000e+01
4.041000e+01
4.034000e+01
4.034000e+01
4.080000e+01
4.080000e+01
4.182000e+01
4.182000e+01
4.182000e+01
4.174000e+01
4.174000e+01
4.174000e+01
4.174000e+01
4.272000e+01
4.272000e+01
4.272000e+01
4.172000e+01
4.172000e+01
4.170000e+01
4.170000e+01
4.248000e+01
4.248000e+01
4.248000e+01
4.236000e+01
4.236000e+01
4.244000e+01
4.244000e+01
4.238000e+01
4.238000e+01
4.238000e+01
4.253000e+01
4.253000e+01
4.253000e+01
4.253000e+01
4.272000e+01
4.272000e+01
4.272000e+01
4.265000e+01
4.265000e+01
4.272000e+01
4.272000e+01
4.244000e+01
4.244000e+01
4.244000e+01
4.251000e+01
4.251000e+01
4.228000e+01
4.228000e+01
4.210000e+01
4.210000e+01
4.210000e+01
4.288000e+01
4.288000e+01
4.212000e+01
4.212000e+01
4.212000e+01
4.212000e+01
4.212000e+01
4.306000e+01
4.306000e+01
4.254000e+01
4.254000e+01
4.240000e+01
4.240000e+01
4.240000e+01
4.217000e+01
4.217000e+01
4.256000e+01
4.256000e+01
4.252000e+01
4.252000e+01
4.252000e+01
4.289000e+01
4.289000e+01
4.340000e+01
4.340000e+01
4.314000e+01
4.314000e+01
4.314000e+01
4.309000e+01
4.309000e+01
4.309000e+01
4.309000e+01
4.298000e+01
4.298000e+01
4.298000e+01
4.278000e+01
4.278000e+01
4.177000e+01
4.177000e+01
4.130000e+01
4.130000e+01
4.130000e+01
4.130000e+01
4.130000e+01
4.130000e+01
4.130000e+01
4.130000e+01
4.130000e+01
4.130000e+01
4.038000e+01
4.038000e+01
4.079000e+01
4.079000e+01
4.079000e+01
4.079000e+01
4.079000e+01
4.051000e+01
4.051000e+01
4.078000e+01
4.078000e+01
4.047000e+01
4.047000e+01
4.047000e+01
4.084000e+01
4.084000e+01
4.017000e+01
4.017000e+01
4.025000e+01
4.025000e+01
4.025000e+01
4.049000e+01
4.049000e+01
4.040000e+01
4.040000e+01
4.040000e+01
