0
0
0
0
0
0
0
0
0
0
0
0
0
0
0
0
0
0
0
0
0
0
0
0
0
0
0
0
0
0
0
0
0
0
0
0
0
0
0
0
0
0
0
0
0
0
0
0
0
0
0
0
0
0
0
0
0
0
0
0
0
0
0
0
0
0
0
0
0
0
0
0
0
0
0
0
0
0
0
0
0
0
0
0
0
0
0
0
0
0
0
0
0
0
0
0
0
0
0
0
0
0
0
0
0
0
0
0
0
0
0
0
0
0
0
0
0
0
0
0
0
0
0
0
0
0
0
0
0
0
0
0
0
0
0
0
0
0
0
0
0
0
0
0
0
0
0
0
0
0
0
0
0
0
0
0
0
0
0
0
0
0
0
0
0
0
0
0
0
0
0
0
0
0
0
0
0
0
0
0
0
0
0
0
0
0
0
0
0
0
0
0
0
0
0
0
0
0
0
0
0
0
0
0
0
0
0
0
0
0
0
0
0
0
0
0
0
0
0
0
0
0
0
0
7.420800e+02
7.419900e+02
7.410900e+02
7.406600e+02
7.365300e+02
7.428000e+02
7.436300e+02
7.428000e+02
7.424000e+02
7.516100e+02
7.450200e+02
7.436400e+02
7.429700e+02
7.449700e+02
7.488800e+02
7.468800e+02
7.477200e+02
7.416500e+02
6.788300e+02
6.992600e+02
7.626100e+02
7.511700e+02
7.570400e+02
759
7.567000e+02
7.535600e+02
7.544800e+02
7.505600e+02
7.479700e+02
7.422400e+02
7.422400e+02
7.446500e+02
7.460900e+02
7.434300e+02
7.307800e+02
7.379200e+02
7.391900e+02
7.399300e+02
7.393600e+02
740
7.381700e+02
7.370700e+02
7.351100e+02
7.342400e+02
7.324200e+02
7.291000e+02
7.291000e+02
7.291000e+02
7.322000e+02
7.317200e+02
7.314700e+02
7.286500e+02
7.284900e+02
7.304500e+02
7.018500e+02
7.155800e+02
7.498900e+02
7.428200e+02
7.370300e+02
7.388900e+02
7.388900e+02
7.254700e+02
7.237700e+02
7.246000e+02
7.246900e+02
7.246900e+02
5.618900e+02
7.746400e+02
7.679900e+02
7.509100e+02
0
0
0
0
0
0
0
0
0
0
0
0
0
0
0
0
0
0
0
0
0
0
0
0
0
0
0
0
0
0
0
0
0
0
0
0
0
0
0
0
0
0
0
0
0
0
0
0
0
0
0
0
0
0
0
0
0
0
0
0
0
0
0
0
0
0
0
0
0
0
0
0
0
0
0
0
0
0
0
0
0
0
0
0
0
0
0
0
0
0
0
0
0
0
0
0
0
0
0
0
0
0
0
0
0
0
0
0
0
0
0
0
0
0
0
0
0
0
0
0
0
0
0
0
0
0
0
0
0
0
0
0
0
0
0
0
0
0
0
0
0
0
0
0
0
0
0
0
0
0
0
0
0
0
0
0
0
0
0
0
0
0
0
0
0
0
0
0
0
0
0
0
0
0
0
0
0
0
0
0
0
0
0
0
0
0
0
0
0
0
0
0
0
0
0
0
0
0
0
0
0
0
0
0
0
0
0
0
0
0
0
0
0
0
0
0
0
0
0
0
0
0
0
0
0
0
0
0
0
0
0
0
0
5.292000e+01
6.147000e+01
4.758000e+01
9.221000e+01
7.565000e+01
4.296000e+01
8.163000e+01
4.993000e+01
8.497000e+01
6.156000e+01
7.393000e+01
5.917000e+01
4.823000e+01
7.850000e+01
1.207000e+02
504
445
378
3.292100e+02
322
307
3.096000e+02
2.950100e+02
2.798000e+02
2.739000e+02
2.627900e+02
2.579900e+02
2.523000e+02
2.521600e+02
2.494900e+02
2.469500e+02
2.597200e+02
2.677800e+02
2.728800e+02
2.803400e+02
2.756000e+02
2.894800e+02
2.921800e+02
2.935000e+02
2.968300e+02
2.936200e+02
2.950800e+02
2.986900e+02
3.065500e+02
3.038100e+02
2.940700e+02
2.951800e+02
2.894700e+02
2.960100e+02
2.990400e+02
2.901200e+02
2.906000e+02
2.982000e+02
3.024200e+02
3.045000e+02
3.221100e+02
3.217800e+02
3.195800e+02
3.236600e+02
1.919700e+02
9.461000e+01
9.823000e+01
9.260000e+01
0
0
4.000000e-02
0
3.893400e+02
5.137200e+02
4.482400e+02
3.744900e+02
3.768400e+02
3.841300e+02
3.837700e+02
3.872000e+02
3.988500e+02
4.082400e+02
4.099200e+02
4.155400e+02
4.166000e+02
4.220900e+02
4.235400e+02
4.366500e+02
4.420900e+02
4.425900e+02
4.409000e+02
4.407000e+02
4.430200e+02
4.447600e+02
4.465600e+02
4.535300e+02
4.588700e+02
4.599400e+02
4.581900e+02
4.663500e+02
4.639300e+02
4.639700e+02
4.626300e+02
4.661100e+02
4.703600e+02
4.731000e+02
4.892600e+02
5.025000e+02
5.113900e+02
5.079700e+02
5.076500e+02
5.107400e+02
5.122200e+02
5.123300e+02
5.138700e+02
5.161000e+02
5.243800e+02
5.261600e+02
5.216900e+02
5.223000e+02
5.254700e+02
5.318200e+02
5.359800e+02
5.427700e+02
5.487500e+02
5.538500e+02
5.583300e+02
5.573100e+02
5.613600e+02
5.633200e+02
5.696400e+02
5.764200e+02
5.834900e+02
5.844900e+02
5.800900e+02
5.782100e+02
5.756800e+02
5.765300e+02
5.703900e+02
5.674500e+02
5.674500e+02
5.597200e+02
5.537000e+02
5.545500e+02
5.552600e+02
5.527900e+02
5.486600e+02
5.499700e+02
5.497800e+02
5.474200e+02
5.461900e+02
5.508900e+02
5.556000e+02
5.600700e+02
5.593200e+02
5.588300e+02
5.591000e+02
5.621100e+02
5.599600e+02
5.595500e+02
5.617500e+02
5.639100e+02
5.661800e+02
5.780300e+02
5.801100e+02
5.819200e+02
5.841400e+02
5.866300e+02
5.935900e+02
5.978400e+02
4.791600e+02
5.959900e+02
595
6.009000e+02
6.004200e+02
6.077600e+02
6.157800e+02
6.250500e+02
6.232100e+02
6.259200e+02
6.249000e+02
6.255100e+02
6.231400e+02
6.241900e+02
6.288100e+02
6.271200e+02
6.260400e+02
6.289000e+02
624
622
6.212200e+02
6.271000e+02
6.263000e+02
6.293000e+02
6.332000e+02
635
6.459000e+02
464
6.495100e+02
6.495300e+02
650
6.523600e+02
6.554700e+02
6.589600e+02
6.606000e+02
6.624000e+02
6.624200e+02
6.617000e+02
661
6.568700e+02
6.628400e+02
6.639300e+02
6.725300e+02
6.720800e+02
6.712700e+02
6.682100e+02
6.638500e+02
6.640800e+02
6.627000e+02
6.608200e+02
6.590500e+02
6.615000e+02
6.692800e+02
6.633800e+02
6.571100e+02
6.581900e+02
661
6.625300e+02
6.660500e+02
6.683900e+02
6.685300e+02
6.730300e+02
6.720800e+02
6.713000e+02
6.701000e+02
6.718800e+02
6.775400e+02
7.077100e+02
6.920300e+02
6.815300e+02
6.824700e+02
6.780800e+02
6.807200e+02
6.790200e+02
6.822800e+02
6.803600e+02
6.796600e+02
6.798900e+02
6.807700e+02
6.772800e+02
6.789700e+02
6.832200e+02
6.851400e+02
6.890300e+02
6.928800e+02
6.896000e+02
6.884600e+02
6.878900e+02
6.899400e+02
6.849500e+02
6.783200e+02
6.867100e+02
6.917100e+02
6.963200e+02
7.024600e+02
7.011700e+02
6.972400e+02
6.943800e+02
6.995200e+02
7.005100e+02
6.989800e+02
6.957800e+02
6.952500e+02
6.953500e+02
6.900100e+02
6.903000e+02
6.928800e+02
6.902200e+02
6.897500e+02
6.837400e+02
6.817400e+02
6.786800e+02
6.694200e+02
6.658600e+02
6.648100e+02
6.656700e+02
6.672500e+02
6.704700e+02
6.697100e+02
6.701200e+02
6.649300e+02
6.678900e+02
6.730200e+02
6.657800e+02
6.647100e+02
6.646800e+02
6.695000e+02
6.641400e+02
6.619400e+02
0
0
6.600600e+02
6.598400e+02
6.620400e+02
6.658800e+02
6.661700e+02
6.704200e+02
6.672000e+02
6.685700e+02
6.649300e+02
6.637700e+02
6.643600e+02
6.647600e+02
6.674600e+02
5.581300e+02
5.015400e+02
7.611700e+02
7.427400e+02
7.334200e+02
7.270700e+02
7.167800e+02
7.089100e+02
7.024900e+02
7.165500e+02
7.045000e+02
6.998200e+02
7.162300e+02
7.136800e+02
7.140100e+02
7.146200e+02
7.154800e+02
7.152900e+02
7.205300e+02
7.206700e+02
7.237700e+02
7.238600e+02
7.235600e+02
7.238300e+02
7.254500e+02
7.236700e+02
7.232500e+02
7.241800e+02
7.268600e+02
7.254500e+02
7.304100e+02
7.288900e+02
7.319900e+02
7.324400e+02
7.337200e+02
7.349900e+02
7.348100e+02
7.364000e+02
7.334400e+02
7.326800e+02
7.326800e+02
7.373200e+02
734
7.356500e+02
7.368300e+02
7.381600e+02
7.376300e+02
7.358400e+02
7.376700e+02
7.396100e+02
7.349700e+02
7.308100e+02
7.309500e+02
7.336300e+02
7.319000e+02
7.337600e+02
7.337600e+02
7.337600e+02
7.354500e+02
7.323100e+02
7.343700e+02
7.365200e+02
7.348900e+02
7.346400e+02
7.337000e+02
7.367900e+02
7.344100e+02
7.316600e+02
7.317700e+02
7.359100e+02
7.407500e+02
7.382700e+02
7.406400e+02
7.421600e+02
7.421300e+02
7.416300e+02
7.453200e+02
7.443500e+02
6.402900e+02
7.157100e+02
7.434700e+02
7.376500e+02
7.394100e+02
7.402800e+02
7.442600e+02
7.449600e+02
7.462300e+02
7.459500e+02
744
7.406600e+02
7.331500e+02
7.143100e+02
7.017600e+02
7.548300e+02
7.298700e+02
5.948200e+02
6.755300e+02
6.755300e+02
6.755300e+02
7.257200e+02
7.242100e+02
7.246400e+02
6.941300e+02
7.026100e+02
7.026100e+02
7.172900e+02
7.179700e+02
7.211600e+02
7.228800e+02
695
6.940700e+02
7.312800e+02
7.295800e+02
7.270400e+02
7.238000e+02
7.222100e+02
7.234400e+02
7.047300e+02
6.837000e+02
7.204200e+02
7.185500e+02
7.183300e+02
7.158700e+02
7.136000e+02
7.086800e+02
7.081300e+02
7.041000e+02
7.036800e+02
7.020800e+02
7.000100e+02
6.969400e+02
6.931200e+02
6.922000e+02
6.901000e+02
6.862600e+02
6.830900e+02
6.800800e+02
6.810700e+02
6.766700e+02
6.766700e+02
6.766700e+02
655
6.612900e+02
6.652400e+02
6.621600e+02
6.592100e+02
6.322400e+02
5.313000e+02
4.954100e+02
4.627000e+02
4.417800e+02
4.491400e+02
4.510400e+02
4.416500e+02
4.510500e+02
4.493000e+02
4.483400e+02
4.516200e+02
4.522700e+02
4.522000e+02
4.535300e+02
6.334200e+02
7.229900e+02
7.102500e+02
7.009800e+02
6.942300e+02
6.889000e+02
6.853900e+02
6.809800e+02
6.746100e+02
6.721800e+02
5.545500e+02
6.555500e+02
6.574000e+02
6.547600e+02
6.491000e+02
6.504400e+02
6.345800e+02
5.416100e+02
4.833100e+02
4.416000e+02
4.178700e+02
4.008000e+02
4.037400e+02
6.037600e+02
7.088800e+02
6.857700e+02
6.726400e+02
6.635500e+02
6.588500e+02
6.529400e+02
6.443900e+02
6.343800e+02
6.306800e+02
6.266200e+02
6.217500e+02
6.183100e+02
6.164500e+02
6.146000e+02
6.117000e+02
6.092200e+02
6.074600e+02
5.916800e+02
5.910100e+02
5.896400e+02
5.895400e+02
6.011000e+02
6.039000e+02
6.023600e+02
6.009100e+02
6.009100e+02
6.009100e+02
423
461
461
420
416
563
615
613
613
611
611
578
566
526
459
5.122000e+02
5.006909e+02
459
459
489
600
600
600
600
522
519
638
620
576
576
576
391
391
391
391
391
391
391
391
454
566
479
479
479
479
479
479
479
479
479
479
479
479
479
479
479
607
607
607
607
607
607
607
607
607
607
607
607
607
607
607
607
607
607
607
607
607
607
463
734
734
734
734
734
734
734
734
734
734
734
734
734
734
734
0
456
495
495
495
495
495
495
495
495
495
495
495
495
495
495
495
495
495
495
495
394
526
484
484
484
484
484
484
484
484
484
484
484
484
484
484
484
484
484
484
484
423
832
832
832
346
346
346
346
602
422
422
352
352
352
352
352
352
352
470
470
470
470
546
400
308
308
308
308
308
308
308
308
308
308
308
308
308
308
308
308
308
308
155
449
449
449
449
449
449
435
796
469
402
343
343
343
343
641
409
352
3.300000e+00
3.300000e+00
3.300000e+00
238
438
408
408
322
322
322
322
453
434
434
373
373
373
473
473
473
473
473
473
473
473
473
473
473
473
473
473
473
473
6
6
6
6
6
421
421
421
416
510
510
510
510
510
905
905
416
416
416
19
471
470
470
470
470
470
470
470
470
470
470
470
470
402
445
445
445
445
445
445
445
445
445
445
445
445
445
445
445
445
445
445
445
445
445
445
445
445
445
445
445
445
445
445
445
445
445
445
445
445
445
445
445
445
445
445
445
445
445
445
445
445
0
0
0
0
0
0
0
0
0
0
0
0
0
0
0
0
0
0
0
0
0
0
448
424
396
396
396
396
279
245
236
225
218
218
218
191
346
325
323
315
315
315
145
183
147
147
166
166
166
71
66
95
135
146
146
146
117
118
108
108
101
101
101
85
91
80
78
74
74
74
60
65
54
58
58
58
58
97
361
365
307
307
307
307
307
307
307
307
307
307
307
47
354
430
375
327
327
327
72
72
72
32
201
201
201
53
364
436
368
308
308
308
61
404
424
374
321
321
321
321
321
321
43
354
354
354
253
253
106
137
45
45
45
45
46
31
416
445
445
445
132
132
41
50
41
41
41
48
49
48
367
507
507
507
384
248
106
83
73
73
73
67
381
449
354
354
354
354
87
79
79
79
66
66
66
64
470
495
427
348
348
348
99
86
86
86
86
86
86
86
86
86
86
483
483
483
483
483
117
117
549
549
549
417
417
276
276
184
184
184
143
143
143
143
115
115
115
115
115
120
120
117
117
117
105
105
105
105
144
144
144
216
216
140
140
140
140
140
0
0
0
0
0
0
0
0
0
0
0
0
0
0
0
0
0
0
0
0
0
206
206
0
0
0
0
0
0
0
0
0
265
265
265
0
0
390
390
0
0
0
45
45
57
57
57
57
57
57
57
57
57
57
57
57
57
57
57
57
57
57
57
57
57
57
57
57
57
57
57
57
57
57
57
57
57
109
109
109
109
109
109
109
109
109
109
109
109
109
109
109
109
109
109
109
109
109
116
116
339
339
339
339
339
339
339
339
339
339
339
339
200
200
200
200
193
193
193
193
193
193
193
170
170
170
170
170
170
170
0
0
0
0
0
0
0
0
0
0
0
0
0
0
0
0
0
123
123
123
123
123
123
123
123
123
123
123
0
0
0
0
0
0
0
0
0
0
0
0
96
0
0
0
0
0
0
0
0
0
0
0
0
0
0
0
0
0
0
0
0
0
0
0
0
0
0
0
0
0
0
0
0
0
0
0
0
0
0
0
0
0
0
0
0
0
0
0
0
0
0
0
0
0
0
0
0
0
0
0
0
0
0
0
0
0
0
0
0
0
0
0
0
0
0
0
0
0
0
0
0
0
0
0
0
0
0
0
0
0
0
0
0
0
0
0
0
0
0
0
0
0
0
0
0
0
0
0
0
0
0
0
0
0
0
0
0
0
0
0
0
0
0
0
0
0
0
0
0
0
0
0
0
0
0
0
0
0
0
0
0
0
0
0
0
0
0
0
0
0
0
0
0
0
0
0
0
0
0
0
0
0
0
0
0
0
0
0
0
0
0
0
0
0
0
0
0
0
0
0
0
0
0
0
0
0
0
0
0
0
0
0
0
0
0
0
0
0
0
0
0
0
0
0
0
0
0
0
0
0
0
0
0
0
0
0
0
0
0
0
0
0
0
0
0
0
0
0
0
0
0
0
0
0
0
0
0
0
0
0
0
0
0
0
0
0
0
0
0
0
0
0
0
0
0
0
0
0
0
0
0
0
0
0
0
0
0
0
0
0
0
0
0
0
0
0
0
0
0
0
0
0
0
0
0
0
0
0
0
0
0
0
0
0
0
0
0
0
0
0
0
0
0
0
0
0
0
0
0
0
0
0
0
0
0
0
0
0
0
0
0
0
0
0
0
0
0
0
0
0
0
0
0
0
0
0
0
0
0
0
0
0
0
0
0
0
0
0
0
0
0
0
0
0
0
0
0
0
0
0
0
0
0
0
0
0
0
0
0
0
0
0
0
0
0
0
0
0
0
0
0
0
0
0
0
0
0
0
0
0
0
0
0
0
0
0
0
0
0
0
0
0
0
0
0
0
0
0
0
0
0
0
0
0
0
0
0
0
0
0
0
0
0
0
0
0
0
0
0
0
0
0
0
0
0
0
0
0
0
0
0
0
0
0
0
0
0
0
0
0
0
0
0
0
0
0
0
0
0
0
1.283300e+02
1.283300e+02
1.258800e+02
1.258800e+02
1.258800e+02
1.258800e+02
1.258800e+02
1.258800e+02
1.258800e+02
127
127
127
127
127
1.305300e+02
1.305300e+02
1.380100e+02
1.429000e+02
1.429000e+02
1.429000e+02
1.429000e+02
1.429000e+02
1.429000e+02
1.538500e+02
1.538500e+02
1.286800e+02
1.286800e+02
1.286800e+02
1.238100e+02
1.238100e+02
1.238100e+02
1.281900e+02
1.261900e+02
1.261900e+02
1.261900e+02
1.164200e+02
1.164200e+02
1.191700e+02
1.191700e+02
1.154100e+02
1.154100e+02
1.154100e+02
1.154100e+02
1.154100e+02
1.091200e+02
1.091200e+02
1.091200e+02
1.091200e+02
1.091200e+02
1.091200e+02
1.091200e+02
1.034900e+02
1.034900e+02
1.034900e+02
1.034900e+02
1.034900e+02
1.101900e+02
1.101900e+02
1.008100e+02
1.008100e+02
1.008100e+02
1.008100e+02
1.008100e+02
1.008100e+02
1.008100e+02
9.522000e+01
9.522000e+01
9.460000e+01
9.460000e+01
9.460000e+01
9.485000e+01
9.485000e+01
9.485000e+01
9.485000e+01
9.372000e+01
9.372000e+01
9.372000e+01
0
0
8.975000e+01
8.975000e+01
8.604000e+01
8.604000e+01
8.604000e+01
8.435000e+01
8.435000e+01
9.010000e+01
9.010000e+01
9.010000e+01
9.010000e+01
9.010000e+01
9.010000e+01
9.010000e+01
1.341100e+02
1.341100e+02
1.341100e+02
1.341100e+02
1.341100e+02
1.341100e+02
1.341100e+02
8.501000e+01
8.501000e+01
8.501000e+01
8.501000e+01
8.501000e+01
8.501000e+01
8.501000e+01
1.465400e+02
1.465400e+02
9.977000e+01
9.977000e+01
9.977000e+01
9.333000e+01
9.333000e+01
8.976000e+01
8.976000e+01
8.976000e+01
8.976000e+01
8.976000e+01
8.976000e+01
8.976000e+01
9.118000e+01
9.118000e+01
1.212300e+02
1.212300e+02
1.212300e+02
1.212300e+02
1.212300e+02
1.012100e+02
1.012100e+02
9.827000e+01
9.827000e+01
9.827000e+01
9.827000e+01
9.827000e+01
9.827000e+01
9.827000e+01
9.827000e+01
9.827000e+01
9.827000e+01
1.094500e+02
1.094500e+02
1.098600e+02
1.098600e+02
1.067200e+02
1.067200e+02
1.067200e+02
1.067200e+02
1.067200e+02
1.067200e+02
1.067200e+02
1.143900e+02
1.143900e+02
1.143900e+02
1.143900e+02
1.143900e+02
1.143900e+02
1.143900e+02
1.143900e+02
1.143900e+02
1.143900e+02
1.143900e+02
1.143900e+02
1.094800e+02
1.094800e+02
1.094800e+02
1.094800e+02
1.094800e+02
1.094800e+02
1.094800e+02
1.092900e+02
1.092900e+02
1.151200e+02
1.151200e+02
1.151200e+02
1.145100e+02
1.145100e+02
1.057800e+02
1.057800e+02
1.057800e+02
1.057800e+02
1.057800e+02
1.057800e+02
1.057800e+02
1.057800e+02
1.057800e+02
1.057800e+02
1.057800e+02
1.057800e+02
1.057800e+02
1.057800e+02
1.057800e+02
1.057800e+02
1.057800e+02
1.057800e+02
1.057800e+02
1.140700e+02
1.140700e+02
1.140700e+02
1.140700e+02
1.140700e+02
1.140700e+02
1.140700e+02
1.140700e+02
1.140700e+02
1.170100e+02
1.170100e+02
1.170100e+02
1.170100e+02
1.170100e+02
1.170100e+02
1.170100e+02
1.170100e+02
1.170100e+02
1.170100e+02
1.170100e+02
1.170100e+02
1.170100e+02
1.170100e+02
1.170100e+02
1.170100e+02
1.170100e+02
1.170100e+02
1.170100e+02
1.170100e+02
1.170100e+02
1.170100e+02
1.170100e+02
1.170100e+02
1.170100e+02
1.170100e+02
1.170100e+02
1.170100e+02
1.170100e+02
1.170100e+02
1.170100e+02
1.170100e+02
1.170100e+02
1.170100e+02
1.170100e+02
1.170100e+02
1.170100e+02
1.170100e+02
1.170100e+02
1.170100e+02
1.170100e+02
1.170100e+02
1.170100e+02
1.170100e+02
1.170100e+02
1.170100e+02
1.170100e+02
1.170100e+02
1.170100e+02
1.170100e+02
1.170100e+02
1.170100e+02
1.170100e+02
1.170100e+02
1.170100e+02
1.170100e+02
1.170100e+02
1.170100e+02
1.170100e+02
1.170100e+02
1.170100e+02
1.286600e+02
1.286600e+02
1.251100e+02
1.251100e+02
1.251100e+02
1.251100e+02
1.251100e+02
1.251100e+02
1.251100e+02
1.251100e+02
1.251100e+02
1.251100e+02
1.251100e+02
1.251100e+02
1.291900e+02
1.291900e+02
1.287300e+02
1.287300e+02
1.287300e+02
1.287300e+02
1.287300e+02
1.287300e+02
1.287300e+02
1.273100e+02
1.273100e+02
1.273100e+02
1.273100e+02
1.273100e+02
1.273100e+02
1.273100e+02
1.273100e+02
1.273100e+02
1.273100e+02
1.273100e+02
1.273100e+02
1.273100e+02
1.273100e+02
1.273100e+02
1.273100e+02
1.273100e+02
1.273100e+02
1.273100e+02
1.273100e+02
1.273100e+02
1.290200e+02
1.290200e+02
1.290200e+02
1.290200e+02
1.290200e+02
1.290200e+02
1.290200e+02
1.290200e+02
1.290200e+02
1.290200e+02
1.290200e+02
1.290200e+02
1.290200e+02
1.290200e+02
1.290200e+02
1.290200e+02
1.290200e+02
1.290200e+02
1.290200e+02
1.290200e+02
1.290200e+02
1.290200e+02
1.290200e+02
1.290200e+02
1.290200e+02
1.290200e+02
1.290200e+02
1.290200e+02
1.290200e+02
1.290200e+02
1.290200e+02
1.290200e+02
1.290200e+02
1.290200e+02
1.290200e+02
1.290200e+02
1.290200e+02
1.290200e+02
1.290200e+02
1.290200e+02
1.290200e+02
1.290200e+02
1.290200e+02
1.290200e+02
1.290200e+02
1.290200e+02
1.290200e+02
1.290200e+02
1.290200e+02
1.290200e+02
1.290200e+02
1.290200e+02
1.290200e+02
1.290200e+02
1.302300e+02
1.302300e+02
1.302300e+02
1.302300e+02
1.302300e+02
1.302300e+02
1.302300e+02
1.302300e+02
1.302300e+02
1.302300e+02
1.302300e+02
1.302300e+02
1.302300e+02
1.302300e+02
1.320500e+02
1.320500e+02
1.320500e+02
1.320500e+02
1.320500e+02
1.320500e+02
1.320500e+02
1.320500e+02
1.320500e+02
1.320500e+02
1.320500e+02
1.320500e+02
1.320500e+02
1.320500e+02
1.320500e+02
1.320500e+02
1.335500e+02
1.335500e+02
1.335500e+02
1.335500e+02
1.335500e+02
1.335500e+02
1.335500e+02
1.339400e+02
1.339400e+02
1.351400e+02
1.351400e+02
1.351400e+02
1.351400e+02
1.351400e+02
1.351400e+02
1.351400e+02
1.351400e+02
1.351400e+02
1.351400e+02
1.351400e+02
1.351400e+02
1.351400e+02
1.351400e+02
1.378600e+02
1.378600e+02
1.378600e+02
1.378600e+02
1.378600e+02
1.378600e+02
1.378600e+02
1.378600e+02
1.378600e+02
1.378600e+02
1.378600e+02
1.378600e+02
1.378600e+02
1.378600e+02
1.378600e+02
1.378600e+02
1.378600e+02
1.378600e+02
1.378600e+02
1.378600e+02
1.378600e+02
1.341700e+02
1.341700e+02
1.341700e+02
1.345500e+02
1.345500e+02
1.338800e+02
1.338800e+02
1.338800e+02
1.338800e+02
1.338800e+02
1.338800e+02
1.338800e+02
1.338500e+02
1.338500e+02
1.338500e+02
1.338500e+02
1.338500e+02
1.338500e+02
1.338500e+02
1.457800e+02
1.457800e+02
1.457800e+02
1.457800e+02
1.457800e+02
1.457800e+02
1.457800e+02
1.457800e+02
1.457800e+02
1.457800e+02
1.457800e+02
1.457800e+02
1.457800e+02
1.457800e+02
1.313100e+02
1.313100e+02
1.313100e+02
1.313100e+02
1.313100e+02
1.313100e+02
1.313100e+02
1.313100e+02
1.313100e+02
1.313100e+02
1.313100e+02
1.313100e+02
1.313100e+02
1.313100e+02
1.313100e+02
1.313100e+02
1.313100e+02
1.313100e+02
1.313100e+02
1.313100e+02
1.313100e+02
1.313100e+02
1.313100e+02
1.313100e+02
1.313100e+02
1.313100e+02
1.313100e+02
1.313100e+02
1.313100e+02
1.313100e+02
1.313100e+02
1.313100e+02
1.313100e+02
1.313100e+02
1.313100e+02
1.313100e+02
1.313100e+02
1.313100e+02
1.313100e+02
1.313100e+02
1.313100e+02
1.313100e+02
1.313100e+02
1.313100e+02
1.313100e+02
1.313100e+02
1.313100e+02
1.313100e+02
1.313100e+02
1.313100e+02
1.313100e+02
1.313100e+02
1.313100e+02
1.313100e+02
1.308600e+02
1.308600e+02
1.308600e+02
1.308600e+02
1.239200e+02
1.239200e+02
1.239200e+02
124
124
1.288200e+02
1.288200e+02
1.288200e+02
1.288200e+02
1.288200e+02
1.274000e+02
1.274000e+02
1.296100e+02
1.296100e+02
1.348100e+02
1.348100e+02
1.348100e+02
1.262000e+02
1.262000e+02
1.283200e+02
1.283200e+02
1.282100e+02
1.282100e+02
1.282100e+02
1.279900e+02
1.279900e+02
1.215900e+02
1.215900e+02
1.231800e+02
1.231800e+02
1.231800e+02
1.333200e+02
1.333200e+02
1.215700e+02
1.215700e+02
1.211900e+02
1.211900e+02
1.211900e+02
1.211900e+02
1.211900e+02
1.211900e+02
1.211900e+02
1.211900e+02
1.211900e+02
1.211900e+02
1.252700e+02
1.252700e+02
1.273300e+02
1.273300e+02
1.273300e+02
1.273300e+02
1.273300e+02
1.225900e+02
1.225900e+02
1.227100e+02
1.227100e+02
1.225800e+02
1.225800e+02
1.225800e+02
1.220600e+02
1.220600e+02
1.206400e+02
1.206400e+02
1.232100e+02
1.232100e+02
1.232100e+02
1.236500e+02
1.236500e+02
1.218600e+02
1.218600e+02
1.218600e+02
