0
0
0
0
0
0
0
0
0
0
0
0
0
0
0
0
0
0
0
0
0
0
0
0
0
0
0
0
0
0
0
0
0
0
0
0
0
0
0
0
0
0
0
0
0
0
0
0
0
0
0
0
0
0
0
0
0
0
0
0
0
0
0
0
0
0
0
0
0
0
0
0
0
0
0
0
0
0
0
0
0
0
0
0
0
0
0
0
0
0
0
0
0
0
0
0
0
0
0
0
0
0
0
0
0
0
0
0
0
0
0
0
0
0
0
0
0
0
0
0
0
0
0
0
0
0
0
0
0
0
0
0
0
0
0
0
0
0
0
0
0
0
0
0
0
0
0
0
0
0
0
0
0
0
0
0
0
0
0
0
0
0
0
0
0
0
0
0
0
0
0
0
0
0
0
0
0
0
0
0
0
0
0
0
0
0
0
0
0
0
0
0
0
0
0
0
0
0
0
0
0
0
0
0
0
0
0
0
0
0
0
0
0
0
0
0
0
0
0
0
0
0
0
0
0
0
0
0
0
0
0
0
0
0
0
0
0
0
0
0
0
0
0
0
0
0
0
0
0
0
0
0
0
0
0
0
0
0
0
0
0
0
0
0
0
0
0
0
0
0
0
0
0
0
0
0
0
0
0
0
0
0
0
0
0
0
0
0
0
0
0
0
0
0
0
0
0
0
0
0
0
0
0
0
0
0
0
0
0
0
0
0
0
0
0
0
0
0
0
0
0
0
0
0
0
0
0
0
0
0
0
0
0
0
0
0
0
0
0
0
0
0
0
0
0
0
0
0
0
0
0
0
0
0
0
0
0
0
0
0
0
0
0
0
0
0
0
0
0
0
0
0
0
0
0
0
0
0
0
0
0
0
0
0
0
0
0
0
0
0
0
0
0
0
0
0
0
0
0
0
0
0
0
0
0
0
0
0
0
0
0
0
0
0
0
0
0
0
0
0
0
0
0
0
0
0
0
0
0
0
0
0
0
0
0
0
0
0
0
0
0
0
0
0
0
0
0
0
0
0
0
0
0
0
0
0
0
0
0
0
0
0
0
0
0
0
0
0
0
0
0
0
0
0
0
0
0
0
0
0
0
0
0
0
0
0
0
0
0
0
0
0
0
0
0
0
0
0
0
0
0
0
0
0
0
0
0
0
0
0
0
0
0
0
0
0
0
0
0
0
0
0
0
0
0
0
0
0
0
0
0
0
0
0
0
0
0
0
0
0
0
0
0
0
0
0
0
0
0
0
0
0
0
0
0
0
0
0
0
0
0
0
0
0
0
0
0
0
0
0
0
0
0
0
0
0
0
0
0
0
0
0
0
0
0
0
0
0
0
0
0
0
0
0
0
0
0
0
0
0
0
0
0
0
0
0
0
0
0
0
0
0
0
0
0
0
0
0
0
0
0
0
0
0
0
0
0
0
0
0
0
0
0
0
0
0
0
0
0
0
0
0
0
0
0
0
0
0
0
0
0
0
0
0
0
0
0
0
0
0
0
0
0
0
0
0
0
0
0
0
0
0
0
0
0
0
0
0
0
0
0
0
0
0
0
0
0
0
0
0
0
0
0
0
0
0
0
1.880000e+00
8.390000e+00
1.302000e+01
1.595000e+01
1.895000e+01
2.167000e+01
2.562000e+01
2.940000e+01
3.405000e+01
3.805000e+01
4.055000e+01
4.443000e+01
5.568000e+01
5.801000e+01
5.522000e+01
5.592000e+01
5.335000e+01
5.335000e+01
5.715000e+01
5.692000e+01
5.662000e+01
5.709000e+01
4.352000e+01
6.078000e+01
6.027000e+01
5.840000e+01
5.628000e+01
5.679000e+01
5.867000e+01
5.622000e+01
54
5.262000e+01
5.148000e+01
5.296000e+01
5.311000e+01
5.882000e+01
5.897000e+01
6.062000e+01
6.237000e+01
6.193000e+01
6.383000e+01
6.961000e+01
6.842000e+01
3.906000e+01
6.367000e+01
6.920000e+01
6.780000e+01
5.717000e+01
7.307000e+01
7.698000e+01
7.715000e+01
7.717000e+01
7.648000e+01
7.585000e+01
7.585000e+01
7.585000e+01
7.408000e+01
7.501000e+01
7.773000e+01
7.683000e+01
7.831000e+01
7.925000e+01
7.830000e+01
7.760000e+01
7.722000e+01
7.643000e+01
7.729000e+01
7.799000e+01
7.824000e+01
7.950000e+01
8.942000e+01
9.185000e+01
9.284000e+01
9.067000e+01
9.016000e+01
8.839000e+01
8.749000e+01
8.754000e+01
8.668000e+01
8.672000e+01
8.694000e+01
8.587000e+01
8.601000e+01
8.683000e+01
8.740000e+01
8.732000e+01
8.770000e+01
8.865000e+01
8.795000e+01
8.860000e+01
8.857000e+01
8.833000e+01
8.839000e+01
8.890000e+01
8.807000e+01
8.771000e+01
8.816000e+01
8.929000e+01
9.041000e+01
9.097000e+01
9.050000e+01
9.535000e+01
9.502000e+01
9.404000e+01
9.329000e+01
9.307000e+01
9.366000e+01
9.493000e+01
9.587000e+01
9.587000e+01
9.669000e+01
9.623000e+01
9.586000e+01
9.613000e+01
9.722000e+01
9.750000e+01
9.720000e+01
9.792000e+01
9.843000e+01
9.789000e+01
9.701000e+01
9.749000e+01
9.842000e+01
9.757000e+01
9.812000e+01
9.812000e+01
9.812000e+01
9.673000e+01
9.729000e+01
9.794000e+01
9.848000e+01
9.831000e+01
9.975000e+01
9.886000e+01
9.942000e+01
9.908000e+01
9.904000e+01
9.884000e+01
9.946000e+01
1.005400e+02
1.000400e+02
1.006800e+02
1.012800e+02
1.018800e+02
1.019400e+02
1.030400e+02
1.031800e+02
1.046300e+02
1.039100e+02
1.041400e+02
1.062600e+02
1.083100e+02
1.078000e+02
1.092900e+02
1.094400e+02
1.097000e+02
1.095100e+02
1.090700e+02
1.089900e+02
1.085900e+02
1.123300e+02
1.113200e+02
1.094400e+02
1.084300e+02
1.131300e+02
1.134400e+02
1.128500e+02
1.127700e+02
1.128800e+02
1.115500e+02
1.110400e+02
1.109100e+02
1.107100e+02
1.104600e+02
1.109900e+02
1.117200e+02
1.107600e+02
1.115700e+02
1.113500e+02
1.114200e+02
1.110400e+02
1.128200e+02
1.144800e+02
1.132700e+02
1.125100e+02
1.141900e+02
1.142900e+02
1.136800e+02
1.120400e+02
1.110400e+02
1.130600e+02
1.134800e+02
1.118700e+02
1.096200e+02
1.097900e+02
1.105000e+02
1.111400e+02
1.111400e+02
1.116000e+02
1.125600e+02
1.144700e+02
1.131900e+02
1.133500e+02
1.137300e+02
1.135800e+02
1.135800e+02
1.135800e+02
1.139500e+02
1.138900e+02
1.163100e+02
1.162600e+02
1.148800e+02
1.141300e+02
1.144600e+02
1.149300e+02
1.154700e+02
1.147400e+02
1.140400e+02
1.152800e+02
1.152800e+02
1.135000e+02
1.136500e+02
1.141400e+02
1.158900e+02
1.158900e+02
1.159400e+02
1.163000e+02
1.173500e+02
1.161200e+02
1.144600e+02
1.160500e+02
1.159900e+02
1.166500e+02
1.164700e+02
1.171500e+02
1.153400e+02
1.153400e+02
1.153400e+02
1.153400e+02
1.151800e+02
1.158100e+02
1.165900e+02
1.164800e+02
1.164800e+02
1.161100e+02
1.173900e+02
1.173900e+02
1.162900e+02
1.178100e+02
1.174000e+02
1.174700e+02
1.171200e+02
1.157100e+02
1.143300e+02
1.141500e+02
1.158500e+02
1.165000e+02
1.161600e+02
1.150300e+02
1.156100e+02
1.149200e+02
1.152500e+02
1.152700e+02
1.147700e+02
1.155300e+02
1.144200e+02
1.148000e+02
1.148400e+02
1.148000e+02
1.150100e+02
1.151400e+02
1.164900e+02
1.161700e+02
1.161300e+02
1.162000e+02
1.165900e+02
1.170700e+02
1.186100e+02
1.186100e+02
1.186100e+02
1.142600e+02
1.119800e+02
1.122100e+02
1.111500e+02
1.109600e+02
1.087600e+02
1.094500e+02
1.095900e+02
1.098200e+02
1.113300e+02
1.107300e+02
1.103500e+02
1.102300e+02
1.104800e+02
1.101700e+02
1.102800e+02
1.101300e+02
1.121000e+02
1.127200e+02
1.135400e+02
1.147000e+02
1.157300e+02
1.163600e+02
1.154900e+02
1.150100e+02
1.194900e+02
1.143800e+02
1.145400e+02
1.133000e+02
1.130900e+02
1.125200e+02
1.120800e+02
1.135100e+02
1.133900e+02
1.115800e+02
1.124000e+02
1.127400e+02
1.128600e+02
1.123400e+02
1.122400e+02
1.129200e+02
1.127900e+02
1.137490e+02
1.136600e+02
1.142400e+02
1.141900e+02
1.132600e+02
1.130300e+02
1.134100e+02
1.141500e+02
1.132200e+02
1.125300e+02
1.130500e+02
1.137300e+02
1.138900e+02
1.142100e+02
1.145600e+02
1.150300e+02
1.147200e+02
1.142000e+02
1.144400e+02
1.123400e+02
1.115400e+02
1.113000e+02
1.118100e+02
1.139000e+02
1.145100e+02
1.140800e+02
1.137800e+02
1.122700e+02
1.131600e+02
1.130900e+02
1.153200e+02
1.122100e+02
1.141000e+02
1.135200e+02
1.129100e+02
1.126100e+02
1.123100e+02
1.138200e+02
1.147300e+02
1.149100e+02
1.133400e+02
1.133200e+02
1.123300e+02
1.126800e+02
1.132130e+02
1.131913e+02
1.131696e+02
1.124000e+02
1.118000e+02
1.126700e+02
1.112800e+02
1.112800e+02
1.112800e+02
1.120800e+02
1.111600e+02
1.121900e+02
1.149300e+02
1.144700e+02
1.144700e+02
1.144700e+02
1.130300e+02
1.126700e+02
1.181800e+02
1.108700e+02
1.104800e+02
1.104800e+02
1.104800e+02
1.101500e+02
1.117000e+02
1.105700e+02
1.103300e+02
1.104500e+02
1.104500e+02
1.104500e+02
1.102300e+02
1.102300e+02
1.102300e+02
1.107500e+02
1.095600e+02
1.095600e+02
1.095600e+02
1.095600e+02
1.132600e+02
5.074000e+01
1.057300e+02
6.527000e+01
6.527000e+01
6.527000e+01
1.079000e+02
1.157300e+02
1.140200e+02
1.124000e+02
1.104400e+02
1.107900e+02
1.094200e+02
1.087100e+02
1.090300e+02
1.072700e+02
1.070300e+02
1.080900e+02
1.077400e+02
1.071000e+02
1.064600e+02
1.072300e+02
1.063200e+02
1.050500e+02
1.055600e+02
1.053000e+02
1.046900e+02
1.046600e+02
1.046600e+02
1.041600e+02
1.038800e+02
1.044800e+02
1.044800e+02
1.044800e+02
1.052800e+02
1.028600e+02
1.026900e+02
1.020500e+02
1.022600e+02
1.022600e+02
1.022600e+02
1.033100e+02
1.023900e+02
1.017200e+02
1.017200e+02
1.002800e+02
1.002800e+02
1.002800e+02
1.027500e+02
1.030700e+02
1.039300e+02
1.041600e+02
1.504900e+02
1.504900e+02
1.504900e+02
1.064000e+02
1.045500e+02
1.039200e+02
1.021200e+02
1.044100e+02
1.044100e+02
1.044100e+02
1.058500e+02
1.015200e+02
1.022700e+02
1.022400e+02
1.012100e+02
1.012100e+02
1.012100e+02
2.056000e+01
8.276000e+01
28
7.832000e+01
1.308600e+02
1.308600e+02
1.308600e+02
1.015600e+02
1.019600e+02
1.019600e+02
1.039100e+02
1.068200e+02
1.068200e+02
1.068200e+02
1.071700e+02
1.043300e+02
1.044900e+02
1.078100e+02
1.083800e+02
1.083800e+02
1.083800e+02
1.073800e+02
1.065700e+02
2.635700e+02
1.044200e+02
1.051700e+02
1.051700e+02
1.051700e+02
1.015200e+02
1.014700e+02
1.022400e+02
1.030300e+02
103
103
103
1.016400e+02
9.879000e+01
1.001800e+02
1.018000e+02
1.021300e+02
1.021300e+02
1.021300e+02
9.949000e+01
1.021000e+02
1.010200e+02
9.911000e+01
9.847000e+01
9.847000e+01
9.847000e+01
1.022700e+02
1.044300e+02
1.027600e+02
1.008000e+02
1.009400e+02
1.009400e+02
1.009400e+02
1.006500e+02
1.012100e+02
1.016800e+02
1.001800e+02
1.001800e+02
1.001800e+02
1.001800e+02
1.001800e+02
9.963000e+01
1.017900e+02
1.033800e+02
1.014700e+02
1.014700e+02
1.014700e+02
1.014700e+02
1.025200e+02
1.023400e+02
1.024700e+02
1.024800e+02
1.024800e+02
1.024800e+02
1.037900e+02
1.037900e+02
1.037900e+02
1.037900e+02
1.025500e+02
1.025500e+02
1.025500e+02
1.024600e+02
1.035100e+02
1.040300e+02
1.037000e+02
1.042500e+02
1.042500e+02
1.042500e+02
1.039400e+02
1.052900e+02
1.052900e+02
1.052900e+02
1.093400e+02
1.093400e+02
1.093400e+02
1.096300e+02
1.053000e+02
1.037200e+02
1.043000e+02
1.046300e+02
1.046300e+02
1.046300e+02
1.065000e+02
1.098100e+02
1.110200e+02
1.119700e+02
1.134500e+02
1.134500e+02
1.134500e+02
1.169000e+02
1.169000e+02
1.169000e+02
1.132800e+02
1.108900e+02
1.108900e+02
1.108900e+02
1.148900e+02
1.135200e+02
1.133700e+02
1.131400e+02
1.126400e+02
1.126400e+02
1.126400e+02
1.126400e+02
1.131300e+02
1.118900e+02
1.118900e+02
1.118900e+02
1.118900e+02
1.118900e+02
1.131600e+02
1.131000e+02
1.145500e+02
1.145500e+02
1.145500e+02
1.145500e+02
1.145500e+02
111
1.102500e+02
1.085100e+02
1.091100e+02
1.080700e+02
1.080700e+02
1.080700e+02
103
1.057100e+02
1.079100e+02
1.079100e+02
1.079100e+02
1.079100e+02
1.079100e+02
1.035500e+02
1.036400e+02
1.110100e+02
1.110100e+02
1.051800e+02
1.051800e+02
1.051800e+02
1.064000e+02
1.064000e+02
1.064000e+02
1.064000e+02
1.099700e+02
1.099700e+02
1.099700e+02
1.032900e+02
1.020600e+02
1.018900e+02
1.016400e+02
1.013800e+02
1.013800e+02
1.013800e+02
9.972000e+01
1.003800e+02
1.003800e+02
9.942000e+01
9.942000e+01
9.942000e+01
9.942000e+01
9.909000e+01
9.891000e+01
9.891000e+01
9.779000e+01
9.935000e+01
9.935000e+01
9.935000e+01
9.908000e+01
1.002500e+02
1.002500e+02
1.002500e+02
1.002500e+02
1.002500e+02
1.002500e+02
1.002500e+02
1.002500e+02
1.002500e+02
1.002500e+02
1.430000e+01
1.430000e+01
1.430000e+01
1.430000e+01
1.430000e+01
1.430000e+01
1.430000e+01
1.430000e+01
1.430000e+01
1.430000e+01
1.429000e+01
1.419000e+01
1.420000e+01
1.422000e+01
1.422000e+01
1.422000e+01
1.422000e+01
7.323000e+01
7.069000e+01
7.058000e+01
6.873000e+01
6.873000e+01
6.873000e+01
6.873000e+01
6.585000e+01
6.553000e+01
6.476000e+01
6.416000e+01
6.382000e+01
6.382000e+01
6.382000e+01
6.757000e+01
4.395000e+01
0
0
6.522000e+01
6.522000e+01
6.522000e+01
8.181000e+01
8.181000e+01
8.181000e+01
8.364000e+01
8.341000e+01
8.341000e+01
8.341000e+01
8.249000e+01
8.253000e+01
8.253000e+01
8.957000e+01
8.586000e+01
8.586000e+01
8.586000e+01
8.612000e+01
8.443000e+01
8.495000e+01
8.583000e+01
8.619000e+01
8.619000e+01
8.619000e+01
8.622000e+01
8.462000e+01
8.859000e+01
8.859000e+01
8.113000e+01
8.113000e+01
8.113000e+01
8.574000e+01
8.420000e+01
8.235000e+01
80
7.977000e+01
7.977000e+01
7.977000e+01
7.722000e+01
7.722000e+01
7.722000e+01
7.525000e+01
7.392000e+01
7.392000e+01
7.392000e+01
7.392000e+01
6.961000e+01
7.412000e+01
7.894000e+01
7.787000e+01
7.787000e+01
7.787000e+01
7.509000e+01
7.509000e+01
7.509000e+01
7.509000e+01
7.509000e+01
7.509000e+01
7.509000e+01
7.377000e+01
7.377000e+01
7.068000e+01
7.724000e+01
7.588000e+01
7.588000e+01
7.588000e+01
7.401000e+01
7.280000e+01
7.186000e+01
7.201000e+01
7.355000e+01
7.355000e+01
7.355000e+01
7.355000e+01
7.140000e+01
6.987000e+01
6.622000e+01
6.362000e+01
6.362000e+01
6.362000e+01
6.385000e+01
6.377000e+01
6.362000e+01
7.034000e+01
7.160000e+01
7.160000e+01
7.160000e+01
7.011000e+01
7.016000e+01
7.081000e+01
7.178000e+01
7.086000e+01
7.086000e+01
7.086000e+01
7.125000e+01
7.311000e+01
7.126000e+01
6.822000e+01
7.014000e+01
7.014000e+01
7.014000e+01
7.214000e+01
7.082000e+01
6.983000e+01
7.036000e+01
6.923000e+01
6.923000e+01
6.923000e+01
6.590000e+01
6.821000e+01
6.821000e+01
6.821000e+01
6.589000e+01
6.589000e+01
6.589000e+01
6.887000e+01
6.701000e+01
6.699000e+01
6.707000e+01
6.840000e+01
6.840000e+01
6.840000e+01
6.895000e+01
6.895000e+01
6.830000e+01
6.830000e+01
6.830000e+01
6.830000e+01
6.830000e+01
71
6.908000e+01
7.629000e+01
8.237000e+01
8.566000e+01
8.566000e+01
8.566000e+01
8.615000e+01
8.615000e+01
8.615000e+01
8.615000e+01
8.615000e+01
8.615000e+01
8.615000e+01
8.039000e+01
8.039000e+01
8.039000e+01
8.080000e+01
8.080000e+01
8.080000e+01
8.080000e+01
78
78
78
78
78
78
78
8.193000e+01
8.193000e+01
8.193000e+01
7.984000e+01
8.014000e+01
8.014000e+01
8.014000e+01
7.787000e+01
7.787000e+01
7.787000e+01
7.787000e+01
7.787000e+01
7.787000e+01
7.787000e+01
7.550000e+01
7.550000e+01
7.675000e+01
7.675000e+01
7.614000e+01
7.614000e+01
7.614000e+01
8.048000e+01
8.048000e+01
8.048000e+01
8.048000e+01
8.048000e+01
8.048000e+01
8.048000e+01
3.113000e+01
3.113000e+01
2.755000e+01
2.755000e+01
2.755000e+01
2.755000e+01
2.755000e+01
2.706000e+01
2.706000e+01
2.481000e+01
2.481000e+01
2.470000e+01
2.470000e+01
2.470000e+01
2.470000e+01
2.470000e+01
2.846000e+01
2.846000e+01
9.598000e+01
9.598000e+01
9.598000e+01
9.515000e+01
9.515000e+01
9.363000e+01
9.363000e+01
9.324000e+01
9.324000e+01
9.324000e+01
9.466000e+01
9.466000e+01
9.453000e+01
9.453000e+01
9.732000e+01
9.732000e+01
9.732000e+01
9.459000e+01
9.459000e+01
9.233000e+01
9.233000e+01
92
92
92
9.528000e+01
9.528000e+01
9.561000e+01
9.561000e+01
9.561000e+01
9.561000e+01
9.561000e+01
9.677000e+01
9.677000e+01
9.659000e+01
9.659000e+01
9.659000e+01
9.659000e+01
9.659000e+01
9.659000e+01
9.659000e+01
1.014400e+02
1.014400e+02
7.749000e+01
7.749000e+01
7.749000e+01
1.007000e+02
1.007000e+02
1.009500e+02
1.009500e+02
1.025400e+02
1.025400e+02
1.025400e+02
1.025400e+02
1.025400e+02
1.025400e+02
1.025400e+02
1.025400e+02
1.025400e+02
1.025400e+02
1.025400e+02
1.025400e+02
1.049900e+02
1.049900e+02
1.049900e+02
1.049900e+02
1.049900e+02
1.005000e+02
1.005000e+02
1.024700e+02
1.024700e+02
1.035000e+02
1.035000e+02
1.035000e+02
1.040900e+02
1.040900e+02
1.033700e+02
1.033700e+02
1.030300e+02
1.030300e+02
1.030300e+02
1.055900e+02
1.055900e+02
1.048300e+02
1.048300e+02
1.057000e+02
1.057000e+02
1.057000e+02
1.083000e+02
1.083000e+02
1.098700e+02
1.098700e+02
1.098700e+02
1.098700e+02
1.098700e+02
1.098700e+02
1.098700e+02
1.067800e+02
1.067800e+02
1.067800e+02
1.067800e+02
1.067800e+02
1.078300e+02
1.078300e+02
1.084300e+02
1.084300e+02
1.101700e+02
1.101700e+02
1.101700e+02
1.070800e+02
1.070800e+02
1.070800e+02
1.070800e+02
1.058800e+02
1.058800e+02
1.058800e+02
1.049800e+02
1.049800e+02
100
100
1.033500e+02
1.033500e+02
1.033500e+02
1.034800e+02
1.034800e+02
1.034800e+02
1.034800e+02
1.034800e+02
1.034800e+02
1.034800e+02
1.034800e+02
1.034800e+02
1.034800e+02
1.034800e+02
1.064000e+02
1.064000e+02
1.064000e+02
1.107500e+02
1.107500e+02
1.101500e+02
1.101500e+02
1.112000e+02
1.112000e+02
1.112000e+02
2.739000e+01
2.739000e+01
2.739000e+01
2.739000e+01
2.977000e+01
2.977000e+01
2.977000e+01
2.977000e+01
2.977000e+01
1.277100e+02
1.277100e+02
1.113000e+02
1.113000e+02
1.113000e+02
1.030300e+02
1.030300e+02
9.964000e+01
9.964000e+01
9.836000e+01
9.836000e+01
9.836000e+01
9.923000e+01
9.923000e+01
9.595000e+01
9.595000e+01
95
95
95
5.623000e+01
5.623000e+01
5.623000e+01
5.623000e+01
9.387000e+01
9.387000e+01
9.387000e+01
9.317000e+01
9.317000e+01
9.574000e+01
9.574000e+01
9.574000e+01
9.574000e+01
9.574000e+01
9.345000e+01
9.345000e+01
9.310000e+01
9.310000e+01
9.310000e+01
9.310000e+01
9.310000e+01
9.222000e+01
9.222000e+01
8.969000e+01
8.969000e+01
8.804000e+01
8.804000e+01
8.804000e+01
8.639000e+01
8.639000e+01
8.639000e+01
8.639000e+01
8.639000e+01
8.639000e+01
8.639000e+01
8.563000e+01
8.563000e+01
8.563000e+01
8.563000e+01
8.563000e+01
8.563000e+01
8.563000e+01
8.322000e+01
8.322000e+01
8.636000e+01
8.636000e+01
8.636000e+01
8.636000e+01
8.636000e+01
8.636000e+01
8.636000e+01
8.510000e+01
8.510000e+01
8.510000e+01
8.510000e+01
8.510000e+01
8.756000e+01
8.756000e+01
8.756000e+01
8.756000e+01
8.756000e+01
8.756000e+01
8.756000e+01
8.434000e+01
8.434000e+01
8.434000e+01
8.434000e+01
8.434000e+01
8.434000e+01
8.434000e+01
8.340000e+01
8.340000e+01
8.505000e+01
8.505000e+01
6.301000e+01
6.301000e+01
6.301000e+01
8.378000e+01
8.378000e+01
8.378000e+01
8.378000e+01
8.378000e+01
8.378000e+01
8.378000e+01
8.378000e+01
8.684000e+01
8.684000e+01
8.684000e+01
8.388000e+01
8.388000e+01
8.388000e+01
8.793000e+01
8.793000e+01
8.793000e+01
8.793000e+01
8.793000e+01
8.793000e+01
8.793000e+01
8.974000e+01
8.974000e+01
8.733000e+01
8.733000e+01
8.767000e+01
8.767000e+01
8.767000e+01
8.746000e+01
8.746000e+01
8.746000e+01
8.746000e+01
8.746000e+01
8.746000e+01
8.746000e+01
8.590000e+01
8.590000e+01
8.590000e+01
8.590000e+01
8.366000e+01
8.366000e+01
8.366000e+01
2.998000e+01
2.998000e+01
2.998000e+01
2.998000e+01
2.998000e+01
2.998000e+01
2.998000e+01
2.998000e+01
2.998000e+01
2.998000e+01
2.384000e+01
2.384000e+01
2.384000e+01
2.384000e+01
2.096000e+01
2.096000e+01
2.096000e+01
2.096000e+01
2.096000e+01
2.096000e+01
2.096000e+01
2.096000e+01
2.096000e+01
2.033000e+01
2.033000e+01
2.033000e+01
2.033000e+01
2.033000e+01
1.838000e+01
1.838000e+01
1.838000e+01
1.838000e+01
1.838000e+01
1.838000e+01
1.838000e+01
1.838000e+01
1.838000e+01
1.838000e+01
1.838000e+01
1.838000e+01
1.838000e+01
1.838000e+01
0
0
0
0
0
0
0
1.744000e+01
1.744000e+01
1.744000e+01
1.744000e+01
1.744000e+01
1.744000e+01
1.744000e+01
5.169000e+01
5.169000e+01
5.169000e+01
5.169000e+01
5.169000e+01
5.169000e+01
5.169000e+01
4.532000e+01
4.532000e+01
4.833000e+01
4.833000e+01
4.865000e+01
4.865000e+01
4.865000e+01
5.057000e+01
5.057000e+01
4.658000e+01
4.658000e+01
5.090000e+01
5.090000e+01
5.090000e+01
4.877000e+01
4.877000e+01
4.839000e+01
4.839000e+01
5.520000e+01
5.520000e+01
5.520000e+01
5.970000e+01
5.970000e+01
5.970000e+01
5.970000e+01
5.970000e+01
5.970000e+01
5.970000e+01
6.937000e+01
6.937000e+01
7.047000e+01
7.047000e+01
6.983000e+01
6.983000e+01
6.983000e+01
6.983000e+01
6.983000e+01
6.983000e+01
6.983000e+01
7.743000e+01
7.743000e+01
7.743000e+01
7.891000e+01
7.891000e+01
8.144000e+01
8.144000e+01
8.144000e+01
8.144000e+01
8.144000e+01
8.144000e+01
8.144000e+01
8.144000e+01
8.144000e+01
8.144000e+01
8.144000e+01
8.144000e+01
8.144000e+01
8.144000e+01
1.249000e+01
1.249000e+01
1.249000e+01
1.249000e+01
1.249000e+01
1.249000e+01
1.249000e+01
1.249000e+01
1.249000e+01
1.249000e+01
1.249000e+01
1.249000e+01
1.249000e+01
1.249000e+01
1.249000e+01
1.249000e+01
1.249000e+01
1.249000e+01
1.249000e+01
1.249000e+01
1.249000e+01
1.343000e+01
1.343000e+01
1.343000e+01
1.343000e+01
1.343000e+01
1.343000e+01
1.343000e+01
1.343000e+01
1.343000e+01
1.343000e+01
1.343000e+01
1.343000e+01
1.343000e+01
1.290000e+01
1.290000e+01
1.290000e+01
1.290000e+01
1.290000e+01
1.290000e+01
1.337000e+01
1.337000e+01
1.363000e+01
1.363000e+01
1.363000e+01
1.363000e+01
1.363000e+01
1.302000e+01
1.302000e+01
1.302000e+01
1.302000e+01
1.302000e+01
1.302000e+01
1.302000e+01
1.360000e+01
1.360000e+01
1.336000e+01
1.336000e+01
1.347000e+01
1.347000e+01
1.347000e+01
1.362000e+01
1.362000e+01
1.362000e+01
1.362000e+01
1.362000e+01
1.362000e+01
1.362000e+01
1.342000e+01
1.342000e+01
1.320000e+01
1.320000e+01
1.325000e+01
1.325000e+01
1.325000e+01
1.332000e+01
1.332000e+01
1.332000e+01
1.332000e+01
1.332000e+01
1.332000e+01
1.332000e+01
1.321000e+01
1.321000e+01
1.292000e+01
1.292000e+01
1.307000e+01
1.307000e+01
1.307000e+01
1.325000e+01
1.325000e+01
1.325000e+01
1.325000e+01
1.325000e+01
1.325000e+01
1.325000e+01
1.325000e+01
1.325000e+01
1.325000e+01
1.325000e+01
1.325000e+01
1.325000e+01
1.325000e+01
1.296000e+01
1.296000e+01
1.288000e+01
1.288000e+01
1.293000e+01
1.293000e+01
1.293000e+01
1.291000e+01
1.291000e+01
1.290000e+01
1.290000e+01
1.279000e+01
1.279000e+01
1.279000e+01
1.283000e+01
1.283000e+01
1.283000e+01
1.283000e+01
1.283000e+01
1.283000e+01
1.283000e+01
13
13
1.282000e+01
1.282000e+01
1.285000e+01
1.285000e+01
1.285000e+01
1.304000e+01
1.304000e+01
1.304000e+01
1.304000e+01
1.288000e+01
1.288000e+01
1.288000e+01
1.299000e+01
1.299000e+01
1.299000e+01
1.299000e+01
1.307000e+01
1.307000e+01
1.307000e+01
1.307000e+01
1.307000e+01
1.307000e+01
1.307000e+01
1.276000e+01
1.276000e+01
1.276000e+01
1.276000e+01
1.276000e+01
1.342000e+01
1.342000e+01
1.342000e+01
1.342000e+01
1.342000e+01
1.362000e+01
1.362000e+01
1.403000e+01
1.403000e+01
1.403000e+01
1.403000e+01
1.403000e+01
1.397000e+01
1.397000e+01
1.394000e+01
1.394000e+01
1.405000e+01
1.405000e+01
1.405000e+01
1.378000e+01
1.378000e+01
1.378000e+01
1.378000e+01
1.401000e+01
1.401000e+01
1.401000e+01
1.401000e+01
1.401000e+01
1.395000e+01
1.395000e+01
1.393000e+01
1.393000e+01
1.393000e+01
1.376000e+01
1.376000e+01
1.376000e+01
1.376000e+01
1.376000e+01
1.376000e+01
1.376000e+01
1.382000e+01
1.382000e+01
1.387000e+01
1.387000e+01
1.404000e+01
1.404000e+01
1.404000e+01
1.390000e+01
1.390000e+01
1.376000e+01
1.376000e+01
1.395000e+01
1.395000e+01
1.395000e+01
1.423000e+01
1.423000e+01
1.423000e+01
1.423000e+01
1.578000e+01
1.578000e+01
1.578000e+01
1.452000e+01
1.452000e+01
1.424000e+01
1.424000e+01
1.424000e+01
1.424000e+01
1.424000e+01
1.399000e+01
1.399000e+01
1.409000e+01
1.409000e+01
1.423000e+01
1.423000e+01
1.423000e+01
1.388000e+01
1.388000e+01
1.384000e+01
1.384000e+01
1.378000e+01
1.378000e+01
1.378000e+01
1.387000e+01
1.387000e+01
1.387000e+01
1.375000e+01
1.385000e+01
1.385000e+01
1.385000e+01
1.387000e+01
1.387000e+01
1.387000e+01
1.387000e+01
1.387000e+01
1.387000e+01
1.387000e+01
1.384000e+01
1.384000e+01
1.371000e+01
1.371000e+01
1.373000e+01
1.373000e+01
1.373000e+01
1.365000e+01
1.365000e+01
1.359000e+01
1.359000e+01
1.360000e+01
1.360000e+01
1.360000e+01
1.354000e+01
1.354000e+01
1.353000e+01
1.353000e+01
1.312000e+01
1.312000e+01
1.312000e+01
1.354000e+01
1.354000e+01
1.353000e+01
1.353000e+01
1.368000e+01
1.368000e+01
1.368000e+01
1.384000e+01
1.384000e+01
1.338000e+01
1.338000e+01
1.346000e+01
1.346000e+01
1.346000e+01
1.333000e+01
1.333000e+01
1.325000e+01
1.325000e+01
1.326000e+01
1.326000e+01
1.326000e+01
1.327000e+01
1.327000e+01
1.320000e+01
1.320000e+01
1.325000e+01
1.325000e+01
1.325000e+01
1.316000e+01
1.316000e+01
1.313000e+01
1.313000e+01
1.313000e+01
1.313000e+01
1.313000e+01
1.324000e+01
1.324000e+01
1.322000e+01
1.322000e+01
1.314000e+01
1.314000e+01
1.314000e+01
1.323000e+01
1.323000e+01
1.325000e+01
1.325000e+01
1.327000e+01
1.327000e+01
1.327000e+01
1.338000e+01
1.338000e+01
1.335000e+01
1.335000e+01
1.335000e+01
1.335000e+01
1.335000e+01
1.308000e+01
1.308000e+01
1.308000e+01
1.308000e+01
1.308000e+01
1.308000e+01
1.308000e+01
1.240000e+01
1.240000e+01
1.249000e+01
1.249000e+01
1.242000e+01
1.242000e+01
1.242000e+01
1.230000e+01
1.230000e+01
1.230000e+01
1.230000e+01
1.230000e+01
1.230000e+01
1.230000e+01
1.222000e+01
1.222000e+01
1.238000e+01
1.238000e+01
1.238000e+01
1.238000e+01
1.238000e+01
1.201000e+01
1.201000e+01
1.201000e+01
1.201000e+01
1.245000e+01
1.245000e+01
1.245000e+01
1.246000e+01
1.246000e+01
1.230000e+01
1.230000e+01
1.230000e+01
1.230000e+01
1.230000e+01
1.398000e+01
1.398000e+01
1.258000e+01
1.258000e+01
1.258000e+01
1.258000e+01
1.258000e+01
1.312000e+01
1.312000e+01
1.330000e+01
1.330000e+01
1.275000e+01
1.275000e+01
1.275000e+01
1.283000e+01
1.283000e+01
1.254000e+01
1.254000e+01
1.299000e+01
1.299000e+01
1.299000e+01
1.347000e+01
1.347000e+01
1.347000e+01
1.347000e+01
1.338000e+01
1.338000e+01
1.338000e+01
1.319000e+01
1.319000e+01
1.319000e+01
1.319000e+01
1.319000e+01
1.319000e+01
1.319000e+01
1.283000e+01
1.283000e+01
1.274000e+01
1.274000e+01
1.274000e+01
1.274000e+01
1.274000e+01
1.274000e+01
1.274000e+01
1.268000e+01
1.268000e+01
1.257000e+01
1.257000e+01
1.257000e+01
1.273000e+01
1.273000e+01
1.256000e+01
1.256000e+01
1.274000e+01
1.274000e+01
1.274000e+01
1.232000e+01
1.232000e+01
1.232000e+01
1.232000e+01
1.232000e+01
1.232000e+01
1.232000e+01
1.232000e+01
1.232000e+01
1.232000e+01
1.232000e+01
1.232000e+01
1.232000e+01
1.232000e+01
1.232000e+01
1.232000e+01
1.232000e+01
1.232000e+01
1.232000e+01
1.232000e+01
1.232000e+01
1.232000e+01
1.232000e+01
1.232000e+01
1.232000e+01
1.232000e+01
1.232000e+01
1.232000e+01
1.232000e+01
1.232000e+01
1.232000e+01
1.232000e+01
1.232000e+01
1.232000e+01
1.232000e+01
1.232000e+01
1.232000e+01
1.232000e+01
1.232000e+01
1.232000e+01
1.232000e+01
1.232000e+01
1.232000e+01
1.232000e+01
1.232000e+01
1.232000e+01
1.232000e+01
1.232000e+01
1.232000e+01
1.232000e+01
1.232000e+01
1.232000e+01
1.232000e+01
1.232000e+01
1.232000e+01
1.232000e+01
1.232000e+01
1.232000e+01
1.232000e+01
1.232000e+01
1.232000e+01
1.232000e+01
1.232000e+01
1.232000e+01
1.232000e+01
1.232000e+01
1.232000e+01
1.232000e+01
1.232000e+01
1.232000e+01
1.232000e+01
1.232000e+01
1.232000e+01
1.232000e+01
1.232000e+01
1.232000e+01
1.232000e+01
1.232000e+01
1.232000e+01
1.232000e+01
1.232000e+01
1.232000e+01
1.232000e+01
1.232000e+01
1.232000e+01
1.232000e+01
1.232000e+01
1.232000e+01
1.232000e+01
1.232000e+01
1.232000e+01
1.232000e+01
1.232000e+01
1.232000e+01
1.232000e+01
1.232000e+01
1.232000e+01
1.232000e+01
1.232000e+01
1.232000e+01
1.232000e+01
1.232000e+01
1.232000e+01
1.232000e+01
1.232000e+01
1.232000e+01
1.232000e+01
1.232000e+01
1.232000e+01
1.232000e+01
1.232000e+01
1.232000e+01
1.232000e+01
1.232000e+01
1.232000e+01
1.232000e+01
1.232000e+01
1.232000e+01
1.232000e+01
1.232000e+01
1.232000e+01
1.232000e+01
1.232000e+01
1.232000e+01
1.232000e+01
1.232000e+01
1.232000e+01
1.232000e+01
1.232000e+01
1.232000e+01
1.232000e+01
1.232000e+01
1.232000e+01
1.232000e+01
1.232000e+01
1.232000e+01
1.232000e+01
1.232000e+01
1.232000e+01
1.232000e+01
1.232000e+01
1.232000e+01
1.232000e+01
1.232000e+01
1.232000e+01
1.232000e+01
1.232000e+01
1.232000e+01
1.232000e+01
1.232000e+01
1.232000e+01
1.232000e+01
1.232000e+01
1.232000e+01
1.232000e+01
1.232000e+01
1.232000e+01
1.232000e+01
1.232000e+01
1.232000e+01
1.232000e+01
1.232000e+01
1.232000e+01
1.232000e+01
1.232000e+01
1.232000e+01
1.232000e+01
1.232000e+01
1.232000e+01
1.232000e+01
1.232000e+01
1.232000e+01
1.232000e+01
1.232000e+01
1.232000e+01
1.232000e+01
1.232000e+01
1.232000e+01
1.232000e+01
1.232000e+01
1.232000e+01
1.232000e+01
1.525000e+01
1.525000e+01
1.525000e+01
1.525000e+01
1.525000e+01
1.525000e+01
1.525000e+01
1.525000e+01
1.525000e+01
1.525000e+01
1.525000e+01
1.525000e+01
1.525000e+01
1.525000e+01
1.525000e+01
1.525000e+01
1.525000e+01
1.525000e+01
1.525000e+01
1.525000e+01
1.525000e+01
1.525000e+01
1.525000e+01
1.525000e+01
1.525000e+01
1.525000e+01
1.525000e+01
1.525000e+01
1.525000e+01
1.525000e+01
1.525000e+01
1.525000e+01
1.525000e+01
1.525000e+01
1.525000e+01
1.525000e+01
1.525000e+01
1.525000e+01
1.525000e+01
1.525000e+01
1.525000e+01
1.525000e+01
1.525000e+01
1.525000e+01
1.525000e+01
1.525000e+01
1.525000e+01
1.525000e+01
1.525000e+01
1.525000e+01
1.525000e+01
1.525000e+01
1.525000e+01
1.525000e+01
1.525000e+01
1.525000e+01
1.525000e+01
1.525000e+01
1.525000e+01
1.525000e+01
1.525000e+01
1.525000e+01
1.525000e+01
1.525000e+01
1.525000e+01
1.525000e+01
1.525000e+01
1.525000e+01
1.525000e+01
1.525000e+01
1.252000e+01
1.252000e+01
1.452000e+01
1.452000e+01
1.941000e+01
1.941000e+01
1.941000e+01
2.295000e+01
2.295000e+01
2.450000e+01
2.450000e+01
2.604000e+01
2.604000e+01
2.604000e+01
2.695000e+01
2.695000e+01
2.695000e+01
2.695000e+01
2.891000e+01
2.891000e+01
2.891000e+01
3.051000e+01
3.051000e+01
3.256000e+01
3.256000e+01
3.151000e+01
3.151000e+01
3.151000e+01
3.188000e+01
3.188000e+01
3.251000e+01
3.251000e+01
3.216000e+01
3.216000e+01
3.216000e+01
3.233000e+01
3.233000e+01
3.233000e+01
3.233000e+01
3.247000e+01
3.247000e+01
3.247000e+01
3.282000e+01
3.282000e+01
3.308000e+01
3.308000e+01
3.322000e+01
3.322000e+01
3.322000e+01
3.279000e+01
3.279000e+01
3.291000e+01
3.291000e+01
3.295000e+01
3.295000e+01
3.295000e+01
3.320000e+01
3.320000e+01
3.351000e+01
3.351000e+01
3.351000e+01
3.351000e+01
3.351000e+01
3.345000e+01
3.345000e+01
3.481000e+01
3.481000e+01
3.323000e+01
3.323000e+01
3.323000e+01
3.458000e+01
3.458000e+01
3.455000e+01
3.455000e+01
3.536000e+01
3.536000e+01
3.536000e+01
3.472000e+01
3.472000e+01
3.394000e+01
3.394000e+01
3.553000e+01
3.553000e+01
3.553000e+01
3.533000e+01
3.533000e+01
3.533000e+01
3.533000e+01
3.575000e+01
3.575000e+01
3.575000e+01
3.642000e+01
3.642000e+01
3.642000e+01
3.642000e+01
3.229000e+01
3.229000e+01
3.229000e+01
3.229000e+01
3.229000e+01
3.229000e+01
3.229000e+01
3.229000e+01
3.229000e+01
3.229000e+01
3.633000e+01
3.633000e+01
36
36
36
36
36
3.613000e+01
3.613000e+01
3.592000e+01
3.592000e+01
3.589000e+01
3.589000e+01
3.589000e+01
3.591000e+01
3.591000e+01
3.639000e+01
3.639000e+01
3.579000e+01
3.579000e+01
3.579000e+01
3.698000e+01
3.698000e+01
3.695000e+01
3.695000e+01
3.695000e+01
