0
0
0
0
0
0
0
0
0
0
0
0
0
0
0
0
0
0
0
0
0
0
0
0
0
0
0
0
0
0
0
0
0
0
0
0
0
0
0
0
0
0
0
0
0
0
0
0
0
0
0
0
0
0
0
0
0
0
0
0
0
0
0
0
0
0
0
0
0
0
0
0
0
0
0
0
0
0
0
0
0
0
0
0
0
0
0
0
0
0
0
0
0
0
0
0
0
0
0
0
0
0
0
0
0
0
0
0
0
0
0
0
0
0
0
0
0
0
0
0
0
0
0
0
0
0
0
0
0
0
0
0
0
0
0
0
0
0
0
0
0
0
0
0
0
0
0
0
0
0
0
0
0
0
0
0
0
0
0
0
0
0
0
0
0
0
0
0
0
0
0
0
0
0
0
0
0
0
0
0
0
0
0
0
0
0
0
0
0
0
0
0
0
0
0
0
0
0
0
0
0
0
0
0
0
0
0
0
0
0
0
0
0
0
0
0
0
0
0
0
0
0
0
0
0
0
0
0
0
0
0
0
0
0
0
0
0
0
0
0
0
0
0
0
0
0
0
0
0
0
0
0
0
0
0
0
0
0
0
0
0
0
0
0
0
0
0
0
0
0
0
0
0
0
0
0
0
0
0
0
0
0
0
0
0
0
0
0
0
0
0
0
0
0
0
0
0
0
0
0
0
0
0
0
0
0
0
0
0
0
0
0
0
0
0
0
0
0
0
0
0
0
0
0
0
0
0
0
0
0
0
0
0
0
0
0
0
0
0
0
0
0
0
0
0
0
0
0
0
0
0
0
0
0
0
0
0
0
0
0
0
0
0
0
0
0
0
0
0
0
0
0
0
0
0
0
0
0
0
0
0
0
0
0
0
0
0
0
0
0
0
0
0
0
0
0
0
0
0
0
0
0
0
0
0
0
0
0
0
0
0
0
0
0
0
0
0
0
0
0
0
0
0
0
0
0
0
0
0
0
0
0
0
0
0
0
0
0
0
0
0
0
0
0
0
0
0
0
0
0
0
0
0
0
0
0
0
0
0
0
0
0
0
0
0
0
0
0
0
0
0
0
0
0
0
0
0
0
0
0
0
0
0
0
0
0
0
0
0
0
0
0
0
0
0
0
0
0
0
0
0
0
0
0
0
0
0
0
0
0
0
0
0
0
0
0
0
0
0
0
0
0
0
0
0
0
0
0
0
0
0
0
0
0
0
0
0
0
0
0
0
0
0
0
0
0
0
0
0
0
0
0
0
0
0
0
0
0
0
0
0
0
0
0
0
0
0
0
0
0
0
0
0
0
0
0
0
0
0
0
0
0
0
0
0
0
0
0
0
0
0
0
0
0
0
0
0
0
0
0
0
0
0
0
0
0
0
0
0
0
0
0
0
0
0
0
0
0
0
0
0
0
0
0
0
0
0
0
0
0
0
0
0
0
0
0
0
0
0
0
0
0
0
0
0
0
0
0
0
0
0
0
0
0
0
0
0
0
0
0
0
0
0
0
0
0
0
0
0
0
0
0
0
0
0
0
0
0
0
0
0
0
0
0
0
0
0
0
0
0
0
0
0
0
0
0
0
679
639
654
641
701
659
679
659
604
604
639
572
530
572
557
483
468
483
462
483
505
530
505
500
434
453
453
453
453
443
426
401
472
443
453
435
483
453
491
491
435
453
453
517
494
452
452
517
472
453
435
472
472
435
435
435
375
443
443
410
410
395
375
329
356
472
435
395
483
530
462
368
362
334
310
302
315
375
368
310
472
319
279
315
319
265
324
286
319
279
253
298
539
339
329
222
217
209
222
224
226
241
211
209
217
207
205
375
375
375
375
213
279
209
231
207
211
222
272
181
192
375
286
205
233
233
233
162
147
167
146
172
286
137
141
310
557
160
160
176
157
170
205
161
159
164
145
236
143
175
178
114
132
142
164
173
160
129
253
155
159
134
164
241
244
172
167
159
167
205
213
191
128
128
181
178
135
135
118
118
167
146
142
194
155
319
139
139
320
167
136
118
119
133
213
102
199
151
141
145
145
151
158
131
145
145
145
153
162
184
157
114
111
120
725
198
625
494
490
490
107
107
464
184
184
222
112
121
242
226
133
178
191
162
494
184
184
184
184
151
167
153
106
106
108
70
272
279
256
102
99
92
91
340
329
306
91
89
151
112
91
110
114
91
94
50
84
80
86
81
45
47
56
75
57
57
53
85
85
85
282
152
148
152
98
101
183
155
138
144
107
134
150
163
265
111
115
119
82
94
111
74
160
172
132
129
140
118
118
139
131
143
121
185
167
122
167
234
108
165
90
121
120
101
109
111
132
134
124
158
134
145
155
108
154
118
142
142
149
141
109
191
125
113
101
126
103
123
134
140
116
137
137
134
107
128
153
101
140
164
97
125
68
144
122
143
1.227000e+02
1.223118e+02
1.219235e+02
94
98
101
84
84
84
74
69
66
93
93
93
93
90
76
77
69
99
99
99
88
92
91
113
272
272
272
96
96
96
96
228
228
228
228
247
247
138
138
138
138
136
122
126
124
109
114
110
113
101
114
99
100
99
127
107
106
90
113
95
102
101
118
118
64
95
98
98
98
92
88
83
138
101
101
101
79
85
77
77
70
70
70
69
64
71
71
68
68
68
79
75
99
86
96
96
96
75
68
120
125
123
123
123
123
96
96
83
82
82
82
61
80
80
77
77
77
77
69
95
101
99
85
85
85
87
80
375
134
116
116
116
52
96
155
139
85
85
85
128
92
80
81
116
116
116
58
48
42
70
70
70
70
78
51
95
83
79
79
79
118
120
70
66
66
66
66
66
88
68
65
85
85
85
85
49
77
53
56
56
56
60
60
60
60
51
51
51
34
56
44
33
41
41
41
32
26
26
26
40
40
40
42
66
47
51
40
40
40
83
26
29
29
33
33
33
15
15
15
21
14
14
14
15
14
14
17
12
12
12
12
24
19
19
19
19
19
19
22
25
25
25
25
25
20
20
15
29
12
12
12
13
15
18
18
18
18
18
14
25
25
25
22
22
22
22
22
22
22
22
22
22
24
120
22
18
19
19
19
27
31
31
24
24
24
24
26
26
26
31
30
30
30
23
25
25
25
25
25
25
25
25
25
25
25
25
25
25
25
25
25
25
25
25
25
25
25
25
25
25
25
126
122
130
130
130
130
130
130
130
126
126
126
126
126
124
124
124
124
124
124
124
20
20
20
120
53
53
53
52
50
50
50
52
52
52
48
44
97
69
109
109
109
247
171
171
171
178
178
178
68
45
75
89
130
130
130
149
149
149
135
135
135
135
135
114
73
89
102
102
102
92
92
92
92
92
92
92
53
53
59
52
53
53
53
78
82
82
82
82
82
82
82
82
68
128
128
128
128
146
112
112
112
162
162
162
157
393
369
372
358
358
358
206
151
151
151
151
151
151
205
151
141
142
138
138
138
137
375
375
375
375
375
375
294
290
292
290
340
340
340
328
328
328
328
328
328
328
328
10
15
19
26
26
26
26
26
26
26
26
26
26
59
59
59
63
63
63
63
63
63
63
63
63
63
63
70
70
70
70
44
44
44
56
56
56
56
56
56
56
91
91
91
91
87
87
87
91
91
91
91
91
91
91
91
91
91
91
91
91
91
91
91
100
100
100
100
100
100
100
26
26
30
30
30
205
205
205
205
205
205
205
152
152
147
147
138
138
138
127
127
138
138
138
138
138
127
127
122
122
122
122
122
120
120
122
122
122
122
122
122
122
114
114
112
112
112
110
110
114
114
122
122
122
122
122
122
122
122
122
122
122
122
122
122
122
122
122
198
198
192
192
204
204
204
192
192
192
192
103
103
103
191
191
191
191
97
97
97
188
188
188
188
188
188
188
188
188
114
114
114
114
114
114
114
114
114
120
120
120
91
91
91
91
10
10
10
126
126
114
114
110
110
110
114
114
114
114
114
114
114
114
114
114
114
80
80
80
80
80
80
80
80
80
80
80
80
80
80
80
80
80
80
80
80
80
375
375
375
372
372
372
372
71
71
71
60
60
60
60
52
52
52
48
48
48
48
372
372
372
367
367
58
58
58
58
58
56
56
56
56
56
56
56
62
62
60
60
60
60
60
52
52
52
52
52
52
52
60
60
60
60
60
60
60
71
71
71
71
71
71
71
71
71
71
71
71
71
71
70
70
70
70
70
70
70
68
68
68
68
68
68
68
113
113
89
89
92
92
92
87
87
87
87
87
87
87
87
87
87
87
167
167
167
160
160
160
160
160
160
160
152
152
152
152
152
152
152
150
150
150
150
150
150
150
63
63
63
63
60
60
60
60
60
60
60
60
60
60
60
60
60
60
60
60
60
60
60
60
60
60
60
60
60
60
60
60
60
60
60
60
60
60
60
60
60
60
60
60
60
60
60
60
60
60
60
60
60
60
60
60
60
60
60
60
60
60
60
217
217
217
217
217
217
217
204
204
238
238
232
232
232
230
230
230
230
230
230
230
230
230
286
286
280
280
280
266
266
266
266
266
266
266
266
266
278
278
270
270
270
270
270
270
270
270
270
270
121
121
148
148
148
148
148
148
148
148
148
148
148
148
148
148
148
148
148
148
148
148
148
148
148
148
148
148
148
148
148
148
148
148
148
148
148
148
148
148
148
148
148
148
148
148
148
148
148
148
148
148
148
148
148
148
148
148
148
148
148
148
148
148
148
148
148
148
148
148
148
148
148
148
148
148
148
148
148
148
148
148
148
148
148
148
148
148
148
148
148
148
148
148
148
148
148
148
148
148
148
148
148
148
148
148
148
148
148
148
148
148
148
148
148
148
148
148
148
148
148
148
148
148
148
148
148
148
148
148
148
148
148
148
148
148
148
148
148
148
148
148
148
148
148
148
148
148
148
148
148
148
148
148
148
148
148
148
148
148
148
148
148
148
148
148
148
148
148
148
148
148
148
148
148
148
148
148
148
148
148
148
148
148
148
148
148
148
148
148
148
148
148
148
148
148
148
148
148
148
148
148
148
148
148
148
148
148
148
148
148
148
148
148
148
148
148
148
148
148
148
148
148
148
148
148
148
148
148
148
148
148
148
148
148
148
148
148
148
148
148
148
148
148
148
148
148
148
148
148
148
148
148
148
148
148
148
148
148
148
148
148
148
148
148
148
148
148
148
148
148
148
148
148
148
148
148
148
148
148
148
148
148
148
148
148
148
148
148
148
148
148
148
148
148
148
148
148
148
148
148
148
148
148
148
148
148
148
148
148
148
148
148
148
148
148
148
148
148
148
148
148
148
148
148
148
148
148
148
148
148
148
148
148
148
148
148
148
148
148
148
148
148
148
148
148
148
148
148
148
148
148
148
148
148
148
148
148
148
148
148
148
148
148
148
148
148
148
148
148
148
148
148
148
148
148
148
148
148
148
148
148
148
148
148
148
148
148
148
148
148
148
148
148
148
148
148
148
148
148
148
148
148
148
148
148
148
148
148
148
148
148
148
148
148
148
148
148
148
148
148
148
148
148
148
148
148
148
148
148
148
148
148
148
148
148
148
148
148
148
148
148
148
148
148
148
148
148
148
148
148
148
148
148
148
148
148
148
148
148
148
148
148
148
148
148
148
148
148
148
148
148
148
148
148
148
148
148
148
148
148
148
148
148
148
148
148
148
148
148
148
148
148
148
148
148
148
148
148
148
148
148
148
148
148
148
148
148
148
148
148
148
148
148
148
148
148
148
148
148
148
148
148
148
148
148
148
148
148
148
148
148
148
148
148
148
148
148
148
148
148
148
148
148
148
148
148
148
148
148
148
148
148
148
148
148
148
148
148
148
148
148
148
148
148
148
148
148
148
148
148
148
148
148
148
148
148
148
148
148
148
148
148
148
148
148
148
148
148
148
148
148
148
148
148
148
148
148
148
148
148
148
148
148
148
148
148
148
148
148
148
148
148
148
148
148
148
148
148
148
148
148
148
148
148
148
148
148
148
148
148
148
148
148
148
148
148
148
148
148
148
148
148
148
148
148
148
148
148
148
148
148
148
148
148
148
148
148
148
148
148
148
148
148
148
148
148
148
148
148
148
148
148
148
148
148
148
148
148
148
148
148
148
148
148
148
148
148
148
148
148
148
148
148
148
40
40
40
40
40
40
40
70
70
70
70
70
72
72
72
72
72
72
72
72
72
72
72
70
70
70
70
70
70
70
70
70
70
70
70
70
70
70
70
70
40
40
40
40
40
40
40
40
40
38
38
38
38
38
40
40
40
40
40
40
40
40
40
40
40
40
40
40
46
46
46
46
46
46
46
48
48
48
48
48
48
48
50
50
50
50
50
50
50
50
50
50
50
50
50
50
50
50
50
50
50
50
50
50
50
50
50
50
50
50
48
48
48
48
48
48
48
48
48
48
48
50
50
50
50
50
50
50
50
