0
0
0
0
0
0
0
0
0
0
0
0
0
0
0
0
0
0
0
0
0
0
0
0
0
0
0
0
0
0
0
0
0
0
0
0
0
0
0
0
0
0
0
0
0
0
0
0
0
0
0
0
0
0
0
0
0
0
0
0
0
0
0
0
0
0
0
0
0
0
0
0
0
0
0
0
0
0
0
0
0
0
0
0
0
0
0
0
0
0
0
0
0
0
0
0
0
0
0
0
0
0
0
0
0
0
0
0
0
0
0
0
0
0
0
0
0
0
0
0
0
0
0
0
0
0
0
0
0
0
0
0
0
0
0
0
0
0
0
0
0
0
0
0
0
0
0
0
0
0
0
0
0
0
0
0
0
0
0
0
0
0
0
0
0
0
0
0
0
0
0
0
0
0
0
0
0
0
0
0
0
0
0
0
0
0
0
0
0
0
0
0
0
0
0
0
0
0
0
0
0
0
0
0
0
0
0
0
0
0
0
0
0
0
0
0
0
0
0
0
0
0
0
0
0
0
0
0
0
0
0
0
0
0
0
0
0
0
0
0
0
0
0
0
0
0
0
0
0
0
0
0
0
0
0
0
0
0
0
0
0
0
0
0
0
0
0
0
0
0
0
0
0
0
0
0
0
0
0
0
0
0
0
0
0
0
0
0
0
0
0
0
0
0
0
0
0
0
0
0
0
0
0
0
0
0
0
0
0
0
0
0
0
0
0
0
0
0
0
0
0
0
0
0
0
0
0
0
0
0
0
0
0
0
0
0
0
0
0
0
0
0
0
0
0
0
0
0
0
0
0
0
0
0
0
0
0
0
0
0
0
0
0
0
0
0
0
0
0
0
0
0
0
0
0
0
0
0
0
0
0
0
0
0
0
0
0
0
0
0
0
0
0
0
0
0
0
0
0
0
0
0
0
0
0
0
0
0
0
0
0
0
0
0
0
0
0
0
0
0
0
0
0
0
0
0
0
0
0
0
0
0
0
0
0
0
0
0
0
0
0
0
0
0
0
0
0
0
0
0
0
0
0
0
0
0
0
0
0
0
0
0
0
0
0
0
0
0
0
0
0
0
0
0
0
0
0
0
0
0
0
0
0
0
0
0
0
0
0
0
0
0
0
0
0
0
0
0
0
0
0
0
0
0
0
0
0
0
0
0
0
0
0
0
0
0
0
0
0
0
0
0
0
0
0
0
0
0
0
0
0
0
0
0
0
0
0
0
0
0
0
0
0
0
0
0
0
0
0
0
0
0
0
0
0
0
0
0
0
0
0
0
0
0
0
0
0
0
0
0
0
0
0
0
0
0
0
0
0
0
0
0
0
0
0
0
0
0
0
0
0
0
0
0
0
0
0
0
0
0
0
0
0
0
0
0
0
0
0
0
0
0
0
0
0
0
0
0
0
0
0
0
0
0
0
0
0
0
0
0
0
0
0
0
0
0
0
0
0
0
0
0
0
0
0
0
0
0
0
0
0
0
0
0
0
0
0
0
0
0
0
0
0
0
0
0
0
0
0
0
0
0
0
0
0
0
0
0
0
0
0
0
0
0
0
0
0
0
0
0
0
0
725
725
724
724
724
836
855
863
851
836
884
776
805
776
776
724
805
836
898
906
876
868
997
899
953
1035
1076
1181
1181
1086
1194
1309
1265
1266
1349
1297
1037
1315
1339
1281
1335
1312
1324
1278
1282
1297
1276
1276
1494
1494
1565
1581
1564
1552
1679
1673
1782
1725
1692
1692
1692
1664
1643
1661
1.521020e+03
1613
1629
1648
1651
1699
1667
1647
1334
1372
1383
1383
1581
1482
1591
1730
1711
1969
1918
1851
1714
1509
1438
1438
1405
1381
1401
1437
1404
1417
1462
1394
1410
1420
1387
1421
1401
1872
1487
1424
1393
1394
1407
1358
1357
1381
1367
1360
1321
1321
1321
1321
1409
1374
1367
1271
1274
1269
1239
1239
1221
1188
1217
1164
1217
1210
1210
1210
1184
1191
1199
1197
1172
1238
863
838
810
828
817
793
787
1087
1115
794
778
773
745
741
756
722
732
728
724
765
992
754
729
698
728
724
703
721
711
724
718
657
689
703
697
670
672
692
692
668
984
993
997
707
592
692
646
647
647
645
626
634
626
621
620
633
626
611
619
601
616
606
607
597
596
667
591
595
588
559
486
601
601
601
571
588
581
579
600
592
601
558
555
500
568
480
480
551
551
433
554
554
537
540
539
532
532
533
522
299
302
528
532
532
532
375
460
552
529
539
539
496
521
485
462
410
503
488
489
520
503
483
491
476
473
473
477
474
454
483
482
486
481
478
472
492
489
481
399
454
470
476
476
468
472
472
472
796
797
801
791
770
591
734
846
836
854
827
740
831
829
530
868
880
837
930
865
889
850
864
870
517
505
514
492
460
413
437
426
417
390
482
435
459
1003
818
956
964
875
933
880
872
871
867
900
795
941
885
798
880
904
825
944
913
903
903
900
892
856
866
861
851
872
897
838
808
849
807
844
838
892
906
738
815
833
724
835
716
843
814
776
746
793
7.698831e+02
7.656294e+02
781
769
848
747
780
780
780
897
952
821
807
839
839
839
852
880
757
887
887
887
887
776
7.748600e+02
781
743
654
654
654
830
830
830
830
841
841
841
841
635
782
720
752
752
752
1223
959
884
393
1171
1213
1308
768
1311
1214
1087
1087
1087
990
453
351
294
453
453
453
453
453
453
438
988
906
906
906
869
403
375
535
340
340
340
330
341
320
320
320
320
320
320
341
333
333
281
281
281
906
908
988
952
952
952
952
908
908
435
422
419
419
419
419
473
473
578
560
560
560
362
353
353
381
381
381
381
343
322
328
328
371
371
371
456
446
448
432
473
473
473
362
302
455
509
604
604
604
461
581
470
481
446
446
446
394
430
413
434
410
410
410
406
418
435
505
412
412
412
409
354
451
422
422
422
422
422
366
410
414
434
434
434
434
371
377
293
276
276
276
317
317
317
317
281
281
281
263
277
268
268
265
265
265
253
279
279
279
263
263
263
273
128
131
135
138
138
138
263
261
276
276
245
245
245
197
197
197
167
251
251
251
254
251
250
105
227
227
227
227
182
239
239
239
239
239
246
247
252
252
252
252
252
200
221
255
264
271
271
271
168
215
230
230
230
230
230
253
253
264
264
262
262
262
258
258
258
258
253
253
253
263
249
221
252
214
214
214
247
249
249
224
224
224
224
207
253
253
215
2.350000e+01
2.350000e+01
2.350000e+01
302
204
235
235
235
235
235
239
239
224
245
232
232
232
247
247
247
247
247
247
247
207
236
236
234
234
234
234
217
231
233
233
233
233
233
228
225
236
236
236
236
236
236
236
236
236
236
236
236
236
236
236
338
297
297
297
148
211
211
211
256
256
256
256
98
98
84
245
245
245
249
250
250
250
250
250
250
199
267
351
325
306
306
306
306
306
306
306
306
306
306
306
311
311
311
302
302
302
276
276
276
276
276
276
276
279
279
279
270
340
340
340
340
311
311
311
311
311
311
311
311
265
262
262
262
262
262
272
272
272
272
272
272
254
286
282
265
267
267
267
275
253
253
272
272
272
272
269
286
288
278
270
270
270
280
259
259
259
259
259
259
286
282
282
298
259
259
259
250
250
250
250
250
250
250
250
265
251
264
262
262
262
268
268
268
268
268
268
268
178
178
178
158
158
158
158
158
158
158
158
158
158
158
166
166
166
166
265
265
265
260
260
260
260
260
260
260
217
217
217
217
196
196
196
242
242
242
242
242
242
242
242
242
242
242
242
242
242
242
242
318
318
318
318
318
318
318
318
318
318
318
318
318
318
318
318
318
318
318
318
318
318
318
318
318
318
318
318
318
318
318
318
318
318
318
318
318
318
318
318
318
318
318
318
318
318
318
318
318
318
318
318
318
318
318
318
318
318
318
318
318
318
318
318
318
318
318
318
318
318
318
318
318
318
318
318
318
318
318
318
318
318
318
318
318
318
318
318
318
318
318
318
318
318
318
318
318
318
318
318
318
318
318
318
318
318
318
318
318
318
318
318
318
318
318
318
318
318
318
318
318
318
318
318
318
318
318
318
318
318
318
318
318
318
318
318
318
318
318
318
318
318
318
318
318
318
318
318
318
318
318
318
318
318
318
318
318
318
318
318
318
318
318
318
318
318
318
318
318
318
318
318
318
318
318
318
318
318
318
318
318
318
318
318
241
241
241
248
248
272
272
272
272
272
258
258
258
258
258
258
258
258
258
258
258
258
258
258
258
258
258
258
258
258
258
258
258
258
258
258
258
258
258
258
258
258
258
258
258
258
258
258
258
258
258
258
258
258
258
258
258
258
258
258
258
258
258
258
258
258
258
258
258
258
258
258
258
258
258
258
258
258
258
258
258
258
258
258
258
258
258
258
258
258
258
258
258
258
258
258
258
258
258
258
258
258
258
258
258
258
258
258
258
258
258
258
258
258
258
258
258
258
258
258
258
258
258
258
258
258
258
258
258
250
250
250
250
250
250
250
250
250
237
237
237
237
237
237
237
237
237
237
237
237
237
237
237
237
237
237
237
237
237
237
237
237
237
237
237
237
237
237
237
237
237
294
294
294
294
294
294
294
308
308
326
326
320
320
320
320
320
320
320
320
320
320
320
320
302
302
288
288
288
298
298
298
298
298
298
298
298
298
187
187
180
180
180
180
180
180
180
180
180
180
362
362
344
344
344
344
344
344
344
344
344
344
344
344
344
344
322
322
322
322
322
322
322
322
322
322
322
322
322
322
322
322
322
322
322
322
322
322
322
322
322
322
322
322
322
322
322
322
322
322
311
311
311
311
311
311
311
311
311
311
311
311
311
286
286
286
286
286
286
286
270
270
262
262
278
278
278
264
264
264
264
264
264
264
260
260
260
260
284
284
284
222
222
222
222
222
222
222
222
222
234
234
234
234
234
234
234
234
234
234
234
234
234
234
234
234
234
234
234
234
234
234
234
234
234
234
247
247
247
247
238
238
238
238
238
238
238
238
238
238
226
226
217
217
211
211
211
211
211
211
211
211
211
211
187
187
195
195
195
195
195
195
195
195
195
195
195
195
195
195
211
211
196
196
196
196
196
190
190
190
190
190
190
190
205
205
198
198
198
202
202
202
202
202
202
202
272
272
250
250
262
262
262
204
204
204
204
204
204
204
265
265
232
232
211
211
211
259
259
259
259
213
213
213
213
213
213
213
213
213
213
213
213
213
213
213
213
213
226
226
191
191
191
191
191
186
186
186
186
186
186
186
186
186
186
186
186
186
186
186
186
186
186
186
186
186
184
184
172
172
172
172
172
172
172
172
172
172
172
172
170
170
164
164
178
178
178
172
172
172
172
172
172
172
177
177
177
177
184
184
184
195
195
195
195
195
195
195
174
174
178
178
180
180
180
174
174
174
174
174
174
174
217
217
210
210
212
212
212
204
204
204
204
204
204
204
204
204
170
170
170
170
170
170
170
203
203
203
203
203
203
203
191
191
182
182
182
95
95
95
95
95
95
95
95
95
95
95
95
95
95
95
95
95
95
95
95
95
95
95
95
95
95
95
95
95
95
95
95
95
95
95
95
95
95
95
95
95
95
95
95
95
95
95
95
95
95
95
95
95
95
95
95
95
95
95
95
95
95
95
95
95
95
95
95
95
95
95
95
95
95
95
95
95
95
95
95
95
95
95
95
95
95
95
95
95
95
95
95
95
95
95
95
95
95
95
95
95
95
95
95
95
95
95
95
95
95
95
95
95
95
95
95
95
95
95
95
95
95
95
95
95
95
95
95
95
95
95
95
95
95
95
95
95
95
95
95
95
95
95
95
95
95
95
95
95
95
95
95
95
95
95
95
95
95
95
95
95
95
95
95
95
95
95
95
95
95
95
95
95
95
95
95
95
95
95
95
95
95
95
95
95
95
95
95
95
95
95
95
95
95
95
95
95
95
95
95
95
95
95
95
95
95
95
95
95
95
95
95
130
130
130
130
130
130
130
130
130
130
130
130
162
162
162
162
162
162
162
147
147
147
147
147
147
147
147
147
147
147
147
147
147
120
120
120
120
120
120
120
222
222
222
222
211
211
211
211
211
211
211
211
211
211
211
211
230
230
230
230
230
230
230
230
230
230
230
230
230
230
230
230
230
230
230
230
230
230
230
230
230
230
230
230
230
230
230
230
230
230
230
230
230
230
230
230
230
230
230
230
230
230
230
230
230
230
230
230
230
230
230
230
230
230
230
230
230
230
230
230
230
230
230
230
230
230
286
286
286
286
286
286
286
272
272
272
272
272
265
265
265
265
265
265
265
265
265
265
265
248
248
248
248
248
248
248
248
248
248
248
248
248
248
248
248
248
226
226
226
226
226
226
226
226
226
228
228
228
228
228
232
232
232
232
232
232
232
232
232
232
232
216
216
216
225
225
225
225
225
225
225
230
230
230
230
230
230
230
217
217
217
217
217
217
217
217
217
217
217
217
217
217
217
217
217
217
217
217
217
217
217
217
217
217
217
217
211
211
211
211
211
211
211
211
211
211
211
198
198
198
198
198
198
198
198
