0
0
0
0
0
0
0
0
0
0
0
0
0
0
0
0
0
0
0
0
0
0
0
0
0
0
0
0
0
0
0
0
0
0
0
0
0
0
0
0
0
0
0
0
0
0
0
0
0
0
0
0
0
0
0
0
0
0
0
0
0
0
0
0
0
0
0
0
0
0
0
0
0
0
0
0
0
0
0
0
0
0
0
0
0
0
0
0
0
0
0
0
0
0
0
0
0
0
0
0
0
0
0
0
0
0
0
0
0
0
0
0
0
0
0
0
0
0
0
0
0
0
0
0
0
0
0
0
0
0
0
0
0
0
0
0
0
0
0
0
0
0
0
0
0
0
0
0
0
0
0
0
0
0
0
0
0
0
0
0
0
0
0
0
0
0
0
0
0
0
0
0
0
0
0
0
0
0
0
0
0
0
0
0
0
0
0
0
0
0
0
0
0
0
0
0
0
0
0
0
0
0
0
0
0
0
0
0
0
0
0
0
0
0
0
0
0
0
0
0
0
0
0
0
0
0
0
0
0
0
0
0
0
0
0
0
0
0
0
0
0
0
0
0
0
0
0
0
0
0
0
0
0
0
0
0
0
0
0
0
0
0
0
0
0
0
0
0
0
0
0
0
0
0
0
0
0
0
0
0
0
0
0
0
0
0
0
0
0
0
0
0
0
0
0
0
0
0
0
0
0
0
0
0
0
0
0
0
0
0
0
0
0
0
0
0
0
0
0
0
0
0
0
0
0
0
0
0
0
0
0
0
0
0
0
0
0
0
0
0
0
0
0
0
0
0
0
0
0
0
0
0
0
0
0
0
0
0
0
0
0
0
0
0
0
0
0
0
0
0
0
0
0
0
0
0
0
0
0
0
0
0
0
0
0
0
0
0
0
0
0
0
0
0
0
0
0
0
0
0
0
0
0
0
0
0
0
0
0
0
0
0
0
0
0
0
0
0
0
0
0
0
0
0
0
0
0
0
0
0
0
0
0
0
0
0
0
0
0
0
0
0
0
0
0
0
0
0
0
0
0
0
0
0
0
0
0
0
0
0
0
0
0
0
0
0
0
0
0
0
0
0
0
0
0
0
0
0
0
0
0
0
0
0
0
0
0
0
0
0
0
0
0
0
0
0
0
0
0
0
0
0
0
0
0
0
0
0
0
0
0
0
0
0
0
0
0
0
0
0
0
0
0
0
0
0
0
0
0
0
0
0
0
0
0
0
0
0
0
0
0
0
0
0
0
0
0
0
0
0
0
0
0
0
0
0
0
0
0
0
0
0
0
0
0
0
0
0
0
0
0
0
0
0
0
0
0
0
0
0
0
0
0
0
0
0
0
0
0
0
0
0
0
0
0
0
0
0
0
0
0
0
0
0
0
0
0
0
0
0
0
0
0
0
0
0
0
0
0
0
0
0
0
0
0
0
0
0
0
0
0
0
0
0
0
0
0
0
0
0
0
0
0
0
0
0
0
0
0
0
0
0
0
0
0
0
0
0
0
0
0
0
0
0
0
0
0
0
0
0
0
0
0
0
0
0
0
0
0
0
0
0
0
0
0
0
0
0
0
0
0
0
3.660000e+00
3.380000e+00
3.260000e+00
7.000000e-01
1.800000e-01
3.450000e+00
3.510000e+00
4.370000e+00
5.470000e+00
6.950000e+00
8.060000e+00
1.003000e+01
1.118000e+01
1.153000e+01
1.205000e+01
1.214000e+01
1.250000e+01
1.448000e+01
1.492000e+01
1.513000e+01
1.684000e+01
1.809000e+01
1.809000e+01
2.028000e+01
2.132000e+01
2.432000e+01
2.637000e+01
3.244000e+01
3.522000e+01
3.717000e+01
4.047300e+01
4.845000e+01
5.749000e+01
6.130000e+01
7.027000e+01
7.568000e+01
71
7.909000e+01
8.303000e+01
8.419000e+01
9.237000e+01
9.369000e+01
9.776000e+01
9.987000e+01
1.030500e+02
1.013100e+02
1.039200e+02
1.200500e+02
5.799000e+01
1.131600e+02
3.037000e+01
9.834000e+01
1.475000e+02
1.543200e+02
1.669800e+02
1.723200e+02
1.562900e+02
1.005800e+02
1.901400e+02
1.901400e+02
1.901400e+02
2.209700e+02
2.266100e+02
2.271600e+02
2.209300e+02
2.448500e+02
2.581800e+02
2.529500e+02
2.429400e+02
2.504100e+02
2.528700e+02
2.586500e+02
2.699400e+02
2.810500e+02
3.014100e+02
2.888100e+02
1.914600e+02
3.299400e+02
3.121500e+02
1.271200e+02
1.133900e+02
9.402000e+01
1.374200e+02
2.657100e+02
2.270400e+02
1.986900e+02
4.028400e+02
4.075700e+02
3.976700e+02
3.919300e+02
3.905900e+02
3.878200e+02
3.877700e+02
3.834900e+02
3.853500e+02
3.795700e+02
3.756100e+02
3.771900e+02
3.799200e+02
3.793100e+02
3.763500e+02
3.815400e+02
3.664000e+02
4.000300e+02
3.993300e+02
3.998100e+02
4.006500e+02
3.948500e+02
3.960600e+02
3.956700e+02
3.956900e+02
4.002500e+02
3.971500e+02
3.955400e+02
3.955400e+02
2.151500e+02
3.540700e+02
3.684100e+02
3.910500e+02
3.953300e+02
3.970500e+02
3.994400e+02
4.016200e+02
4.006100e+02
3.999300e+02
3.941100e+02
3.935200e+02
3.947000e+02
4.091600e+02
4.086000e+02
4.086000e+02
4.010200e+02
4.088000e+02
4.041100e+02
4.036500e+02
4.107200e+02
4.118500e+02
4.108900e+02
4.214100e+02
4.265600e+02
4.270200e+02
4.316800e+02
4.309000e+02
4.313000e+02
4.297200e+02
4.302500e+02
4.324700e+02
4.410900e+02
4.308100e+02
4.282200e+02
4.271900e+02
4.234800e+02
4.206700e+02
4.193700e+02
4.204800e+02
4.220600e+02
4.163000e+02
4.143900e+02
4.126000e+02
4.173100e+02
4.192200e+02
4.200300e+02
4.211600e+02
4.204900e+02
4.163900e+02
4.186300e+02
4.226300e+02
4.204900e+02
4.237100e+02
4.266100e+02
4.264700e+02
4.278600e+02
4.302500e+02
4.324200e+02
4.306300e+02
4.364500e+02
4.379500e+02
4.334200e+02
4.248900e+02
4.198900e+02
4.262600e+02
4.350500e+02
4.393900e+02
4.343600e+02
4.355800e+02
4.331300e+02
4.349600e+02
4.391000e+02
4.425400e+02
4.367200e+02
4.368500e+02
4.371000e+02
4.388200e+02
4.340800e+02
4.262600e+02
4.397000e+02
4.474900e+02
4.479400e+02
4.413500e+02
4.479400e+02
4.565300e+02
4.631500e+02
4.654000e+02
4.575800e+02
4.514700e+02
4.477100e+02
4.557400e+02
4.529900e+02
4.503500e+02
4.481500e+02
4.481500e+02
4.481500e+02
4.549600e+02
4.559400e+02
4.580700e+02
4.583700e+02
4.556000e+02
4.680100e+02
4.551900e+02
4.582900e+02
4.545300e+02
4.661200e+02
4.647200e+02
4.641500e+02
4.641500e+02
4.598100e+02
4.588000e+02
4.654000e+02
4.660300e+02
4.660300e+02
4.602500e+02
4.636500e+02
4.660100e+02
4.714700e+02
4.676200e+02
4.662900e+02
4.646800e+02
4.623900e+02
4.636600e+02
4.595400e+02
4.560800e+02
4.560800e+02
4.560800e+02
4.573600e+02
4.661600e+02
4.565200e+02
4.444500e+02
4.486900e+02
4.486900e+02
4.407900e+02
4.271100e+02
4.331300e+02
4.345700e+02
4.432800e+02
4.430800e+02
4.441800e+02
4.412100e+02
4.446200e+02
4.556800e+02
4.569000e+02
4.469900e+02
4.514500e+02
4.436600e+02
4.363300e+02
4.386900e+02
4.452400e+02
4.457400e+02
4.439200e+02
4.454600e+02
4.505400e+02
4.536400e+02
4.594500e+02
4.656000e+02
4.698700e+02
4.659800e+02
4.640400e+02
4.659300e+02
4.685200e+02
4.698600e+02
4.680400e+02
4.660400e+02
4.709000e+02
4.726800e+02
4.726800e+02
4.726800e+02
4.646000e+02
4.603700e+02
4.638000e+02
4.522600e+02
4.490800e+02
4.413900e+02
4.661900e+02
4.686600e+02
4.596700e+02
4.635600e+02
4.765600e+02
4.624800e+02
4.674840e+02
4.647400e+02
4.692200e+02
4.669700e+02
4.989000e+02
5.751500e+02
5.541500e+02
5.474700e+02
5.415700e+02
5.408600e+02
5.374700e+02
5.378500e+02
5.360500e+02
5.784900e+02
6.332500e+02
6.286600e+02
6.533700e+02
6.562500e+02
6.545100e+02
6.631400e+02
6.688000e+02
6.661700e+02
6.706800e+02
6.775000e+02
6.766300e+02
6.830800e+02
6.771000e+02
6.752100e+02
6.759100e+02
6.816700e+02
6.775200e+02
6.791500e+02
5.780500e+02
6.771700e+02
6.696000e+02
6.707900e+02
6.707700e+02
6.826200e+02
6.710500e+02
6.607500e+02
6.647400e+02
6.627900e+02
6.623800e+02
6.850200e+02
6.995800e+02
6.802800e+02
6.615300e+02
6.584200e+02
6.534300e+02
6.432500e+02
6.415100e+02
6.416500e+02
6.409800e+02
6.461700e+02
6.441900e+02
6.412300e+02
657
6.675500e+02
6.584000e+02
6.564100e+02
6.412300e+02
6.534300e+02
6.567900e+02
6.570100e+02
6.527000e+02
6.451600e+02
6.405900e+02
6.344700e+02
6.247000e+02
6.249100e+02
6.243200e+02
6.159100e+02
5.997700e+02
6.289900e+02
6.262488e+02
6.250828e+02
6.091800e+02
6.259500e+02
6.349700e+02
6.261100e+02
6.041900e+02
6.041900e+02
6.041900e+02
6.134800e+02
6.081800e+02
6.024600e+02
5.956600e+02
5.997100e+02
5.997100e+02
5.997100e+02
5.881000e+02
5.835300e+02
5.781100e+02
5.788800e+02
5.785200e+02
5.785200e+02
5.785200e+02
5.620300e+02
5.622300e+02
5.627300e+02
5.627700e+02
5.684600e+02
5.684600e+02
5.684600e+02
5.775800e+02
5.775800e+02
5.775800e+02
5.669000e+02
5.701700e+02
5.701700e+02
5.701700e+02
5.701700e+02
5.623100e+02
5.635200e+02
5.697600e+02
5.716200e+02
5.716200e+02
5.716200e+02
6.266200e+02
6.168000e+02
6.000800e+02
5.971300e+02
5.918800e+02
5.932100e+02
5.997100e+02
5.995900e+02
6.054500e+02
6.105800e+02
518
5.748500e+02
5.988800e+02
4.473000e+02
5.745500e+02
5.760800e+02
5.743500e+02
5.762200e+02
5.494500e+02
5.364000e+02
5.774300e+02
5.791800e+02
5.791800e+02
5.695900e+02
5.763200e+02
5.379700e+02
5.379700e+02
5.379700e+02
1.052100e+02
2.533700e+02
2.701700e+02
2.751900e+02
2.839500e+02
2.839500e+02
2.839500e+02
9.258000e+01
2.679600e+02
2.719400e+02
2.719400e+02
2.814500e+02
2.814500e+02
2.814500e+02
2.775900e+02
2.750500e+02
2.641500e+02
2.559800e+02
2.498300e+02
2.498300e+02
2.498300e+02
1.025600e+02
2.489200e+02
2.759200e+02
2.734400e+02
2.677600e+02
2.677600e+02
2.677600e+02
2.402100e+02
2.702600e+02
2.945000e+02
2.711700e+02
2.574700e+02
2.574700e+02
2.574700e+02
1.134900e+02
4.064000e+02
4.673900e+02
2.685200e+02
2.716100e+02
2.716100e+02
2.716100e+02
2.847200e+02
4.800300e+02
4.800300e+02
5.235200e+02
5.363500e+02
5.363500e+02
5.363500e+02
5.659000e+02
5.593500e+02
5.398100e+02
5.536800e+02
5.454500e+02
5.454500e+02
5.454500e+02
5.431100e+02
5.369700e+02
353
4.513700e+02
5.463300e+02
5.463300e+02
5.463300e+02
5.398800e+02
5.472800e+02
5.434900e+02
5.478200e+02
5.467100e+02
5.467100e+02
5.467100e+02
5.418500e+02
5.415300e+02
5.536300e+02
5.696000e+02
5.698500e+02
5.698500e+02
5.698500e+02
5.710300e+02
5.808600e+02
5.957100e+02
5.866900e+02
2.289600e+02
2.289600e+02
2.289600e+02
5.869900e+02
6.080500e+02
5.979800e+02
6.012200e+02
5.936700e+02
5.936700e+02
5.936700e+02
5.813000e+02
5.895000e+02
5.789000e+02
6.087200e+02
6.087200e+02
6.087200e+02
6.087200e+02
6.087200e+02
6.138200e+02
6.116400e+02
6.141200e+02
6.111200e+02
6.111200e+02
6.111200e+02
6.111200e+02
6.159000e+02
6.146500e+02
6.165900e+02
6.176700e+02
6.176700e+02
6.176700e+02
6.190400e+02
6.190400e+02
6.190400e+02
6.190400e+02
6.134600e+02
6.134600e+02
6.134600e+02
6.161800e+02
608
6.267900e+02
6.318600e+02
6.312100e+02
6.312100e+02
6.312100e+02
6.209100e+02
6.431900e+02
6.431900e+02
6.431900e+02
6.655800e+02
6.655800e+02
6.655800e+02
6.575400e+02
6.794100e+02
6.702400e+02
6.629300e+02
6.734400e+02
6.734400e+02
6.734400e+02
6.802400e+02
6.647400e+02
6.682700e+02
6.768000e+02
6.763000e+02
6.763000e+02
6.763000e+02
6.655200e+02
6.655200e+02
6.655200e+02
6.944500e+02
6.836800e+02
6.836800e+02
6.836800e+02
6.721200e+02
6.676000e+02
6.600500e+02
6.513700e+02
6.608100e+02
6.608100e+02
6.608100e+02
6.608100e+02
6.151500e+02
6.402100e+02
6.402100e+02
6.402100e+02
6.402100e+02
6.402100e+02
6.412100e+02
6.516300e+02
6.738300e+02
6.738300e+02
6.738300e+02
6.738300e+02
6.738300e+02
6.408200e+02
6.509100e+02
6.705800e+02
6.766700e+02
6.973000e+02
6.973000e+02
6.973000e+02
6.841100e+02
6.814000e+02
7.068300e+02
7.068300e+02
7.068300e+02
7.068300e+02
7.068300e+02
7.313900e+02
4.578600e+02
5.542200e+02
5.542200e+02
6.837300e+02
6.837300e+02
6.837300e+02
7.029300e+02
7.029300e+02
7.029300e+02
7.029300e+02
7.296900e+02
7.296900e+02
7.296900e+02
7.610400e+02
7.695300e+02
7.714100e+02
7.790100e+02
7.853000e+02
7.853000e+02
7.853000e+02
7.485000e+02
7.420600e+02
7.420600e+02
7.388600e+02
7.388600e+02
7.388600e+02
7.388600e+02
7.208400e+02
7.223700e+02
7.223700e+02
7.292500e+02
7.370800e+02
7.370800e+02
7.370800e+02
7.300100e+02
7.280500e+02
7.365200e+02
7.365200e+02
7.365200e+02
7.365200e+02
7.365200e+02
7.715500e+02
7.802500e+02
7.622000e+02
7.572300e+02
7.596600e+02
7.596600e+02
7.596600e+02
7.931700e+02
7.931700e+02
7.931700e+02
7.931700e+02
7.931700e+02
7.931700e+02
7.931700e+02
4.028000e+02
4.005000e+02
4.000100e+02
4.010400e+02
4.010400e+02
4.010400e+02
4.010400e+02
7.450900e+02
7.509200e+02
7.561300e+02
7.572100e+02
7.572100e+02
7.572100e+02
7.572100e+02
7.445500e+02
7.407500e+02
7.477000e+02
7.451600e+02
7.412300e+02
7.412300e+02
7.412300e+02
7.412300e+02
7.412300e+02
7.412300e+02
7.412300e+02
7.412300e+02
7.412300e+02
7.412300e+02
2.895700e+02
2.895700e+02
2.895700e+02
5.592400e+02
5.869000e+02
5.869000e+02
5.869000e+02
6.691900e+02
6.594900e+02
6.594900e+02
6.808000e+02
6.694300e+02
6.694300e+02
6.694300e+02
6.694300e+02
6.578400e+02
6.578400e+02
6.661100e+02
6.799400e+02
6.799400e+02
6.799400e+02
6.786800e+02
6.781200e+02
7.058500e+02
7.058500e+02
7.190200e+02
7.190200e+02
7.190200e+02
7.228400e+02
7.306000e+02
7.278600e+02
7.255000e+02
7.244600e+02
7.244600e+02
7.244600e+02
6.953900e+02
6.953900e+02
6.953900e+02
6.822300e+02
6.800100e+02
6.800100e+02
6.800100e+02
6.851400e+02
6.889700e+02
1.297210e+03
4.233300e+02
4.908300e+02
4.908300e+02
4.908300e+02
5.278500e+02
5.278500e+02
5.278500e+02
5.278500e+02
5.278500e+02
5.278500e+02
5.278500e+02
3.772900e+02
3.772900e+02
7.055800e+02
6.059800e+02
735
735
735
7.004300e+02
6.971300e+02
6.885600e+02
6.872000e+02
690
690
690
6.814200e+02
6.862000e+02
6.980800e+02
7.339100e+02
7.525000e+02
7.525000e+02
7.525000e+02
7.959700e+02
7.488300e+02
7.468600e+02
7.672100e+02
7.490400e+02
7.490400e+02
7.490400e+02
7.921100e+02
7.911600e+02
7.871200e+02
7.779400e+02
7.757800e+02
7.757800e+02
7.757800e+02
7.711800e+02
7.666900e+02
7.759500e+02
7.541800e+02
7.560100e+02
7.560100e+02
7.560100e+02
7.517800e+02
7.556100e+02
7.591500e+02
7.459500e+02
7.396900e+02
7.396900e+02
7.396900e+02
7.348000e+02
7.324700e+02
7.324700e+02
7.324700e+02
7.162900e+02
7.162900e+02
7.162900e+02
7.230200e+02
7.161300e+02
7.161300e+02
7.016400e+02
7.113600e+02
7.113600e+02
7.113600e+02
6.934900e+02
6.934900e+02
7.148600e+02
7.148600e+02
7.148600e+02
7.148600e+02
7.148600e+02
7.121800e+02
7.056300e+02
7.038500e+02
6.891100e+02
6.782100e+02
6.782100e+02
6.782100e+02
7.121000e+02
7.121000e+02
7.121000e+02
7.121000e+02
7.121000e+02
7.121000e+02
7.121000e+02
6.900300e+02
6.900300e+02
6.900300e+02
6.419600e+02
6.419600e+02
6.419600e+02
6.419600e+02
6.712700e+02
6.712700e+02
6.712700e+02
6.712700e+02
6.712700e+02
6.712700e+02
6.712700e+02
5.602400e+02
5.602400e+02
5.602400e+02
5.642800e+02
5.750500e+02
5.750500e+02
5.750500e+02
6.045900e+02
6.045900e+02
6.045900e+02
6.045900e+02
6.045900e+02
6.045900e+02
6.045900e+02
6.180900e+02
6.180900e+02
5.887200e+02
5.887200e+02
6.573400e+02
6.573400e+02
6.573400e+02
6.777800e+02
6.777800e+02
6.777800e+02
6.777800e+02
6.777800e+02
6.777800e+02
6.777800e+02
6.956800e+02
6.956800e+02
6.970100e+02
6.970100e+02
6.970100e+02
6.970100e+02
6.970100e+02
6.113500e+02
6.113500e+02
5.770500e+02
5.770500e+02
5.836500e+02
5.836500e+02
5.836500e+02
5.836500e+02
5.836500e+02
4.080800e+02
4.080800e+02
1.523200e+02
1.523200e+02
1.523200e+02
5.381700e+02
5.381700e+02
0
0
0
0
0
3.485800e+02
3.485800e+02
343
343
3.388800e+02
3.388800e+02
3.388800e+02
3.328400e+02
3.328400e+02
3.322600e+02
3.322600e+02
3.305200e+02
3.305200e+02
3.305200e+02
3.259800e+02
3.259800e+02
3.232500e+02
3.232600e+02
3.232600e+02
3.232600e+02
3.232600e+02
3.185600e+02
3.185600e+02
3.163800e+02
3.163800e+02
3.163800e+02
3.163800e+02
3.163800e+02
3.163800e+02
3.163800e+02
311
311
3.099800e+02
3.099800e+02
3.099800e+02
3.049700e+02
3.049700e+02
3.023200e+02
3.023200e+02
3.017300e+02
3.017300e+02
3.017300e+02
3.017300e+02
3.017300e+02
3.017300e+02
3.017300e+02
3.017300e+02
3.017300e+02
3.017300e+02
3.017300e+02
3.017300e+02
3.017300e+02
3.017300e+02
3.017300e+02
3.017300e+02
3.017300e+02
2.810500e+02
2.810500e+02
2.759000e+02
2.759000e+02
2.740400e+02
2.740400e+02
2.740400e+02
2.709500e+02
2.709500e+02
2.691400e+02
2.691400e+02
2.676600e+02
2.676600e+02
2.676600e+02
2.693200e+02
2.693200e+02
2.718800e+02
2.718800e+02
2.690900e+02
2.690900e+02
2.690900e+02
2.637800e+02
2.637800e+02
2.602200e+02
2.602200e+02
2.602200e+02
2.602200e+02
2.602200e+02
2.602200e+02
2.602200e+02
2.462200e+02
2.462200e+02
2.462200e+02
2.462200e+02
2.462200e+02
2.415300e+02
2.415300e+02
2.427100e+02
2.427100e+02
2.386300e+02
2.386300e+02
2.386300e+02
2.347300e+02
2.347300e+02
2.347300e+02
2.347300e+02
2.318400e+02
2.318400e+02
2.318400e+02
2.258000e+02
2.258000e+02
2.234200e+02
2.234200e+02
2.169800e+02
2.169800e+02
2.169800e+02
2.152600e+02
2.152600e+02
2.152600e+02
2.152600e+02
2.152600e+02
2.152600e+02
2.152600e+02
2.152600e+02
2.152600e+02
2.152600e+02
2.152600e+02
2.050200e+02
2.050200e+02
2.050200e+02
2.050200e+02
2.050200e+02
2.074000e+02
2.074000e+02
2.451700e+02
2.451700e+02
2.451700e+02
2.578000e+02
2.578000e+02
2.578000e+02
2.578000e+02
2.544100e+02
2.544100e+02
2.544100e+02
2.544100e+02
2.544100e+02
2.470400e+02
2.470400e+02
2.497300e+02
2.497300e+02
2.497300e+02
2.451300e+02
2.451300e+02
2.403200e+02
2.403200e+02
2.434600e+02
2.434600e+02
2.434600e+02
2.418600e+02
2.418600e+02
2.346900e+02
2.346900e+02
2.370600e+02
2.370600e+02
2.370600e+02
2.345500e+02
2.345500e+02
2.345500e+02
2.345500e+02
5.913600e+02
5.913600e+02
5.913600e+02
6.404400e+02
6.404400e+02
6.497900e+02
6.497900e+02
6.497900e+02
6.497900e+02
6.497900e+02
5.727000e+02
5.727000e+02
5.683600e+02
5.683600e+02
5.683600e+02
5.683600e+02
5.683600e+02
3.253700e+02
3.253700e+02
2.633300e+02
2.633300e+02
2.610500e+02
2.610500e+02
2.610500e+02
2.531600e+02
2.531600e+02
2.531600e+02
2.531600e+02
2.531600e+02
2.531600e+02
2.531600e+02
2.405900e+02
2.405900e+02
2.405900e+02
2.405900e+02
2.405900e+02
2.405900e+02
2.405900e+02
2.413800e+02
2.413800e+02
2.395200e+02
2.395200e+02
2.395200e+02
2.395200e+02
2.395200e+02
2.395200e+02
2.395200e+02
2.381700e+02
2.381700e+02
2.381700e+02
2.381700e+02
2.381700e+02
2.312400e+02
2.381700e+02
2.381700e+02
2.381700e+02
2.381700e+02
2.381700e+02
2.381700e+02
2.296000e+02
2.296000e+02
2.296000e+02
2.296000e+02
2.296000e+02
2.296000e+02
2.296000e+02
2.296000e+02
2.294400e+02
2.252900e+02
2.252900e+02
2.252900e+02
2.259800e+02
2.259800e+02
2.259800e+02
2.287200e+02
2.287200e+02
2.287200e+02
2.287200e+02
2.287200e+02
2.287200e+02
2.287200e+02
2.242800e+02
2.242800e+02
2.242800e+02
2.239300e+02
2.239300e+02
2.239300e+02
2.223700e+02
2.223700e+02
2.223700e+02
2.223700e+02
2.223700e+02
2.223700e+02
2.223700e+02
2.149800e+02
2.149800e+02
2.139400e+02
2.139400e+02
3.114800e+02
3.114800e+02
3.114800e+02
2.045400e+02
2.045400e+02
2.045400e+02
2.045400e+02
2.045400e+02
2.045400e+02
2.045400e+02
2.019000e+02
2.019000e+02
2.019000e+02
2.019000e+02
2.007500e+02
2.007500e+02
2.007500e+02
2.070200e+02
2.070200e+02
2.070200e+02
2.070200e+02
2.070200e+02
2.070200e+02
2.070200e+02
2.070200e+02
2.070200e+02
2.070200e+02
4.934500e+02
4.934500e+02
4.934500e+02
4.934500e+02
4.372700e+02
4.372700e+02
4.372700e+02
4.372700e+02
4.372700e+02
4.372700e+02
4.372700e+02
4.372700e+02
4.372700e+02
4.234200e+02
4.234200e+02
4.234200e+02
4.234200e+02
4.234200e+02
4.242900e+02
4.242900e+02
4.242900e+02
4.242900e+02
4.242900e+02
4.242900e+02
4.242900e+02
4.242900e+02
4.242900e+02
4.242900e+02
4.242900e+02
4.242900e+02
4.242900e+02
4.242900e+02
4.445400e+02
4.445400e+02
4.341500e+02
4.341500e+02
4.341500e+02
4.341500e+02
4.341500e+02
3.611600e+02
3.611600e+02
3.611600e+02
3.611600e+02
3.611600e+02
3.611600e+02
3.611600e+02
4.807100e+02
4.807100e+02
4.807100e+02
4.807100e+02
4.807100e+02
4.807100e+02
4.807100e+02
5.863000e+02
5.863000e+02
5.912600e+02
5.912600e+02
5.907800e+02
5.907800e+02
5.907800e+02
5.922000e+02
5.922000e+02
6.632300e+02
6.632300e+02
6.522700e+02
6.522700e+02
6.522700e+02
6.466100e+02
6.466100e+02
6.600500e+02
6.600500e+02
6.608400e+02
6.608400e+02
6.608400e+02
7.035400e+02
7.035400e+02
7.035400e+02
7.035400e+02
7.035400e+02
7.035400e+02
7.035400e+02
7.028200e+02
7.028200e+02
7.041500e+02
7.041500e+02
7.060300e+02
7.060300e+02
7.060300e+02
7.060300e+02
7.060300e+02
7.060300e+02
7.060300e+02
6.970900e+02
6.970900e+02
6.970900e+02
7.080100e+02
7.080100e+02
7.428700e+02
7.428700e+02
7.428700e+02
7.428700e+02
7.428700e+02
7.428700e+02
7.428700e+02
7.428700e+02
7.428700e+02
7.428700e+02
7.428700e+02
7.428700e+02
7.428700e+02
7.428700e+02
7.091200e+02
7.091200e+02
7.091200e+02
7.091200e+02
7.091200e+02
7.091200e+02
7.091200e+02
7.091200e+02
7.091200e+02
7.091200e+02
7.091200e+02
7.091200e+02
7.091200e+02
7.091200e+02
7.091200e+02
7.091200e+02
7.091200e+02
7.091200e+02
7.091200e+02
7.091200e+02
7.091200e+02
6.698100e+02
6.698100e+02
6.698100e+02
6.698100e+02
6.698100e+02
6.698100e+02
6.698100e+02
6.698100e+02
6.698100e+02
6.698100e+02
6.698100e+02
6.698100e+02
6.698100e+02
7.227600e+02
7.227600e+02
7.227600e+02
7.227600e+02
7.227600e+02
7.227600e+02
7.205500e+02
7.205500e+02
7.351400e+02
7.351400e+02
7.351400e+02
7.351400e+02
7.351400e+02
7.290300e+02
7.290300e+02
7.290300e+02
7.290300e+02
7.290300e+02
7.290300e+02
7.290300e+02
7.138700e+02
7.138700e+02
7.079700e+02
7.079700e+02
7.062300e+02
7.062300e+02
7.062300e+02
6.906500e+02
6.906500e+02
6.906500e+02
6.906500e+02
6.906500e+02
6.906500e+02
6.906500e+02
6.779900e+02
6.779900e+02
6.778700e+02
6.778700e+02
6.791100e+02
6.791100e+02
6.791100e+02
6.797800e+02
6.797800e+02
6.797800e+02
6.797800e+02
6.797800e+02
6.797800e+02
6.797800e+02
3.124000e+02
3.124000e+02
7.090800e+02
7.090800e+02
6.863400e+02
6.863400e+02
6.863400e+02
6.858000e+02
6.858000e+02
6.858000e+02
6.858000e+02
6.858000e+02
6.858000e+02
6.858000e+02
6.858000e+02
6.858000e+02
6.858000e+02
6.858000e+02
6.858000e+02
6.858000e+02
6.858000e+02
6.791800e+02
6.791800e+02
6.852700e+02
6.852700e+02
6.896900e+02
6.896900e+02
6.896900e+02
6.833200e+02
6.833200e+02
6.812800e+02
6.812800e+02
6.740500e+02
6.740500e+02
6.740500e+02
6.664600e+02
6.664600e+02
6.664600e+02
6.664600e+02
6.664600e+02
6.664600e+02
6.664600e+02
6.665900e+02
6.665900e+02
6.587800e+02
6.587800e+02
6.616400e+02
6.616400e+02
6.616400e+02
6.585300e+02
6.585300e+02
6.585300e+02
6.585300e+02
6.421000e+02
6.421000e+02
6.421000e+02
6.420600e+02
6.420600e+02
5.921100e+02
5.921100e+02
6.519500e+02
6.519500e+02
6.519500e+02
6.519500e+02
6.519500e+02
6.519500e+02
6.519500e+02
6.133400e+02
6.133400e+02
6.133400e+02
6.133400e+02
6.133400e+02
6.070400e+02
6.070400e+02
6.023100e+02
6.023100e+02
6.023100e+02
5.724000e+02
5.724000e+02
6.081700e+02
6.081700e+02
6.081700e+02
6.081700e+02
6.081700e+02
6.171100e+02
6.171100e+02
6.089700e+02
6.089700e+02
5.939300e+02
5.939300e+02
5.939300e+02
6.173000e+02
6.173000e+02
6.173000e+02
6.173000e+02
6.223700e+02
6.223700e+02
6.223700e+02
625
625
6.259800e+02
6.259800e+02
6.265500e+02
6.265500e+02
6.265500e+02
6.292600e+02
6.292600e+02
6.244400e+02
6.244400e+02
6.244400e+02
6.244400e+02
6.244400e+02
6.006500e+02
6.006500e+02
6.109400e+02
6.109400e+02
6.162300e+02
6.162300e+02
6.162300e+02
6.119800e+02
6.119800e+02
6.224200e+02
6.224200e+02
6.087100e+02
6.087100e+02
6.087100e+02
6.203000e+02
6.203000e+02
6.203000e+02
6.203000e+02
6.197100e+02
6.197100e+02
6.197100e+02
5.568000e+02
5.568000e+02
5.951100e+02
5.951100e+02
5.951100e+02
5.951100e+02
5.951100e+02
5.804300e+02
5.804300e+02
5.756900e+02
5.756900e+02
5.962800e+02
5.962800e+02
5.962800e+02
6.300900e+02
6.300900e+02
5.688900e+02
5.688900e+02
5.756200e+02
5.756200e+02
5.756200e+02
6.004800e+02
6.004800e+02
6.004800e+02
6.005300e+02
5.851700e+02
5.851700e+02
5.851700e+02
5.948400e+02
5.948400e+02
5.948400e+02
5.948400e+02
5.948400e+02
5.948400e+02
5.948400e+02
5.701700e+02
5.701700e+02
5.704400e+02
5.704400e+02
5.903400e+02
5.903400e+02
5.903400e+02
5.804200e+02
5.804200e+02
5.732400e+02
5.732400e+02
5.885500e+02
5.885500e+02
5.885500e+02
5.436800e+02
5.436800e+02
5.741900e+02
5.741900e+02
4.206800e+02
4.206800e+02
4.206800e+02
5.040300e+02
5.040300e+02
5.806000e+02
5.806000e+02
5.545600e+02
5.545600e+02
5.545600e+02
5.760700e+02
5.760700e+02
5.490200e+02
5.490200e+02
5.420500e+02
5.420500e+02
5.420500e+02
5.483000e+02
5.483000e+02
5.460700e+02
5.460700e+02
5.525800e+02
5.525800e+02
5.525800e+02
5.413500e+02
5.413500e+02
5.446100e+02
5.446100e+02
5.539200e+02
5.539200e+02
5.539200e+02
5.561100e+02
5.561100e+02
5.667500e+02
5.667500e+02
5.667500e+02
5.667500e+02
5.667500e+02
5.167000e+02
5.167000e+02
5.580800e+02
5.580800e+02
5.463700e+02
5.463700e+02
5.463700e+02
6.021200e+02
6.021200e+02
5.992600e+02
5.992600e+02
5.939900e+02
5.939900e+02
5.939900e+02
5.663800e+02
5.663800e+02
5.918000e+02
5.918000e+02
5.918000e+02
5.918000e+02
5.918000e+02
5.599500e+02
5.599500e+02
5.361100e+02
5.361100e+02
5.714500e+02
5.714500e+02
5.714500e+02
5.501200e+02
5.501200e+02
5.047000e+02
5.047000e+02
4.498000e+02
4.498000e+02
4.498000e+02
4.664200e+02
4.664200e+02
4.664200e+02
4.664200e+02
4.664200e+02
4.664200e+02
4.664200e+02
2.577400e+02
2.577400e+02
2.569600e+02
2.569600e+02
2.526800e+02
2.526800e+02
2.526800e+02
2.490100e+02
2.490100e+02
2.490100e+02
2.490100e+02
2.434800e+02
2.434800e+02
2.434800e+02
3.403000e+02
3.403000e+02
2.407000e+02
2.407000e+02
2.407000e+02
2.407000e+02
2.407000e+02
2.343500e+02
2.343500e+02
2.323300e+02
2.323300e+02
2.283500e+02
2.283500e+02
2.283500e+02
2.257400e+02
2.257400e+02
2.235700e+02
2.235700e+02
2.196900e+02
2.196900e+02
2.196900e+02
2.164300e+02
2.164300e+02
2.128800e+02
2.128800e+02
2.100600e+02
2.100600e+02
2.100600e+02
2.065300e+02
2.065300e+02
2.065300e+02
2.065300e+02
1.959200e+02
1.959200e+02
1.959200e+02
1.871700e+02
1.871700e+02
1.871700e+02
1.871700e+02
1.871700e+02
1.871700e+02
1.871700e+02
1.778300e+02
1.778300e+02
1.736900e+02
1.736900e+02
1.736900e+02
1.736900e+02
1.736900e+02
1.737100e+02
1.737100e+02
1.730600e+02
1.730600e+02
1.714800e+02
1.714800e+02
1.714800e+02
1.703700e+02
1.703700e+02
1.678900e+02
1.678900e+02
1.662200e+02
1.662200e+02
1.662200e+02
1.646100e+02
1.646100e+02
1.656800e+02
1.656800e+02
1.656800e+02
1.656800e+02
1.656800e+02
1.656800e+02
1.656800e+02
1.629800e+02
1.629800e+02
1.629800e+02
1.629800e+02
1.629800e+02
1.610800e+02
1.610800e+02
1.615000e+02
1.615000e+02
1.610800e+02
1.610800e+02
1.610800e+02
1.610900e+02
1.610900e+02
1.586600e+02
1.586600e+02
1.586600e+02
1.586600e+02
1.586600e+02
1.587800e+02
1.587800e+02
1.582400e+02
1.582400e+02
1.582400e+02
1.582400e+02
1.582400e+02
1.554700e+02
1.554700e+02
1.569000e+02
1.569000e+02
1.569000e+02
1.569000e+02
1.569000e+02
1.544800e+02
1.544800e+02
1.534500e+02
1.534500e+02
1.534200e+02
1.534200e+02
1.534200e+02
1.546600e+02
1.546600e+02
1.559200e+02
1.559200e+02
1.559200e+02
1.559200e+02
1.559200e+02
1.559200e+02
1.559200e+02
1.534500e+02
1.534500e+02
1.700300e+02
1.700300e+02
1.700300e+02
1.630900e+02
1.630900e+02
1.615700e+02
1.615700e+02
1.615700e+02
1.615700e+02
1.615700e+02
1.586400e+02
1.586400e+02
1.561500e+02
1.561500e+02
1.546500e+02
1.546500e+02
1.546500e+02
1.521300e+02
1.521300e+02
1.509100e+02
1.509100e+02
1.509100e+02
1.509100e+02
1.509100e+02
1.498800e+02
1.498800e+02
1.501700e+02
1.501700e+02
1.501700e+02
1.501700e+02
1.501700e+02
1.480100e+02
1.480100e+02
1.463200e+02
1.463200e+02
1.463200e+02
1.463200e+02
1.463200e+02
1.466700e+02
1.466700e+02
1.452100e+02
1.452100e+02
1.452100e+02
1.452100e+02
1.452100e+02
1.432700e+02
1.432700e+02
1.434700e+02
1.434700e+02
1.434700e+02
1.434700e+02
1.434700e+02
1.433200e+02
1.433200e+02
1.433200e+02
1.433200e+02
1.416400e+02
1.416400e+02
1.416400e+02
1.407400e+02
1.407400e+02
1.407400e+02
1.407400e+02
1.407400e+02
1.407400e+02
1.407400e+02
1.407400e+02
1.407400e+02
4.966800e+02
4.966800e+02
4.966800e+02
4.966800e+02
4.966800e+02
6.164500e+02
6.164500e+02
6.164500e+02
6.164500e+02
6.981600e+02
6.981600e+02
6.981600e+02
6.647100e+02
6.647100e+02
6.495700e+02
6.495700e+02
2.535900e+02
2.535900e+02
2.535900e+02
6.121800e+02
6.121800e+02
6.189600e+02
6.189600e+02
6.189600e+02
6.189600e+02
6.189600e+02
2.119100e+02
2.119100e+02
5.536900e+02
5.536900e+02
6.051000e+02
6.051000e+02
6.051000e+02
5.961500e+02
5.961500e+02
5.873100e+02
5.873100e+02
5.873100e+02
5.873100e+02
5.873100e+02
5.811700e+02
5.811700e+02
3.621200e+02
3.621200e+02
3.798000e+02
3.798000e+02
3.798000e+02
3.798000e+02
3.798000e+02
3.798000e+02
3.798000e+02
3.798000e+02
3.798000e+02
3.798000e+02
4.420600e+02
4.420600e+02
5.323200e+02
5.323200e+02
562
562
562
562
562
5.418300e+02
5.418300e+02
5.418300e+02
5.418300e+02
5.418300e+02
5.418300e+02
5.418300e+02
5.418300e+02
5.418300e+02
5.418300e+02
5.418300e+02
5.418300e+02
5.418300e+02
5.418300e+02
5.418300e+02
5.418300e+02
5.418300e+02
5.418300e+02
5.418300e+02
5.191600e+02
5.191600e+02
5.191600e+02
5.191600e+02
4.101000e+02
4.101000e+02
4.101000e+02
5.610200e+02
5.610200e+02
4.051900e+02
4.051900e+02
4.675400e+02
4.675400e+02
4.675400e+02
551
551
414
414
546
546
546
546
546
543
543
541
541
541
442
442
526
526
526
526
526
392
392
392
392
392
392
392
5.020400e+02
5.020400e+02
5.222600e+02
5.222600e+02
5.505700e+02
5.505700e+02
5.505700e+02
2.709900e+02
2.709900e+02
3.537100e+02
3.537100e+02
3.600100e+02
3.600100e+02
3.600100e+02
3.490900e+02
3.490900e+02
3.490900e+02
3.490900e+02
3.506400e+02
3.506400e+02
3.506400e+02
3.518100e+02
3.518100e+02
3.466100e+02
3.466100e+02
3.540200e+02
3.540200e+02
3.540200e+02
3.566000e+02
3.566000e+02
3.590800e+02
3.590800e+02
3.586700e+02
3.586700e+02
3.586700e+02
3.620300e+02
3.620300e+02
3.620300e+02
3.620300e+02
3.598500e+02
3.598500e+02
3.598500e+02
3.613900e+02
3.613900e+02
3.788700e+02
3.788700e+02
3.871800e+02
3.871800e+02
3.871800e+02
3.838600e+02
3.838600e+02
4.274900e+02
4.274900e+02
4.627500e+02
4.627500e+02
4.627500e+02
5.070200e+02
5.070200e+02
5.130800e+02
5.130800e+02
5.130800e+02
5.130800e+02
5.130800e+02
5.235900e+02
5.235900e+02
5.236300e+02
5.236300e+02
5.323400e+02
5.323400e+02
5.323400e+02
5.376500e+02
5.376500e+02
5.596900e+02
5.596900e+02
5.598300e+02
5.598300e+02
5.598300e+02
5.545200e+02
5.545200e+02
4.546000e+02
4.546000e+02
2.242600e+02
2.242600e+02
2.242600e+02
2.217500e+02
2.217500e+02
2.217500e+02
2.217500e+02
5.559300e+02
5.559300e+02
5.559300e+02
5.484200e+02
5.484200e+02
5.546100e+02
5.546100e+02
5.564300e+02
5.564300e+02
5.564300e+02
5.564300e+02
5.564300e+02
5.564300e+02
5.564300e+02
5.564300e+02
5.564300e+02
5.564300e+02
5.602700e+02
5.602700e+02
5.593000e+02
5.593000e+02
5.593000e+02
5.593000e+02
5.593000e+02
5.580100e+02
5.580100e+02
5.527900e+02
5.527900e+02
5.558300e+02
5.558300e+02
5.558300e+02
5.496500e+02
5.496500e+02
5.551100e+02
5.551100e+02
5.566000e+02
5.566000e+02
5.566000e+02
5.546200e+02
5.546200e+02
5.524700e+02
5.524700e+02
5.524700e+02
