0
0
0
0
0
0
0
0
0
0
0
0
0
0
0
0
0
0
0
0
0
0
0
0
0
0
0
0
0
0
0
0
0
0
0
0
0
0
0
0
0
0
0
0
0
0
0
0
0
0
0
0
0
0
0
0
0
0
0
0
0
0
0
0
0
0
0
0
0
0
0
0
0
0
0
0
0
0
0
0
0
0
0
0
0
0
0
0
0
0
0
0
0
0
0
0
0
0
0
0
0
0
0
0
0
0
0
0
0
0
0
0
0
0
0
0
0
0
0
0
0
0
0
0
0
0
0
0
0
0
0
0
0
0
0
0
0
0
0
0
0
0
0
0
0
0
0
0
0
0
0
0
0
0
0
0
0
0
0
0
0
0
0
0
0
0
0
0
0
0
0
0
0
0
0
0
0
0
0
0
0
0
0
0
0
0
0
0
0
0
0
0
0
0
0
0
0
0
0
0
0
0
0
0
0
0
0
0
0
0
0
0
0
0
0
0
0
0
0
0
0
0
0
0
0
0
0
0
0
0
0
0
0
0
0
0
0
0
0
0
0
0
0
0
0
0
0
0
0
0
0
0
0
0
0
0
0
0
0
0
0
0
0
0
0
0
0
0
0
0
0
0
0
0
0
0
0
0
0
0
0
0
0
0
0
0
0
0
0
0
0
0
0
0
0
0
0
0
0
0
0
0
0
0
0
0
0
0
0
0
0
0
0
0
0
0
0
0
0
0
0
0
0
0
0
0
0
0
0
0
0
0
0
0
0
0
0
0
0
0
0
0
0
0
0
0
0
0
0
0
0
0
0
0
0
0
0
0
0
0
0
0
0
0
0
0
0
0
0
0
0
0
0
0
0
0
0
0
0
0
0
0
0
0
0
0
0
0
0
0
0
0
0
0
0
0
0
0
0
0
0
0
0
0
0
0
0
0
0
0
0
0
0
0
0
0
0
0
0
0
0
0
0
0
0
0
0
0
0
0
0
0
0
0
0
0
0
0
0
0
0
0
0
0
0
0
0
0
0
0
0
0
0
0
0
0
0
0
0
0
0
0
0
0
0
0
0
0
0
0
0
0
0
0
0
0
0
0
0
0
0
0
0
0
0
0
0
0
0
0
0
0
0
0
0
0
0
0
0
0
0
0
0
0
0
0
0
0
0
0
0
0
0
0
0
0
0
0
0
0
0
0
0
0
0
0
0
0
0
0
0
0
0
0
0
0
0
0
0
0
0
0
0
0
0
0
0
0
0
0
0
0
0
0
0
0
0
0
0
0
0
0
0
0
0
0
0
0
0
0
0
0
0
0
0
0
0
0
0
0
0
0
0
0
0
0
0
0
0
0
0
0
0
0
0
0
0
0
0
0
0
0
0
0
0
0
0
0
0
0
0
0
0
0
0
0
0
0
0
0
0
0
0
0
0
0
0
0
0
0
0
0
0
0
0
0
0
0
0
0
0
0
0
0
0
0
0
0
0
0
0
0
0
0
0
0
0
0
0
0
0
0
0
0
0
0
0
0
0
0
0
0
0
0
0
0
0
0
0
0
0
0
0
0
0
0
0
0
0
0
0
0
0
0
0
0
0
0
0
0
0
0
0
0
0
0
0
0
0
0
0
0
0
0
0
0
0
0
0
0
0
0
0
0
0
0
0
0
0
0
0
0
0
0
0
0
0
0
0
0
0
0
0
0
0
0
0
0
0
0
0
0
0
0
0
0
0
0
0
701
884
724
906
906
805
805
805
701
701
776
805
776
724
929
749
776
679
869
863
724
745
748
750
749
742
750
760
800
815
816
812
821
828
831
831
830
836
837
836
834
833
768
769
768
763
763
763
763
772
773
757
754
767
758
766
778
773
766
768
813
818
819
819
819
819
820
860
861
858
850
856
794
798
863
571
878
869
894
894
896
903
895
887
910
908
902
932
832
947
1102
1076
1134
1163
1159
1167
1167
1169
1224
1224
1224
1233
1221
1237
1273
1269
1359
1350
1401
1358
1309
1327
1368
1375
1219
1418
1221
1453
1408
1408
1477
1436
1406
1436
1473
1470
1471
1471
1463
1459
1507
1546
1623
1617
1612
1619
1620
1612
1670
1683
1683
1657
1675
1675
1675
1675
1502
1521
1536
1538
1553
1601
1499
1534
1086
1379
1107
1107
1446
1446
1002
1442
1442
1542
1437
1411
1146
1187
1508
1473
1491
1488
1426
1163
1163
1163
1487
1499
1.535000e+01
1481
1481
1481
1525
1518
1465
1493
1506
1534
1501
1548
1589
1608
1509
1553
1609
1611
1522
1642
1602
1595
1642
1612
1648
1693
1660
1654
1690
1599
1690
1685
1646
1707
1462
1166
1531
1326
1326
1326
1992
2148
2156
2081
2136
1840
2089
2146
2134
2115
2135
2158
1902
1926
2813
2599
2620
2593
2546
2703
316
2842
2810
2340
2400
231
2410
2796
1848
1731
1801
1780
2718
2662
2518
2424
2565
2388
2237
2237
2265
2201
2388
2390
2401
2387
2284
1193
2121
2167
2107
1987
1988
2094
2098
2160
2063
2104
2134
2102
2069
2030
2095
2040
2010
1998
2035
2031
1789
2019
1978
1946
1978
1899
1954
1942
1934
1919
1876
1599
1728
1879
1882
1914
1896
3022
1.982215e+03
1.982431e+03
1.982646e+03
2021
2004
1957
1908
1908
1908
1874
1834
1831
1807
1808
1808
1808
1791
1806
1788
1777
1772
1772
1772
1777
1747
1733
1714
1714
1714
1714
1683
1683
1683
1683
1825
1825
1825
1825
1813
1765
1766
1754
1754
1754
1780
1757
1738
1718
1687
1692
1693
1686
1659
1744
1711
1688
1648
1632
1615
1594
1633
1630
1603
1609
1607
1578
1578
2205
1740
1701
1701
1701
1608
1.632000e+02
1476
1.486000e+01
1564
1564
1564
1578
1595
1599
1599
1731
1731
1731
1764
1772
1676
1667
1674
1674
1674
1684
1660
1.430000e+01
1413
1363
1363
1363
1660
1674
1364
1328
1308
1308
1308
1454
1740
1740
945
952
952
952
1336
1287
1287
1328
1328
1328
1328
1250
1.686000e+01
1290
1224
1355
1355
1355
1429
1423
1.431000e+01
1414
1419
1419
1419
1380
1362
1379
1374
1362
1362
1362
1408
1370
1407
1385
1354
1354
1354
1305
1319
1410
1309
1314
1314
1314
1334
1317
1308
1316
1306
1306
1306
1273
1.275000e+01
1168
1168
1168
1168
1168
1168
1104
1094
1098
1100
1100
1100
1100
1068
1063
974
991
991
991
1044
1044
1044
1044
1057
1057
1057
950
947
940
920
917
917
917
926
939
939
939
929
929
929
938
936
947
935
926
926
926
943
945
941
941
946
946
946
927
927
927
856
844
844
844
852
850
852
840
834
834
834
834
843
836
836
836
836
836
841
861
861
861
861
861
861
861
1034
1009
1012
1014
1014
1014
1042
1051
1070
1070
1070
1070
1070
1056
1055
1059
1059
1035
1035
1035
1065
1065
1065
1065
1065
1065
1065
1047
1011
1020
1030
992
992
992
927
881
881
872
872
872
872
883
881
881
872
818
818
818
885
851
854
854
854
854
854
915
859
929
836
817
817
817
832
832
832
832
832
832
832
832
832
832
832
832
832
832
832
832
832
832
832
832
832
832
832
832
832
832
832
832
832
832
832
832
832
832
832
988
988
988
653
1275
1275
1275
1231
1245
1245
1245
1260
1260
1260
1266
1281
1.166000e+01
1020
1297
1297
1297
1270
1283
1283
1283
1283
1283
1283
1051
867
867
980
918
918
918
942
942
942
896
896
896
896
896
904
904
904
904
904
904
266
266
269
269
269
269
269
256
256
256
256
1017
1017
1017
957
975
975
975
975
975
975
975
975
1035
1028
1028
1028
1028
965
960
960
960
960
960
960
951
1024
987
980
1007
1007
1007
992
900
900
618
618
618
618
622
981
890
884
886
886
886
870
725
725
725
725
725
725
852
850
847
840
830
830
830
818
818
818
818
818
818
818
818
1208
1167
1120
1140
1140
1140
1110
1110
1110
1110
1110
1110
1110
773
773
773
773
773
773
773
773
773
773
773
773
773
773
773
773
773
773
773
773
773
773
773
773
773
773
773
773
773
773
773
773
773
773
773
773
773
773
773
773
773
773
773
773
773
773
773
773
773
773
773
324
324
324
324
324
324
324
468
468
458
458
458
489
489
489
489
489
489
489
489
489
489
489
489
489
489
489
489
489
489
489
489
489
489
489
489
489
489
489
489
489
489
489
489
489
489
489
489
489
489
489
489
489
489
489
489
489
489
489
489
489
489
489
489
489
489
489
489
489
489
489
489
489
489
489
453
453
447
447
450
450
450
454
454
454
454
530
530
530
311
311
311
311
493
493
493
302
302
493
493
493
493
493
493
493
724
724
724
724
724
724
724
724
724
734
734
734
473
473
473
473
470
470
470
473
473
724
724
639
639
639
435
435
435
435
435
435
435
435
435
435
435
319
319
319
319
319
319
319
319
319
319
322
322
322
322
336
336
336
336
336
336
336
360
360
360
354
354
354
354
453
453
453
311
311
311
311
304
304
304
362
362
362
362
354
354
354
359
359
418
418
418
418
418
426
426
426
426
426
426
426
388
388
395
395
395
395
395
406
406
406
406
406
406
406
372
372
372
372
372
372
372
679
679
679
679
679
679
679
679
679
679
679
679
679
679
380
380
380
380
380
380
380
392
392
392
392
392
392
392
543
543
290
290
278
278
278
532
532
532
532
532
532
532
532
532
532
532
572
572
572
262
262
262
262
262
262
262
268
268
268
268
268
268
268
260
260
260
260
260
260
260
260
260
260
260
277
277
277
290
290
290
290
290
290
290
290
290
290
290
290
290
290
290
290
290
290
290
290
290
290
290
286
286
286
286
286
286
286
286
286
286
286
286
286
286
286
286
286
286
286
286
286
286
286
286
286
286
286
286
286
286
286
286
286
906
906
906
906
906
906
906
948
948
957
957
936
936
936
908
908
908
908
908
908
908
908
908
725
725
520
520
520
520
520
520
520
520
520
520
520
520
720
720
706
706
706
706
706
706
706
706
706
706
604
604
638
638
638
638
638
638
638
638
638
638
638
638
638
638
534
534
534
534
534
534
534
534
534
534
534
534
534
534
534
534
534
534
534
534
534
534
534
534
534
534
534
534
534
534
534
534
534
534
534
534
534
534
534
534
534
534
534
534
534
534
534
512
512
512
512
512
512
512
492
492
492
492
467
467
467
508
508
508
508
508
508
508
478
478
478
478
479
479
479
479
479
479
479
479
479
479
479
479
483
483
402
402
402
402
402
402
402
402
402
402
402
402
402
402
402
402
402
402
402
402
402
402
402
402
453
453
453
453
450
450
450
450
450
450
450
450
450
450
418
418
411
411
411
411
411
411
411
411
411
411
411
411
391
391
386
386
286
286
286
286
286
286
286
286
286
286
286
286
572
572
538
538
538
554
554
520
520
520
520
520
520
520
543
543
521
521
521
511
511
511
511
511
511
511
679
679
660
660
465
465
465
460
460
460
460
460
460
460
604
604
580
580
486
486
486
518
518
518
518
518
518
518
518
518
518
518
518
518
518
518
518
518
518
518
518
518
480
480
570
570
570
570
570
542
542
542
542
542
542
542
511
511
511
496
496
496
496
496
496
496
496
496
496
496
511
511
492
492
488
488
488
488
488
488
488
488
488
488
480
480
452
452
437
437
437
432
432
432
432
432
432
432
411
411
411
411
382
382
382
494
494
494
494
494
494
494
482
482
458
458
465
465
465
460
460
460
460
460
460
460
604
604
573
573
542
542
542
522
522
522
522
522
522
522
522
522
505
505
505
505
505
505
505
639
639
639
639
639
639
639
272
272
571
571
571
588
588
588
588
588
588
588
679
679
679
679
557
557
557
557
557
557
557
557
557
557
544
544
544
544
544
544
544
544
544
544
544
544
544
544
544
544
544
544
544
544
544
500
500
500
500
500
500
500
482
482
482
482
482
482
482
482
482
482
482
482
482
482
454
454
454
454
454
454
454
454
454
454
454
454
454
454
450
450
450
450
460
460
460
455
455
455
455
455
455
455
455
455
450
450
450
450
450
435
435
432
432
416
416
416
410
410
380
380
380
380
380
380
380
364
364
364
364
364
364
364
369
369
369
369
369
369
369
345
345
345
345
345
332
332
332
332
332
332
332
332
332
370
370
370
370
370
358
358
358
358
358
358
358
349
349
349
349
349
349
349
357
357
343
343
343
343
343
312
312
312
312
312
312
312
340
340
340
340
340
340
340
311
311
311
311
311
311
311
297
297
297
297
297
297
297
314
314
314
314
307
307
307
320
320
320
320
320
320
320
320
320
284
284
284
284
284
284
284
284
284
284
284
284
272
272
272
272
272
272
272
268
268
268
268
268
268
268
268
268
268
268
268
268
268
211
211
211
211
211
211
211
725
725
685
685
716
716
716
716
716
716
716
716
716
716
716
716
658
658
658
658
658
658
658
658
658
658
658
658
550
550
550
550
550
550
550
550
550
550
550
550
550
550
550
550
550
550
550
550
550
550
550
550
550
550
550
550
550
550
550
550
550
550
550
550
550
550
550
550
550
550
550
550
550
550
550
550
550
550
550
550
550
550
550
550
550
550
720
720
720
720
720
720
720
639
639
639
639
639
594
594
594
594
594
594
594
594
594
594
594
522
522
522
522
522
522
522
522
522
522
522
522
522
522
522
522
522
504
504
504
504
504
504
504
504
504
491
491
491
491
491
456
456
456
456
456
456
456
456
456
456
456
440
440
440
457
457
457
457
457
457
457
422
422
422
422
422
422
422
396
396
396
396
396
396
396
396
396
396
396
396
396
396
396
396
396
396
396
396
396
396
396
396
396
396
396
396
350
350
350
350
350
350
350
350
350
350
350
346
346
346
346
346
346
346
346
