0
0
0
0
0
0
0
0
0
0
0
0
0
0
0
0
0
0
0
0
0
0
0
0
0
0
0
0
0
0
0
0
0
0
0
0
0
0
0
0
0
0
0
0
0
0
0
0
0
0
0
0
0
0
0
0
0
0
0
0
0
0
0
0
0
0
0
0
0
0
0
0
0
0
0
0
0
0
0
0
0
0
0
0
0
0
0
0
0
0
0
0
0
0
0
0
0
0
0
0
0
0
0
0
0
0
0
0
0
0
0
0
0
0
0
0
0
0
0
0
0
0
0
0
0
0
0
0
0
0
0
0
0
0
0
0
0
0
0
0
0
0
0
0
0
0
0
0
0
0
0
0
0
0
0
0
0
0
0
0
0
0
0
0
0
0
0
0
0
0
0
0
0
0
0
0
0
0
0
0
0
0
0
0
0
0
0
0
0
0
0
0
0
0
0
0
0
0
0
0
0
0
0
0
0
0
0
0
0
0
0
0
0
0
0
0
0
0
0
0
0
0
0
0
0
0
0
0
0
0
0
0
0
0
0
0
0
0
0
0
0
0
0
0
0
0
0
0
0
0
0
0
0
0
0
0
0
0
0
0
0
0
0
0
0
0
0
0
0
0
0
0
0
0
0
0
0
0
0
0
0
0
0
0
0
0
0
0
0
0
0
0
0
0
0
0
0
0
0
0
0
0
0
0
0
0
0
0
0
0
0
0
0
0
0
0
0
0
0
0
0
0
0
0
0
0
0
0
0
0
0
0
0
0
0
0
0
0
0
0
0
0
0
0
0
0
0
0
0
0
0
0
0
0
0
0
0
0
0
0
0
0
0
0
0
0
0
0
0
0
0
0
0
0
0
0
0
0
0
0
0
0
0
0
0
0
0
0
0
0
0
0
0
0
0
0
0
0
0
0
0
0
0
0
0
0
0
0
0
0
0
0
0
0
0
0
0
0
0
0
0
0
0
0
0
0
0
0
0
0
0
0
0
0
0
0
0
0
0
0
0
0
0
0
0
0
0
0
0
0
0
0
0
0
0
0
0
0
0
0
0
0
0
0
0
0
0
0
0
0
0
0
0
0
0
0
0
0
0
0
0
0
0
0
0
0
0
0
0
0
0
0
0
0
0
0
0
0
0
0
0
0
0
0
0
0
0
0
0
0
0
0
0
0
0
0
0
0
0
0
0
0
0
0
0
0
0
0
0
0
0
0
0
0
0
0
0
0
0
0
0
0
0
0
0
0
0
0
0
0
0
0
0
0
0
0
0
0
0
0
0
0
0
0
0
0
0
0
0
0
0
0
0
0
0
0
0
0
0
0
0
0
0
0
0
0
0
0
0
0
0
0
0
0
0
0
0
0
0
0
0
0
0
0
0
0
0
0
0
0
0
0
0
0
0
0
0
0
0
0
0
0
0
0
0
0
0
0
0
0
0
0
0
0
0
0
0
0
0
0
0
0
0
0
0
0
0
0
0
0
0
0
0
0
0
0
0
0
0
0
0
0
0
0
0
0
0
0
0
0
0
0
0
0
0
0
0
0
0
0
0
0
0
0
0
0
0
0
0
0
0
0
0
0
0
0
0
0
0
0
0
0
0
0
0
0
0
0
0
0
0
0
0
0
0
0
0
0
0
0
0
0
0
0
0
0
0
0
0
0
0
0
0
0
0
0
0
0
0
0
0
0
0
0
0
0
0
0
0
0
0
0
0
0
0
0
0
0
0
0
0
0
0
0
0
4.095000e+01
0
1.659800e+02
0
0
1.810800e+02
1.854000e+01
0
1.983800e+02
0
0
5.979000e+01
4.218000e+01
0
0
3.120000e+00
4.780000e+00
4.660000e+00
4.640000e+00
4.260000e+00
4.170000e+00
4.110000e+00
4.430000e+00
4.590000e+00
4.800000e+00
4.910000e+00
4.590000e+00
4.660000e+00
4.710000e+00
4.910000e+00
5.510000e+00
4.610000e+00
4.660000e+00
4.720000e+00
4.960000e+00
5.200000e+00
5.540000e+00
5.780000e+00
5.620000e+00
5.440000e+00
5.310000e+00
5.310000e+00
4.650000e+00
5.140000e+00
4.760000e+00
4.560000e+00
4.540000e+00
4.420000e+00
4.660000e+00
4.630000e+00
4.480000e+00
4.910000e+00
5.180000e+00
5.050000e+00
4.920000e+00
5
5.040000e+00
5.040000e+00
5.330000e+00
4.790000e+00
4.990000e+00
5.060000e+00
4.850000e+00
5.030000e+00
5.040000e+00
5.070000e+00
5.560000e+00
5.820000e+00
6.090000e+00
5.950000e+00
5.560000e+00
4.930000e+00
5.180000e+00
5.080000e+00
4.800000e+00
4.750000e+00
4.750000e+00
4.600000e+00
5.250000e+00
5.530000e+00
5.190000e+00
5.380000e+00
5.530000e+00
5.490000e+00
5.400000e+00
4.910000e+00
5.270000e+00
5.260000e+00
5.400000e+00
5.550000e+00
5.550000e+00
5.250000e+00
5.400000e+00
5.300000e+00
5.300000e+00
5.850000e+00
4.980000e+00
4.830000e+00
4.910000e+00
4.930000e+00
4.950000e+00
4.610000e+00
4.550000e+00
4.520000e+00
4.580000e+00
4.600000e+00
4.880000e+00
4.860000e+00
4.820000e+00
4.480000e+00
4.510000e+00
5
5.050000e+00
5.010000e+00
4.700000e+00
4.600000e+00
5.280000e+00
5.450000e+00
5.460000e+00
4.920000e+00
4.670000e+00
4.860000e+00
4.710000e+00
4.690000e+00
4.690000e+00
5.470000e+00
4.850000e+00
4.680000e+00
4.480000e+00
4.330000e+00
4.190000e+00
3.790000e+00
4.420000e+00
4.340000e+00
4.040000e+00
4.570000e+00
4.680000e+00
4.680000e+00
4.680000e+00
3.530000e+00
4.800000e+00
5.040000e+00
5.320000e+00
5.300000e+00
5.210000e+00
5.170000e+00
5.120000e+00
6.020000e+00
7.300000e+00
8.290000e+00
8.620000e+00
8.620000e+00
1.008000e+01
1.091000e+01
1.132000e+01
1.195000e+01
1.195000e+01
1.246000e+01
1.271000e+01
1.303000e+01
1.347000e+01
1.411000e+01
1.410000e+01
1.420000e+01
1.461000e+01
1.512000e+01
1.549000e+01
1.530000e+01
1.530000e+01
1.530000e+01
1.706000e+01
1.771000e+01
1.858000e+01
1.949000e+01
2.032000e+01
2.032000e+01
2.223000e+01
2.307000e+01
2.375000e+01
2.508000e+01
2.647000e+01
2.456000e+01
2.812000e+01
2.864000e+01
3.021000e+01
3.157000e+01
3.255000e+01
3.392000e+01
3.452000e+01
3.456000e+01
3.732000e+01
3.845000e+01
3.891000e+01
3.739000e+01
4.055000e+01
4.311000e+01
4.594000e+01
4.839000e+01
5.312000e+01
5.801000e+01
6.113000e+01
6.543000e+01
6.742000e+01
7.020000e+01
7.173000e+01
7.591000e+01
7.975000e+01
8.495000e+01
8.747000e+01
8.931000e+01
8.931000e+01
8.931000e+01
9.289000e+01
9.531000e+01
9.861000e+01
1.018100e+02
1.051700e+02
1.077000e+02
1.097800e+02
1.145300e+02
1.167100e+02
1.210400e+02
1.251300e+02
1.306000e+02
1.319000e+02
1.821800e+02
1.949100e+02
2.016100e+02
2.105800e+02
2.156510e+02
2.250600e+02
2.430100e+02
2.365600e+02
2.295000e+02
2.318000e+02
2.437800e+02
2.471700e+02
2.478400e+02
2.625000e+02
2.781400e+02
2.936700e+02
3.357900e+02
3.170600e+02
3.198900e+02
3.258200e+02
3.424400e+02
3.548300e+02
3.488400e+02
3.366200e+02
2.377500e+02
3.381900e+02
3.488000e+02
3.397600e+02
3.243600e+02
3.244500e+02
3.196600e+02
3.179300e+02
3.234400e+02
3.268100e+02
3.271600e+02
3.271500e+02
3.269600e+02
3.247200e+02
3.224000e+02
3.250500e+02
3.212300e+02
3.206400e+02
3.220600e+02
3.203500e+02
3.198000e+02
322
3.216600e+02
3.197600e+02
3.138600e+02
3.135700e+02
3.119100e+02
3.141500e+02
3.203000e+02
3.314400e+02
3.361200e+02
3.382400e+02
3.384500e+02
3.462800e+02
3.412400e+02
3.462800e+02
3.314400e+02
3.401800e+02
3.361900e+02
3.407400e+02
3.402200e+02
3.377500e+02
3.364600e+02
3.358800e+02
3.384400e+02
3.378300e+02
3.394300e+02
3.345500e+02
3.399300e+02
3.456132e+02
3.465400e+02
3.843800e+02
3.731200e+02
3.656500e+02
3.595900e+02
3.507500e+02
3.507500e+02
3.507500e+02
3.462200e+02
3.417600e+02
3.315900e+02
3.277100e+02
3.226000e+02
3.226000e+02
3.226000e+02
3.106500e+02
3.107700e+02
3.065300e+02
3.059800e+02
3.105100e+02
3.105100e+02
3.105100e+02
3.040700e+02
3.024000e+02
2.795400e+02
2.973500e+02
2.965200e+02
2.965200e+02
2.965200e+02
2.981600e+02
2.981600e+02
2.981600e+02
2.969800e+02
2.970200e+02
2.970200e+02
2.970200e+02
2.970200e+02
2.914790e+02
2.951500e+02
2.953000e+02
2.968000e+02
2.968000e+02
2.968000e+02
2.923200e+02
2.937900e+02
2.921300e+02
2.925600e+02
2.946500e+02
2.948800e+02
2.960300e+02
2.967000e+02
2.940300e+02
2.937400e+02
2.976000e+02
2.970300e+02
2.950600e+02
2.905300e+02
2.895000e+02
2.883600e+02
2.862200e+02
2.869800e+02
2.865700e+02
2.829700e+02
2.819100e+02
2.806100e+02
2.806100e+02
2.861900e+02
3.111600e+02
3.439700e+02
3.439700e+02
3.439700e+02
3.297900e+02
3.250800e+02
3.264500e+02
3.186000e+02
3.142400e+02
3.142400e+02
3.142400e+02
3.151700e+02
3.126900e+02
3.125200e+02
3.125200e+02
3.165100e+02
3.165100e+02
3.165100e+02
3.120400e+02
3.186900e+02
3.198300e+02
3.206900e+02
3.212900e+02
3.212900e+02
3.212900e+02
3.126500e+02
3.060500e+02
3.022100e+02
3.750400e+02
3.105300e+02
3.105300e+02
3.105300e+02
3.826600e+02
3.938800e+02
3.889800e+02
3.849500e+02
3.850300e+02
3.850300e+02
3.850300e+02
3.954800e+02
3.803600e+02
3.362800e+02
4.031900e+02
4.281500e+02
4.281500e+02
4.281500e+02
4.272700e+02
4.300900e+02
4.300900e+02
420
4.249700e+02
4.249700e+02
4.249700e+02
4.205400e+02
4.596500e+02
4.602700e+02
4.521900e+02
4.403700e+02
4.403700e+02
4.403700e+02
4.244200e+02
4.270600e+02
4.262400e+02
4.276500e+02
4.287200e+02
4.287200e+02
4.287200e+02
4.198600e+02
4.205200e+02
4.204400e+02
4.233400e+02
4.226800e+02
4.226800e+02
4.226800e+02
4.157700e+02
4.082800e+02
4.072500e+02
4.158800e+02
4.180200e+02
4.180200e+02
4.180200e+02
4.115700e+02
4.100900e+02
4.107100e+02
4.044600e+02
4.024200e+02
4.024200e+02
4.024200e+02
4.077900e+02
4.061000e+02
4.020500e+02
4.050600e+02
4.040500e+02
4.040500e+02
4.040500e+02
3.985100e+02
399
396
396
396
396
396
396
3.918100e+02
3.906200e+02
3.904000e+02
3.869400e+02
3.869400e+02
3.869400e+02
3.869400e+02
3.866000e+02
3.877300e+02
4.027400e+02
4.047800e+02
4.047800e+02
4.047800e+02
4.039800e+02
4.039800e+02
4.039800e+02
4.039800e+02
4.754700e+02
4.754700e+02
4.754700e+02
4.200100e+02
4.157300e+02
4.131800e+02
4.095200e+02
4.085700e+02
4.085700e+02
4.085700e+02
4.091200e+02
4.078600e+02
4.078600e+02
4.078600e+02
4.082000e+02
4.082000e+02
4.082000e+02
4.059600e+02
4.083400e+02
4.131300e+02
4.143900e+02
4.124000e+02
4.124000e+02
4.124000e+02
4.089300e+02
4.096600e+02
4.098100e+02
4.090400e+02
4.075700e+02
4.075700e+02
4.075700e+02
4.114900e+02
4.114900e+02
4.114900e+02
4.230800e+02
4.180800e+02
4.180800e+02
4.180800e+02
4.132400e+02
4.120100e+02
4.135200e+02
4.157900e+02
4.136500e+02
4.136500e+02
4.136500e+02
4.136500e+02
4.130800e+02
4.141900e+02
4.141900e+02
4.141900e+02
4.141900e+02
4.141900e+02
4.083700e+02
4.088300e+02
4.088300e+02
4.088300e+02
4.088300e+02
4.088300e+02
4.088300e+02
4.088300e+02
4.854900e+02
4.787100e+02
4.848600e+02
4.863000e+02
4.863000e+02
4.863000e+02
4.961900e+02
5.036000e+02
5.158000e+02
5.158000e+02
5.158000e+02
5.158000e+02
5.158000e+02
5.174900e+02
5.093100e+02
5.145600e+02
5.145600e+02
5.032100e+02
5.032100e+02
5.032100e+02
5.032900e+02
5.032900e+02
5.032900e+02
5.032900e+02
5.032900e+02
5.032900e+02
5.032900e+02
5.018900e+02
4.974300e+02
4.973100e+02
4.921800e+02
4.886900e+02
4.886900e+02
4.886900e+02
4.831200e+02
4.731500e+02
4.731500e+02
4.852700e+02
4.852700e+02
4.852700e+02
4.852700e+02
4.839900e+02
4.817600e+02
4.817600e+02
5.325700e+02
5.265600e+02
5.265600e+02
5.265600e+02
5.016100e+02
4.971200e+02
4.971500e+02
4.971500e+02
4.971500e+02
4.971500e+02
4.971500e+02
4.823400e+02
4.785900e+02
4.764500e+02
4.770700e+02
4.728800e+02
4.728800e+02
4.728800e+02
4.745300e+02
4.745300e+02
4.745300e+02
4.745300e+02
4.745300e+02
4.745300e+02
4.745300e+02
4.745300e+02
4.745300e+02
4.745300e+02
4.745300e+02
4.745300e+02
4.745300e+02
4.745300e+02
4.745300e+02
4.745300e+02
0
0
0
0
0
6.415000e+01
1.708200e+02
2.334200e+02
0
2.485200e+02
2.485200e+02
2.485200e+02
1.224600e+02
1.896100e+02
2.478100e+02
2.478100e+02
2.661100e+02
2.661100e+02
2.661100e+02
2.813700e+02
2.813700e+02
2.813700e+02
2.099200e+02
2.850100e+02
2.850100e+02
2.850100e+02
3.371900e+02
3.491900e+02
3.491900e+02
3.778300e+02
3.956500e+02
3.956500e+02
3.956500e+02
4.235500e+02
4.194700e+02
3.695300e+02
4.394000e+02
4.665900e+02
4.665900e+02
4.665900e+02
5.050800e+02
5.146400e+02
5.067000e+02
5.067000e+02
5.737900e+02
5.737900e+02
5.737900e+02
5.742800e+02
5.871500e+02
0
4.809800e+02
5.537000e+02
5.537000e+02
5.537000e+02
6.002000e+02
6.002000e+02
6.002000e+02
6.011000e+02
5.980800e+02
5.980800e+02
5.980800e+02
5.980800e+02
5.739700e+02
1.429600e+02
5.882000e+01
1.300600e+02
1.300600e+02
1.300600e+02
2.295000e+02
2.295000e+02
1.100500e+02
1.100500e+02
1.100500e+02
1.100500e+02
1.100500e+02
1.954500e+02
1.954500e+02
1.224500e+02
3.197800e+02
3.205500e+02
3.205500e+02
3.205500e+02
3.214200e+02
3.406500e+02
3.505100e+02
3.505100e+02
4.072600e+02
4.072600e+02
4.072600e+02
4.719300e+02
5.076100e+02
5.391300e+02
5.568400e+02
5.615400e+02
5.615400e+02
5.615400e+02
5.587900e+02
5.619800e+02
5.551500e+02
5.571700e+02
5.568700e+02
5.568700e+02
5.568700e+02
5.658600e+02
5.696500e+02
5.702000e+02
5.634500e+02
5.568100e+02
5.568100e+02
5.568100e+02
5.664400e+02
5.673800e+02
5.635800e+02
5.545100e+02
5.611100e+02
5.611100e+02
5.611100e+02
5.632400e+02
5.588200e+02
5.491600e+02
5.449800e+02
5.714700e+02
5.714700e+02
5.714700e+02
5.436900e+02
5.467700e+02
5.467700e+02
5.467700e+02
5.264700e+02
5.264700e+02
5.264700e+02
5.236000e+02
5.198600e+02
5.234600e+02
5.211400e+02
5.235400e+02
5.235400e+02
5.235400e+02
5.289700e+02
5.289700e+02
5.270800e+02
5.270800e+02
5.270800e+02
5.270800e+02
5.270800e+02
5.203700e+02
5.155600e+02
5.100200e+02
5.099700e+02
5.094100e+02
5.094100e+02
5.094100e+02
5.082000e+02
5.082000e+02
5.082000e+02
5.082000e+02
5.082000e+02
5.082000e+02
5.082000e+02
5.442800e+02
5.442800e+02
5.442800e+02
1.621000e+02
1.621000e+02
1.621000e+02
1.621000e+02
2.705500e+02
2.705500e+02
2.705500e+02
2.705500e+02
2.705500e+02
2.705500e+02
2.705500e+02
1.475700e+02
1.475700e+02
1.475700e+02
1.447500e+02
1.402500e+02
1.402500e+02
1.402500e+02
1.431900e+02
1.431900e+02
1.431900e+02
1.431900e+02
1.431900e+02
1.431900e+02
1.431900e+02
1.355500e+02
1.355500e+02
1.336400e+02
1.336400e+02
1.348500e+02
1.348500e+02
1.348500e+02
1.314000e+02
1.314000e+02
1.314000e+02
1.314000e+02
1.314000e+02
1.314000e+02
1.314000e+02
193
193
1.982400e+02
1.982400e+02
1.982400e+02
1.982400e+02
1.982400e+02
1.973300e+02
1.973300e+02
1.930400e+02
1.930400e+02
1.927000e+02
1.927000e+02
1.927000e+02
1.927000e+02
1.927000e+02
1.895200e+02
1.895200e+02
1.891200e+02
1.891200e+02
1.891200e+02
1.899600e+02
1.899600e+02
0
0
0
0
0
1.451700e+02
1.451700e+02
1.455500e+02
1.455500e+02
1.391500e+02
1.391500e+02
1.391500e+02
1.418800e+02
1.418800e+02
1.471500e+02
1.471500e+02
1.471500e+02
1.471500e+02
1.471500e+02
1.348300e+02
1.348300e+02
1.315100e+02
1.315100e+02
1.315100e+02
1.315100e+02
1.315100e+02
1.267200e+02
1.267200e+02
1.244600e+02
1.244600e+02
1.244600e+02
1.244600e+02
1.244600e+02
1.244600e+02
1.244600e+02
1.252500e+02
1.252500e+02
1.249200e+02
1.249200e+02
1.249200e+02
1.213300e+02
1.213300e+02
1.180100e+02
1.180100e+02
1.167500e+02
1.167500e+02
1.167500e+02
1.167500e+02
1.167500e+02
1.167500e+02
1.167500e+02
1.167500e+02
1.167500e+02
1.167500e+02
1.167500e+02
1.167500e+02
1.167500e+02
1.167500e+02
1.167500e+02
1.167500e+02
1.167500e+02
1.621700e+02
1.621700e+02
1.611700e+02
1.611700e+02
1.624200e+02
1.624200e+02
1.624200e+02
1.649900e+02
1.649900e+02
1.672600e+02
1.672600e+02
1.689500e+02
1.689500e+02
1.689500e+02
1.617100e+02
1.617100e+02
1.606900e+02
1.606900e+02
1.626300e+02
1.626300e+02
1.626300e+02
1.645200e+02
1.645200e+02
1.656400e+02
1.656400e+02
1.656400e+02
1.656400e+02
1.656400e+02
1.656400e+02
1.656400e+02
1.267600e+02
1.267600e+02
1.267600e+02
1.267600e+02
1.267600e+02
1.559100e+02
1.559100e+02
1.587900e+02
1.587900e+02
1.608100e+02
1.608100e+02
1.608100e+02
1.630600e+02
1.630600e+02
1.630600e+02
1.630600e+02
1.617300e+02
1.617300e+02
1.617300e+02
1.565400e+02
1.565400e+02
1.577800e+02
1.577800e+02
1.546900e+02
1.546900e+02
1.546900e+02
1.550300e+02
1.550300e+02
1.550300e+02
1.550300e+02
1.550300e+02
1.550300e+02
1.550300e+02
1.550300e+02
1.550300e+02
1.550300e+02
1.550300e+02
1.537200e+02
1.537200e+02
1.537200e+02
1.508500e+02
1.508500e+02
1.518500e+02
1.518500e+02
1.508700e+02
1.508700e+02
1.508700e+02
1.510200e+02
1.510200e+02
1.493200e+02
1.493200e+02
1.506800e+02
1.506800e+02
1.506800e+02
1.506800e+02
1.506800e+02
1.494400e+02
1.494400e+02
1.487800e+02
1.487800e+02
1.487800e+02
1.492000e+02
1.492000e+02
1.504600e+02
1.504600e+02
1.528000e+02
1.528000e+02
1.528000e+02
1.523100e+02
1.523100e+02
135
135
1.445700e+02
1.445700e+02
1.445700e+02
1.356200e+02
1.356200e+02
1.356200e+02
1.356200e+02
1.670100e+02
1.670100e+02
1.670100e+02
1.734000e+02
1.734000e+02
1.771800e+02
1.771800e+02
1.771800e+02
1.771800e+02
1.771800e+02
1.982100e+02
1.982100e+02
2.029000e+02
2.029000e+02
2.029000e+02
2.029000e+02
2.029000e+02
2.023900e+02
2.023900e+02
2.059200e+02
2.059200e+02
2.062700e+02
2.062700e+02
2.062700e+02
2.072900e+02
2.072900e+02
2.072900e+02
2.072900e+02
2.072900e+02
2.072900e+02
2.072900e+02
2.047400e+02
2.047400e+02
2.047400e+02
2.047400e+02
2.047400e+02
2.047400e+02
2.047400e+02
2.180500e+02
2.180500e+02
2.156500e+02
2.156500e+02
2.156500e+02
2.156500e+02
2.156500e+02
2.156500e+02
2.156500e+02
2.124000e+02
2.124000e+02
2.124000e+02
2.124000e+02
2.124000e+02
2.134400e+02
2.134400e+02
2.134400e+02
2.134400e+02
2.134400e+02
2.134400e+02
2.134400e+02
2.189500e+02
2.189500e+02
2.189500e+02
2.189500e+02
2.189500e+02
2.189500e+02
2.189500e+02
2.143200e+02
2.143200e+02
2.146100e+02
2.146100e+02
2.217400e+02
2.217400e+02
2.217400e+02
2.234800e+02
2.234800e+02
2.234800e+02
2.234800e+02
2.234800e+02
2.234800e+02
2.234800e+02
2.234800e+02
2.295900e+02
2.295900e+02
2.295900e+02
9.308000e+01
9.308000e+01
9.308000e+01
2.278400e+02
2.278400e+02
2.278400e+02
2.278400e+02
2.278400e+02
2.278400e+02
2.278400e+02
2.378100e+02
2.378100e+02
2.397800e+02
2.397800e+02
2.357400e+02
2.357400e+02
2.357400e+02
2.423400e+02
2.423400e+02
2.423400e+02
2.423400e+02
2.423400e+02
2.423400e+02
2.423400e+02
2.402900e+02
2.402900e+02
2.402900e+02
2.402900e+02
2.425900e+02
2.425900e+02
2.425900e+02
2.350800e+02
2.350800e+02
2.350800e+02
2.350800e+02
2.350800e+02
2.350800e+02
2.350800e+02
2.350800e+02
2.350800e+02
2.350800e+02
1.903200e+02
1.903200e+02
1.903200e+02
1.903200e+02
1.753000e+02
1.753000e+02
1.753000e+02
1.753000e+02
1.753000e+02
1.753000e+02
1.753000e+02
1.753000e+02
1.753000e+02
2.261700e+02
2.261700e+02
2.261700e+02
2.261700e+02
2.261700e+02
2.368200e+02
2.368200e+02
2.368200e+02
2.368200e+02
2.368200e+02
2.368200e+02
2.368200e+02
2.368200e+02
2.368200e+02
2.368200e+02
2.368200e+02
2.368200e+02
2.368200e+02
2.368200e+02
2.771200e+02
2.771200e+02
2.771200e+02
2.771200e+02
2.771200e+02
2.771200e+02
2.771200e+02
3.215800e+02
3.215800e+02
3.215800e+02
3.215800e+02
3.215800e+02
3.215800e+02
3.215800e+02
5.319800e+02
5.319800e+02
5.319800e+02
5.319800e+02
5.319800e+02
5.319800e+02
5.319800e+02
8.237900e+02
8.237900e+02
8.452200e+02
8.452200e+02
8.444300e+02
8.444300e+02
8.444300e+02
8.313400e+02
8.313400e+02
7.938700e+02
7.938700e+02
7.920400e+02
7.920400e+02
7.920400e+02
7.510800e+02
7.510800e+02
8.116300e+02
8.116300e+02
8.126900e+02
8.126900e+02
8.126900e+02
2.244600e+02
2.244600e+02
2.244600e+02
2.244600e+02
2.244600e+02
2.244600e+02
2.244600e+02
7.857700e+02
7.857700e+02
3.873400e+02
3.873400e+02
8.284700e+02
8.284700e+02
8.284700e+02
8.284700e+02
8.284700e+02
8.284700e+02
8.284700e+02
7.806800e+02
7.806800e+02
7.806800e+02
7.693800e+02
7.693800e+02
7.741500e+02
7.741500e+02
7.741500e+02
7.741500e+02
7.741500e+02
7.741500e+02
7.741500e+02
7.741500e+02
7.741500e+02
7.741500e+02
7.741500e+02
7.741500e+02
7.741500e+02
7.741500e+02
7.283700e+02
7.283700e+02
7.283700e+02
7.283700e+02
7.283700e+02
7.283700e+02
7.283700e+02
7.283700e+02
7.283700e+02
7.283700e+02
7.283700e+02
7.283700e+02
7.283700e+02
7.283700e+02
7.283700e+02
7.283700e+02
7.283700e+02
7.283700e+02
7.283700e+02
7.283700e+02
7.283700e+02
7.425900e+02
7.425900e+02
7.425900e+02
7.425900e+02
7.425900e+02
7.425900e+02
7.425900e+02
7.425900e+02
7.425900e+02
7.425900e+02
7.425900e+02
7.425900e+02
7.425900e+02
7.368200e+02
7.368200e+02
7.368200e+02
7.368200e+02
7.368200e+02
7.368200e+02
7.222400e+02
7.222400e+02
2.734900e+02
2.734900e+02
2.734900e+02
2.734900e+02
2.734900e+02
7.149400e+02
7.149400e+02
7.149400e+02
7.149400e+02
7.149400e+02
7.149400e+02
7.149400e+02
7.014100e+02
7.014100e+02
6.981400e+02
6.981400e+02
7.290700e+02
7.290700e+02
7.290700e+02
7.057500e+02
7.057500e+02
7.057500e+02
7.057500e+02
7.057500e+02
7.057500e+02
7.057500e+02
6.990100e+02
6.990100e+02
6.913500e+02
6.913500e+02
7.058900e+02
7.058900e+02
7.058900e+02
2.853700e+02
2.853700e+02
2.853700e+02
2.853700e+02
2.853700e+02
2.853700e+02
2.853700e+02
2.359000e+02
2.359000e+02
2.250800e+02
2.250800e+02
4.567600e+02
4.567600e+02
4.567600e+02
5.696200e+02
5.696200e+02
5.696200e+02
5.696200e+02
5.696200e+02
5.696200e+02
5.696200e+02
5.696200e+02
5.696200e+02
5.696200e+02
5.696200e+02
5.696200e+02
5.696200e+02
5.696200e+02
7.007700e+02
7.007700e+02
6.958600e+02
6.958600e+02
6.958600e+02
6.958600e+02
6.958600e+02
7.063500e+02
7.063500e+02
7.000400e+02
7.000400e+02
6.987000e+02
6.987000e+02
6.987000e+02
1.001940e+03
1.001940e+03
1.001940e+03
1.001940e+03
1.001940e+03
1.001940e+03
1.001940e+03
7.011200e+02
7.011200e+02
6.960800e+02
6.960800e+02
7.019400e+02
7.019400e+02
7.019400e+02
6.905300e+02
6.905300e+02
6.905300e+02
6.905300e+02
6.905300e+02
6.905300e+02
6.905300e+02
6.800300e+02
6.800300e+02
6.768000e+02
6.768000e+02
6.702800e+02
6.702800e+02
6.702800e+02
6.702800e+02
6.702800e+02
6.702800e+02
6.702800e+02
6.702800e+02
6.702800e+02
6.702800e+02
6.702800e+02
6.702800e+02
7.047700e+02
7.047700e+02
6.893400e+02
6.893400e+02
6.893400e+02
6.948600e+02
6.948600e+02
7.017600e+02
7.017600e+02
7.017600e+02
7.017600e+02
7.017600e+02
7.299800e+02
7.299800e+02
7.436100e+02
7.436100e+02
6.387200e+02
6.387200e+02
6.387200e+02
6.218900e+02
6.218900e+02
6.218900e+02
6.218900e+02
6.151400e+02
6.151400e+02
6.151400e+02
6.136200e+02
6.136200e+02
5.995900e+02
5.995900e+02
5.973400e+02
5.973400e+02
5.973400e+02
6.015000e+02
6.015000e+02
6.015000e+02
6.015000e+02
6.015000e+02
6.015000e+02
6.015000e+02
5.901400e+02
5.901400e+02
5.935800e+02
5.935800e+02
5.922500e+02
5.922500e+02
5.922500e+02
5.950800e+02
5.950800e+02
5.990100e+02
5.990100e+02
5.935500e+02
5.935500e+02
5.935500e+02
6.005700e+02
6.005700e+02
6.005700e+02
6.005700e+02
5.898100e+02
5.898100e+02
5.898100e+02
6.041400e+02
6.041400e+02
5.897500e+02
5.897500e+02
5.897500e+02
5.897500e+02
5.897500e+02
6.118100e+02
6.118100e+02
610
610
6.009400e+02
6.009400e+02
6.009400e+02
6.016300e+02
6.016300e+02
6.016300e+02
6.016300e+02
6.020900e+02
6.020900e+02
6.020900e+02
6.002700e+02
6.002700e+02
6.002700e+02
6.277500e+02
6.280600e+02
6.280600e+02
6.280600e+02
5.482400e+02
5.482400e+02
5.482400e+02
5.482400e+02
5.482400e+02
5.482400e+02
5.482400e+02
5.334300e+02
5.334300e+02
5.312800e+02
5.312800e+02
5.455400e+02
5.455400e+02
5.455400e+02
5.359100e+02
5.359100e+02
5.317100e+02
5.317100e+02
5.266000e+02
5.266000e+02
5.266000e+02
4.569800e+02
4.569800e+02
5.076500e+02
5.076500e+02
5.231900e+02
5.231900e+02
5.231900e+02
5.263100e+02
5.263100e+02
5.296200e+02
5.296200e+02
5.315300e+02
5.315300e+02
5.315300e+02
5.297300e+02
5.297300e+02
5.291800e+02
5.291800e+02
5.378100e+02
5.378100e+02
5.378100e+02
5.513300e+02
5.513300e+02
5.513300e+02
5.513300e+02
5.858800e+02
5.858800e+02
5.858800e+02
5.932500e+02
5.932500e+02
6.448300e+02
6.448300e+02
6.602900e+02
6.602900e+02
6.602900e+02
6.746200e+02
6.746200e+02
6.602900e+02
6.602900e+02
6.602900e+02
6.602900e+02
6.602900e+02
6.772300e+02
6.772300e+02
7.044800e+02
7.044800e+02
7.123200e+02
7.123200e+02
7.123200e+02
7.015000e+02
7.015000e+02
6.961800e+02
6.961800e+02
7.081300e+02
7.081300e+02
7.081300e+02
6.930400e+02
6.930400e+02
6.719800e+02
6.719800e+02
6.719800e+02
6.719800e+02
6.719800e+02
6.738700e+02
6.738700e+02
6.663300e+02
6.663300e+02
6.689100e+02
6.689100e+02
6.689100e+02
6.645100e+02
6.645100e+02
6.219900e+02
6.219900e+02
6.974700e+02
6.974700e+02
6.974700e+02
6.909100e+02
6.909100e+02
6.909100e+02
6.909100e+02
6.909100e+02
6.909100e+02
6.909100e+02
6.653700e+02
6.653700e+02
6.607300e+02
6.607300e+02
6.602200e+02
6.602200e+02
6.602200e+02
6.086300e+02
6.086300e+02
6.086300e+02
6.086300e+02
5.973700e+02
5.973700e+02
5.973700e+02
5.915700e+02
5.915700e+02
5.892700e+02
5.892700e+02
5.892700e+02
5.892700e+02
5.892700e+02
5.862100e+02
5.862100e+02
5.841400e+02
5.841400e+02
5.582800e+02
5.582800e+02
5.582800e+02
3.158500e+02
3.158500e+02
2.577000e+02
2.577000e+02
5.366400e+02
5.366400e+02
5.366400e+02
5.134700e+02
5.134700e+02
5.133900e+02
5.133900e+02
5.180900e+02
5.180900e+02
5.180900e+02
5.180600e+02
5.180600e+02
5.180600e+02
5.180600e+02
5.283000e+02
5.283000e+02
5.283000e+02
5.290500e+02
5.290500e+02
5.290500e+02
5.290500e+02
5.290500e+02
5.290500e+02
5.290500e+02
5.227300e+02
5.227300e+02
5.217600e+02
5.217600e+02
5.217600e+02
5.217600e+02
5.217600e+02
5.222700e+02
5.222700e+02
5.217000e+02
5.217000e+02
5.223400e+02
5.223400e+02
5.223400e+02
5.175000e+02
5.175000e+02
5.515800e+02
5.515800e+02
5.476300e+02
5.476300e+02
5.476300e+02
5.423100e+02
5.423100e+02
5.402300e+02
5.402300e+02
5.402300e+02
5.402300e+02
5.402300e+02
5.402300e+02
5.402300e+02
5.122300e+02
5.122300e+02
5.122300e+02
5.122300e+02
5.122300e+02
5.177900e+02
5.177900e+02
5.162700e+02
5.162700e+02
5.148100e+02
5.148100e+02
5.148100e+02
5.116900e+02
5.116900e+02
5.106200e+02
5.106200e+02
5.082000e+02
5.082000e+02
5.082000e+02
5.081800e+02
5.081800e+02
5.052600e+02
5.052600e+02
5.052600e+02
5.052600e+02
5.052600e+02
4.924400e+02
4.924400e+02
4.932600e+02
4.932600e+02
4.932600e+02
4.932600e+02
4.932600e+02
4.889200e+02
4.889200e+02
4.905600e+02
4.905600e+02
4.882800e+02
4.882800e+02
4.882800e+02
4.861200e+02
4.861200e+02
4.792000e+02
4.792000e+02
4.792000e+02
4.792000e+02
4.792000e+02
4.792000e+02
4.792000e+02
5.092600e+02
5.092600e+02
5.141800e+02
5.141800e+02
5.141800e+02
5.225200e+02
5.225200e+02
5.203800e+02
5.203800e+02
5.203800e+02
5.203800e+02
5.203800e+02
5.147900e+02
5.147900e+02
5.068200e+02
5.068200e+02
5.068200e+02
5.068200e+02
5.068200e+02
4.707000e+02
4.707000e+02
4.896200e+02
4.896200e+02
4.896200e+02
4.896200e+02
4.896200e+02
5.197700e+02
5.197700e+02
4.979200e+02
4.979200e+02
4.979200e+02
4.979200e+02
4.979200e+02
5.306300e+02
5.306300e+02
5.162400e+02
5.162400e+02
5.162400e+02
5.162400e+02
5.162400e+02
5.277700e+02
5.277700e+02
5.271600e+02
5.271600e+02
5.271600e+02
5.271600e+02
5.271600e+02
5.210200e+02
5.210200e+02
5.161100e+02
5.161100e+02
5.161100e+02
5.161100e+02
5.161100e+02
5.053800e+02
5.053800e+02
5.053800e+02
5.053800e+02
5.044500e+02
5.044500e+02
5.044500e+02
4.522000e+02
4.522000e+02
4.847400e+02
4.847400e+02
4.847400e+02
4.847400e+02
4.847400e+02
4.847400e+02
4.847400e+02
5.409600e+02
5.409600e+02
5.409600e+02
5.409600e+02
5.409600e+02
4.963800e+02
4.963800e+02
4.963800e+02
4.963800e+02
5.144600e+02
5.144600e+02
5.144600e+02
539
539
5.386600e+02
5.386600e+02
466
466
466
4.696500e+02
4.696500e+02
4.660100e+02
4.660100e+02
4.660100e+02
4.660100e+02
4.660100e+02
4.612000e+02
4.612000e+02
4.593100e+02
4.593100e+02
4.586800e+02
4.586800e+02
4.586800e+02
457
457
4.549800e+02
4.549800e+02
4.549800e+02
4.549800e+02
4.549800e+02
4.513000e+02
4.513000e+02
4.502900e+02
4.502900e+02
4.648300e+02
4.648300e+02
4.648300e+02
4.648300e+02
4.648300e+02
4.648300e+02
4.648300e+02
4.648300e+02
4.648300e+02
4.648300e+02
4.646000e+02
4.646000e+02
4.662200e+02
4.662200e+02
4.659200e+02
4.659200e+02
4.659200e+02
4.659200e+02
4.659200e+02
4.659600e+02
4.659600e+02
4.659600e+02
4.659600e+02
4.659600e+02
4.679800e+02
4.679800e+02
4.683000e+02
4.683000e+02
4.650500e+02
4.650500e+02
4.650500e+02
4.650500e+02
4.650500e+02
4.650500e+02
4.650500e+02
4.650500e+02
4.650500e+02
4.650500e+02
4.612700e+02
4.612700e+02
4.612700e+02
4.612700e+02
4.612700e+02
4.612700e+02
4.612700e+02
4.602900e+02
4.602900e+02
4.601800e+02
4.601800e+02
4.545100e+02
4.545100e+02
4.545100e+02
455
455
460
460
457
457
457
457
457
455
455
451
451
451
433
433
432
432
432
432
432
442
442
442
442
442
442
442
4.479200e+02
4.479200e+02
4.446200e+02
4.446200e+02
4.379600e+02
4.379600e+02
4.379600e+02
4.374200e+02
4.374200e+02
4.343500e+02
4.343500e+02
4.344200e+02
4.344200e+02
4.344200e+02
4.343300e+02
4.343300e+02
4.343300e+02
4.343300e+02
4.329300e+02
4.329300e+02
4.329300e+02
4.353500e+02
4.353500e+02
4.337800e+02
4.337800e+02
4.258000e+02
4.258000e+02
4.258000e+02
4.274900e+02
4.274900e+02
4.272100e+02
4.272100e+02
4.267200e+02
4.267200e+02
4.267200e+02
4.239800e+02
4.239800e+02
4.239800e+02
4.239800e+02
4.138400e+02
4.138400e+02
4.138400e+02
4.118600e+02
4.118600e+02
4.118600e+02
4.118600e+02
3.997200e+02
3.997200e+02
3.997200e+02
4.165400e+02
4.165400e+02
4.208800e+02
4.208800e+02
4.082900e+02
4.082900e+02
4.082900e+02
3.999900e+02
3.999900e+02
3.989300e+02
3.989300e+02
3.989300e+02
3.989300e+02
3.989300e+02
3.849800e+02
3.849800e+02
3.910600e+02
3.910600e+02
3.885400e+02
3.885400e+02
3.885400e+02
3.837500e+02
3.837500e+02
3.766700e+02
3.766700e+02
3.967400e+02
3.967400e+02
3.967400e+02
3.695900e+02
3.695900e+02
3.655600e+02
3.655600e+02
3.671600e+02
3.671600e+02
3.671600e+02
3.637500e+02
3.637500e+02
3.637500e+02
3.637500e+02
7.269400e+02
7.269400e+02
7.269400e+02
3.612500e+02
3.612500e+02
3.467400e+02
3.467400e+02
3.477500e+02
3.477500e+02
3.477500e+02
3.477500e+02
3.477500e+02
3.477500e+02
3.477500e+02
3.477500e+02
3.477500e+02
3.477500e+02
3.250700e+02
3.250700e+02
2.928100e+02
2.928100e+02
2.928100e+02
2.928100e+02
2.928100e+02
2.856900e+02
2.856900e+02
2.841900e+02
2.841900e+02
281
281
281
2.793000e+02
2.793000e+02
2.694500e+02
2.694500e+02
2.729800e+02
2.729800e+02
2.729800e+02
2.688700e+02
2.688700e+02
2.661900e+02
2.661900e+02
2.661900e+02
