0
0
0
0
0
0
0
0
0
0
0
0
0
0
0
0
0
0
0
0
0
0
0
0
0
0
0
0
0
0
0
0
0
0
0
0
0
0
0
0
0
0
0
0
0
0
0
0
0
0
0
0
0
0
0
0
0
0
0
0
0
0
0
0
0
0
0
0
0
0
0
0
0
0
0
0
0
0
0
0
0
0
0
0
0
0
0
0
0
0
0
0
0
0
0
0
0
0
0
0
0
0
0
0
0
0
0
0
0
0
0
0
0
0
0
0
0
0
0
0
0
0
0
0
0
0
0
0
0
0
0
0
0
0
0
0
0
0
0
0
0
0
0
0
0
0
0
0
0
0
0
0
0
0
0
0
0
0
0
0
0
0
0
0
0
0
0
0
0
0
0
0
0
0
0
0
0
0
0
0
0
0
0
0
0
0
0
0
0
0
0
0
0
0
0
0
0
0
0
0
0
0
0
0
0
0
0
0
0
0
0
0
0
0
0
0
0
0
0
0
0
0
0
0
0
0
0
0
0
0
0
0
0
0
0
0
0
0
0
0
0
0
0
0
0
0
0
0
0
0
0
0
0
0
0
0
0
0
0
0
0
0
0
0
0
0
0
0
0
0
0
0
0
0
0
0
0
0
0
0
0
0
0
0
0
0
0
0
0
0
0
0
0
0
0
0
0
0
0
0
0
0
0
0
0
0
0
0
0
0
0
0
0
0
0
0
0
0
0
0
0
0
0
0
0
0
0
0
0
0
0
0
0
0
0
0
0
0
0
0
0
0
0
0
0
0
0
0
0
0
0
0
0
0
0
0
0
0
0
0
0
0
0
0
0
0
0
0
0
0
0
0
0
0
0
0
0
0
0
0
0
0
0
0
0
0
0
0
0
0
0
0
0
0
0
0
0
0
0
0
0
0
0
0
0
0
0
0
0
0
0
0
0
0
0
0
0
0
0
0
0
0
0
0
0
0
0
0
0
0
0
0
0
0
0
0
0
0
0
0
0
0
0
0
0
0
0
0
0
0
0
0
0
0
0
0
0
0
0
0
0
0
0
0
0
0
0
0
0
0
0
0
0
0
0
0
0
0
0
0
0
0
0
0
0
0
0
0
0
0
0
0
0
0
0
0
0
0
0
0
0
0
0
0
0
0
0
0
0
0
0
0
0
0
0
0
0
0
0
0
0
0
0
0
0
0
0
0
0
0
0
0
0
0
0
0
0
0
0
0
0
0
0
0
0
0
0
0
0
0
0
0
0
0
0
0
0
0
0
0
0
0
0
0
0
0
0
0
0
0
0
0
0
0
0
0
0
0
0
0
0
0
0
0
0
0
0
0
0
0
0
0
0
0
0
0
0
0
0
0
0
0
0
0
0
0
0
0
0
0
0
0
0
0
0
0
0
0
0
0
0
0
0
0
0
0
0
0
0
0
0
0
0
0
0
0
0
0
0
0
0
0
0
0
0
0
0
0
0
0
0
0
0
0
0
0
0
0
0
0
0
0
0
0
0
0
0
0
0
0
0
0
0
0
0
0
0
0
0
0
0
0
0
0
0
0
0
0
0
0
0
0
0
0
0
0
0
0
0
0
0
0
0
0
0
0
0
0
0
0
0
0
0
0
0
0
0
0
0
0
0
0
0
0
0
0
0
0
0
0
0
0
0
0
0
0
0
0
0
0
0
0
0
0
0
0
0
0
0
0
0
0
0
0
0
0
0
0
0
0
0
0
0
0
0
0
0
0
0
0
0
0
0
0
0
0
0
0
0
0
0
0
0
0
0
0
0
0
0
0
0
0
0
0
0
0
0
0
0
0
0
0
0
0
0
0
0
0
0
0
0
0
0
0
0
0
0
0
0
0
0
0
0
0
0
0
0
0
0
0
0
0
0
0
0
0
0
0
0
0
0
0
0
0
0
0
0
0
0
0
0
0
0
0
0
0
0
0
0
0
0
0
0
0
0
0
0
0
0
0
0
0
0
0
0
0
0
0
0
0
0
0
0
0
0
0
0
0
0
0
0
0
0
0
0
0
0
0
0
0
0
0
0
0
0
0
0
0
0
0
0
0
0
0
0
0
0
0
0
0
0
0
0
0
0
0
0
0
0
0
0
0
0
0
0
0
0
0
0
0
0
0
0
0
0
0
0
0
0
0
0
0
0
0
0
0
0
0
0
0
0
0
0
0
0
0
0
0
0
0
0
0
0
0
0
0
0
0
0
0
0
0
0
0
0
0
0
0
0
0
0
0
0
0
0
0
0
0
0
0
0
0
0
0
0
0
0
0
0
0
0
0
0
0
0
0
0
0
0
0
0
0
0
0
0
0
0
0
0
0
0
0
0
0
0
0
0
0
0
0
0
0
0
0
0
0
0
0
0
0
0
0
0
0
0
0
0
0
0
0
0
0
0
0
0
0
0
0
0
0
0
0
0
0
0
0
0
0
0
0
0
0
0
0
0
0
0
0
0
0
0
0
0
0
0
0
0
0
0
0
0
0
0
0
0
0
0
0
0
0
0
0
0
0
0
0
0
0
0
0
0
0
0
0
0
0
0
0
0
0
0
0
0
0
0
0
0
0
0
0
0
0
0
0
0
0
0
0
0
0
0
0
0
0
0
0
0
0
0
0
0
0
0
0
0
0
0
0
0
0
0
0
0
0
0
0
0
0
0
0
0
0
0
0
0
0
0
0
0
0
0
0
0
0
0
0
0
0
0
0
0
0
0
0
0
0
0
0
0
0
0
0
0
0
0
0
0
0
0
0
0
0
0
0
0
0
0
0
0
0
0
0
0
0
0
0
0
0
0
0
0
0
0
0
0
0
0
0
0
0
0
0
0
0
0
0
0
0
0
0
0
0
0
0
0
0
0
0
0
0
0
0
0
0
0
0
0
0
0
0
0
0
0
0
0
0
0
0
0
0
0
0
0
0
0
0
0
0
0
0
0
0
0
0
0
0
0
0
0
0
0
0
0
0
0
0
0
0
0
0
0
0
0
0
0
0
0
0
0
0
0
0
0
0
0
0
0
0
0
0
0
0
0
0
0
0
0
0
0
0
0
0
0
0
0
0
0
0
0
0
0
0
0
0
0
0
0
0
0
0
0
0
0
0
0
0
0
0
0
0
0
0
0
0
0
0
0
0
0
0
0
0
0
0
0
0
0
0
0
0
0
0
0
0
0
0
0
0
0
0
0
0
0
0
0
0
0
0
0
0
0
0
0
0
0
0
0
0
0
0
0
0
0
0
0
0
0
0
0
0
0
0
0
0
0
0
0
0
0
0
0
0
0
0
0
0
0
0
0
0
0
0
0
0
0
0
0
0
0
0
0
0
0
0
0
0
0
0
0
0
0
0
0
0
0
0
0
0
0
0
0
0
0
0
0
0
0
0
0
0
0
0
0
0
0
0
3.082800e+02
1.616900e+02
3.527900e+02
4.589600e+02
3.488800e+02
3.488800e+02
3.488800e+02
3.488800e+02
6.210800e+02
6.210800e+02
6.827400e+02
7.165500e+02
7.165500e+02
7.165500e+02
8.632100e+02
9.131400e+02
9.647900e+02
1.042590e+03
1.042590e+03
1.042590e+03
1.042590e+03
1.177320e+03
1.177830e+03
1.250360e+03
1.330110e+03
1.176910e+03
1.176910e+03
1.176910e+03
1.710650e+03
1.786150e+03
1.859710e+03
1.967790e+03
1.923500e+03
1.923500e+03
1.923500e+03
2.748200e+02
3.468700e+02
7.277700e+02
9.945000e+02
1.059880e+03
1.059880e+03
1.059880e+03
1.157560e+03
1.157560e+03
1.157560e+03
1.257220e+03
1.256040e+03
1.256040e+03
1.256040e+03
8.650200e+02
8.650200e+02
8.398400e+02
8.398400e+02
9.389900e+02
9.389900e+02
9.389900e+02
9.397300e+02
9.397300e+02
9.388200e+02
9.388200e+02
9.869500e+02
9.869500e+02
9.869500e+02
1.058160e+03
1.058160e+03
1.058160e+03
1.058160e+03
1.101170e+03
1.101170e+03
1.101170e+03
1.069670e+03
1.069670e+03
1.045660e+03
1.045660e+03
1.057720e+03
1.057720e+03
1.057720e+03
1.159670e+03
1.159670e+03
1.159670e+03
1.159670e+03
1.070550e+03
1.070550e+03
1.070550e+03
1.017920e+03
1.017920e+03
9.985100e+02
9.985100e+02
9.985100e+02
9.985100e+02
9.985100e+02
9.078000e+02
9.078000e+02
7.698700e+02
7.698700e+02
7.030900e+02
7.030900e+02
7.030900e+02
7.030900e+02
7.030900e+02
7.782500e+02
7.782500e+02
7.815300e+02
7.815300e+02
7.815300e+02
7.535900e+02
7.535900e+02
7.491100e+02
7.491100e+02
7.443400e+02
7.443400e+02
7.443400e+02
7.251900e+02
7.251900e+02
8.281500e+02
8.281500e+02
8.307900e+02
8.307900e+02
8.307900e+02
8.096500e+02
8.096500e+02
8.027100e+02
8.027100e+02
8.038900e+02
8.038900e+02
8.038900e+02
8.165600e+02
8.165600e+02
7.876900e+02
7.876900e+02
8.165700e+02
8.165700e+02
8.165700e+02
8.241900e+02
8.241900e+02
8.187600e+02
8.187600e+02
8.187600e+02
8.187600e+02
8.187600e+02
8.263400e+02
8.263400e+02
8.245200e+02
8.245200e+02
8.245200e+02
8.245200e+02
8.245200e+02
8.195000e+02
8.195000e+02
8.195000e+02
8.195000e+02
1.109820e+03
1.109820e+03
1.109820e+03
1.109820e+03
1.109820e+03
1.029730e+03
1.029730e+03
1.029730e+03
1.029730e+03
1.029730e+03
1.029730e+03
1.029730e+03
9.543800e+02
9.543800e+02
9.543800e+02
9.543800e+02
9.543800e+02
9.240600e+02
9.240600e+02
8.855400e+02
8.855400e+02
8.506600e+02
8.506600e+02
8.506600e+02
8.446400e+02
8.446400e+02
8.058100e+02
8.058100e+02
7.751400e+02
7.751400e+02
7.751400e+02
8.751400e+02
8.751400e+02
8.751400e+02
8.751400e+02
8.751400e+02
8.751400e+02
8.751400e+02
7.826700e+02
7.826700e+02
7.475900e+02
7.475900e+02
7.050400e+02
7.050400e+02
7.050400e+02
7.050400e+02
7.050400e+02
7.050400e+02
7.050400e+02
9.082000e+02
9.082000e+02
9.082000e+02
8.594100e+02
8.594100e+02
8.429400e+02
8.429400e+02
8.162100e+02
8.162100e+02
8.162100e+02
7.046100e+02
7.046100e+02
7.046100e+02
7.046100e+02
6.475800e+02
6.475800e+02
6.475800e+02
6.384000e+02
6.384000e+02
6.235800e+02
6.235800e+02
5.956900e+02
5.956900e+02
5.956900e+02
5.956900e+02
5.956900e+02
5.956900e+02
5.956900e+02
5.956900e+02
5.956900e+02
5.956900e+02
5.956900e+02
5.956900e+02
5.956900e+02
5.956900e+02
7.907100e+02
7.907100e+02
7.907100e+02
7.494300e+02
7.494300e+02
7.269600e+02
7.269600e+02
6.857800e+02
6.857800e+02
6.857800e+02
6.380700e+02
6.380700e+02
7.663500e+02
7.663500e+02
7.663500e+02
7.663500e+02
7.663500e+02
7.663500e+02
7.663500e+02
7.663500e+02
7.663500e+02
7.663500e+02
7.663500e+02
7.663500e+02
7.663500e+02
7.663500e+02
6.967400e+02
6.967400e+02
6.832200e+02
6.832200e+02
6.832200e+02
6.544900e+02
6.544900e+02
6.442400e+02
6.442400e+02
6.304500e+02
6.304500e+02
6.304500e+02
6.497900e+02
6.497900e+02
6.519000e+02
6.519000e+02
6.519000e+02
6.519000e+02
6.519000e+02
6.158400e+02
6.158400e+02
6.047300e+02
6.047300e+02
5.870700e+02
5.870700e+02
5.870700e+02
5.940700e+02
5.940700e+02
6.002300e+02
6.002300e+02
6.002300e+02
6.002300e+02
6.002300e+02
6.002300e+02
6.033700e+02
6.033700e+02
6.089500e+02
6.350700e+02
6.350700e+02
6.350700e+02
6.350700e+02
6.350700e+02
6.044400e+02
6.044400e+02
6.123700e+02
6.123700e+02
6.123700e+02
6.010100e+02
6.010100e+02
6.010100e+02
6.010100e+02
6.010100e+02
6.010100e+02
6.010100e+02
6.010100e+02
6.010100e+02
6.698400e+02
6.698400e+02
6.698400e+02
6.698400e+02
6.698400e+02
6.450500e+02
6.450500e+02
6.298400e+02
6.298400e+02
6.273000e+02
6.273000e+02
6.273000e+02
6.273000e+02
6.273000e+02
6.273000e+02
6.273000e+02
6.273000e+02
6.273000e+02
6.273000e+02
1.100510e+03
1.100510e+03
1.100510e+03
1.186010e+03
1.151750e+03
1.151750e+03
1.151750e+03
1.151750e+03
1.151750e+03
1.043530e+03
1.043530e+03
1.043530e+03
1.043530e+03
1.043530e+03
1.043530e+03
1.043530e+03
1.043530e+03
1.043530e+03
7.608100e+02
7.608100e+02
7.608100e+02
7.608100e+02
7.608100e+02
7.608100e+02
7.608100e+02
1.416990e+03
1.416990e+03
1.416990e+03
1.314350e+03
1.314350e+03
1.314350e+03
1.314350e+03
1.233790e+03
1.233790e+03
1.233790e+03
1.233790e+03
1.233790e+03
1.233790e+03
1.233790e+03
1.233790e+03
1.233790e+03
1.233790e+03
1.233790e+03
1.233790e+03
1.233790e+03
1.233790e+03
1.233790e+03
1.233790e+03
1.233790e+03
1.233790e+03
1.233790e+03
1.233790e+03
1.233790e+03
1.194750e+03
1.194750e+03
1.194750e+03
1.194750e+03
1.194750e+03
1.194750e+03
1.194750e+03
1.194750e+03
1.194750e+03
1.194750e+03
1.194750e+03
1.194750e+03
1.194750e+03
1.140680e+03
1.141360e+03
1.141360e+03
1.141360e+03
1.140270e+03
1.140270e+03
1.140270e+03
1.140270e+03
1.126180e+03
1.126180e+03
1.126180e+03
1.126180e+03
1.126180e+03
1.102910e+03
1.102910e+03
1.102910e+03
1.102910e+03
1.102910e+03
1.102910e+03
1.102910e+03
1.062940e+03
1.062940e+03
1.060760e+03
1.060760e+03
1.060760e+03
1.060760e+03
1.060760e+03
1.481740e+03
1.481740e+03
1.465900e+03
1.465900e+03
1.465900e+03
1.455550e+03
1.455550e+03
1.443070e+03
1.443070e+03
1.442530e+03
1.442530e+03
1.442530e+03
1.434130e+03
1.434130e+03
1.434130e+03
1.434130e+03
1.434130e+03
1.434130e+03
1.434130e+03
1.405880e+03
1.405880e+03
1.402220e+03
1.402220e+03
1.402220e+03
1.402220e+03
1.402220e+03
1.402220e+03
1.402220e+03
1.380820e+03
1.380820e+03
1.377470e+03
1.377470e+03
1.377470e+03
1.369990e+03
1.369990e+03
1.350160e+03
1.350160e+03
1.350160e+03
1.350160e+03
1.350160e+03
1.350160e+03
1.350160e+03
1.335620e+03
1.335620e+03
1.371430e+03
1.371430e+03
1.371430e+03
1.334730e+03
1.334730e+03
1.319660e+03
1.319660e+03
1.317320e+03
1.317320e+03
1.317320e+03
1.317320e+03
1.317320e+03
1.309140e+03
1.309140e+03
1.301360e+03
1.301360e+03
1.301360e+03
1.301360e+03
1.301360e+03
1.289360e+03
1.289360e+03
1.288060e+03
1.288060e+03
1.288060e+03
1.283100e+03
1.283100e+03
1.283060e+03
1.283060e+03
1.283060e+03
1.283060e+03
1.283060e+03
1.283060e+03
1.283060e+03
1.276880e+03
1.276880e+03
1.267020e+03
1.267020e+03
1.267020e+03
1.267020e+03
1.267020e+03
1.253270e+03
1.253270e+03
1.253270e+03
1.253270e+03
1.253270e+03
1.253270e+03
1.253270e+03
1.253270e+03
1.253270e+03
1.253270e+03
1.253270e+03
1.253270e+03
1.253270e+03
1.253270e+03
1.253270e+03
1.253270e+03
1.253270e+03
1.253270e+03
1.253270e+03
1.253270e+03
1.253270e+03
1.209610e+03
1.209610e+03
1.209610e+03
1.209610e+03
1.209610e+03
1.209610e+03
1.209610e+03
1.209610e+03
1.209610e+03
1.209610e+03
1.209610e+03
1.209610e+03
1.209610e+03
1.209610e+03
1.209610e+03
1.209610e+03
1.209610e+03
1.209610e+03
1.209610e+03
1.209610e+03
1.209610e+03
1211
1211
1211
1211
1211
1.212970e+03
1.212970e+03
0
0
1.618040e+03
1.618040e+03
1.618040e+03
1.618040e+03
1.618040e+03
1531
1531
1.498670e+03
1.498670e+03
1.498670e+03
1.470100e+03
1.470100e+03
1.456950e+03
1.456950e+03
1.457970e+03
1.457970e+03
1.457970e+03
1.457970e+03
1.457970e+03
1.427040e+03
1.427040e+03
1.420340e+03
1.420340e+03
1.420340e+03
1.423260e+03
1.423260e+03
1.424350e+03
1.424350e+03
1.424350e+03
1.424350e+03
1.424350e+03
1.414070e+03
1.414070e+03
1.255230e+03
1.255230e+03
1.384350e+03
1.384350e+03
1.384350e+03
1.368060e+03
1.368060e+03
1.311960e+03
1.311960e+03
1.327250e+03
1.327250e+03
1.327250e+03
1.327250e+03
1.327250e+03
1.344440e+03
1.344440e+03
1.344440e+03
1.344440e+03
1.344440e+03
1.325400e+03
1.325400e+03
1.318700e+03
1.318700e+03
1.318700e+03
1.318700e+03
1.318700e+03
1.318700e+03
1.318700e+03
1.312030e+03
1.312030e+03
1305
1305
1305
1.311710e+03
1.311710e+03
1.307560e+03
1.307560e+03
1.281460e+03
1.281460e+03
1.281460e+03
1.281460e+03
1.281460e+03
1.287930e+03
1.287930e+03
1.289860e+03
1.289860e+03
1.289860e+03
1.291420e+03
1.291420e+03
1.287730e+03
1.287730e+03
1.289870e+03
1.289870e+03
1.289870e+03
1.289870e+03
1.289870e+03
1.291270e+03
1.291270e+03
1.310070e+03
1.310070e+03
1.310070e+03
1.310070e+03
1.310070e+03
1.321710e+03
1.321710e+03
1.353250e+03
1.353250e+03
1.353250e+03
1.353250e+03
1.353250e+03
1.328780e+03
1.328780e+03
1.328780e+03
1.328780e+03
1.328780e+03
1.328780e+03
1.328780e+03
1.323250e+03
1.323250e+03
1.317520e+03
1.317520e+03
1.317520e+03
1.316070e+03
1.316070e+03
1.316070e+03
1.316070e+03
1.297020e+03
1.297020e+03
1.297020e+03
1.314860e+03
1.314860e+03
1.314860e+03
1.314860e+03
1.314860e+03
1.314860e+03
1.314860e+03
1.304040e+03
1.304040e+03
1.298030e+03
1.298030e+03
1.289760e+03
1.289760e+03
1.289760e+03
1.289510e+03
1.289510e+03
1.288090e+03
1.288090e+03
1.288090e+03
1.288090e+03
1.288090e+03
1.288090e+03
1.288090e+03
1.295210e+03
1.295210e+03
1.291590e+03
1.291590e+03
1.291590e+03
1.291590e+03
1.291590e+03
1.296610e+03
1.296610e+03
1.280990e+03
1.280990e+03
1.280990e+03
1.274740e+03
1.274740e+03
1.269910e+03
1.269910e+03
1.269910e+03
1.269910e+03
1.269910e+03
1.257770e+03
1.257770e+03
1.266930e+03
1.266930e+03
1.266930e+03
1.266930e+03
1.266930e+03
1.267740e+03
1.267740e+03
1.254420e+03
1.254420e+03
1.254420e+03
1.254420e+03
1.254420e+03
1256
1256
1.249660e+03
1.249660e+03
1.240070e+03
1.240070e+03
1.240070e+03
1.240650e+03
1.240650e+03
1.240650e+03
1.240650e+03
1.237740e+03
1.237740e+03
1.237740e+03
1.226020e+03
1.226020e+03
1.229030e+03
1.229030e+03
1.230420e+03
1.230420e+03
1.230420e+03
1.219320e+03
1.219320e+03
1.216360e+03
1.216360e+03
1.216360e+03
1.216360e+03
1.216360e+03
1.207140e+03
1.207140e+03
1.206820e+03
1.206820e+03
1.206150e+03
1.206150e+03
1.206150e+03
1.206150e+03
1.203180e+03
1.200280e+03
1.200280e+03
1.200280e+03
1.200280e+03
1.200280e+03
1.226250e+03
1.226250e+03
1.214690e+03
1.214690e+03
1.199930e+03
1.199930e+03
1.199930e+03
1.202910e+03
1.202910e+03
1.206310e+03
1.206310e+03
1.206310e+03
1.206310e+03
1.206310e+03
1.194440e+03
1.194440e+03
1.190690e+03
1.190690e+03
1.187750e+03
1.187750e+03
1.187750e+03
1.184260e+03
1.184260e+03
1.180790e+03
1.180790e+03
1.180790e+03
1.180790e+03
1.180790e+03
1.174340e+03
1.174340e+03
1.170430e+03
1.170430e+03
1.170430e+03
1.170430e+03
1.170430e+03
1.163980e+03
1.163980e+03
1.165950e+03
1.165950e+03
1.163120e+03
1.163120e+03
1.163120e+03
1.162390e+03
1.162390e+03
1.162460e+03
1.162460e+03
1.151770e+03
1.151770e+03
1.151770e+03
1.149620e+03
1.149620e+03
2.229000e+01
2.229000e+01
2.229000e+01
2.229000e+01
2.229000e+01
4.084000e+01
4.084000e+01
4.061000e+01
4.061000e+01
4.057000e+01
4.057000e+01
4.057000e+01
4.067000e+01
4.067000e+01
4.067000e+01
4.067000e+01
4.051000e+01
4.051000e+01
4.051000e+01
411
411
4.141000e+01
4.141000e+01
4.141000e+01
4.141000e+01
4.141000e+01
4.045000e+01
4.045000e+01
4.045000e+01
4.045000e+01
4.008000e+01
4.008000e+01
4.008000e+01
4.044000e+01
4.044000e+01
4.044000e+01
4.044000e+01
4.044000e+01
4.044000e+01
4.044000e+01
4.044000e+01
4.044000e+01
4.044000e+01
4.044000e+01
4.044000e+01
4.044000e+01
4.044000e+01
4.044000e+01
4.044000e+01
4.044000e+01
4.044000e+01
4.044000e+01
4.044000e+01
4.044000e+01
4.044000e+01
4.044000e+01
4.044000e+01
4.044000e+01
3.864000e+01
3.864000e+01
3.864000e+01
3.860000e+01
3.860000e+01
3.810000e+01
3.810000e+01
3.833000e+01
3.833000e+01
3.833000e+01
3.833000e+01
3.833000e+01
3.833000e+01
3.833000e+01
3.833000e+01
3.833000e+01
3.833000e+01
3.833000e+01
3.833000e+01
3.762000e+01
3.762000e+01
3.762000e+01
3.762000e+01
3.762000e+01
3.762000e+01
3.762000e+01
3.762000e+01
3.762000e+01
3.762000e+01
3.762000e+01
3.762000e+01
3.762000e+01
3.762000e+01
3.762000e+01
3.762000e+01
3.819000e+01
3.819000e+01
3.819000e+01
3.819000e+01
3.819000e+01
3.819000e+01
3.819000e+01
3.819000e+01
3.819000e+01
3.819000e+01
3.819000e+01
3.819000e+01
3.819000e+01
3.819000e+01
3.819000e+01
3.819000e+01
3.819000e+01
3.819000e+01
3.819000e+01
3.819000e+01
3.819000e+01
3.819000e+01
3.819000e+01
3.819000e+01
3.819000e+01
3.819000e+01
3.873000e+01
3.873000e+01
3.817000e+01
3.817000e+01
3.817000e+01
3.817000e+01
3.817000e+01
3.817000e+01
3.817000e+01
3.817000e+01
3.817000e+01
3.817000e+01
3.817000e+01
3.817000e+01
3.736000e+01
3.736000e+01
3.730000e+01
3.730000e+01
3.730000e+01
3.730000e+01
3.730000e+01
3.730000e+01
3.730000e+01
3.730000e+01
3.730000e+01
3.730000e+01
3.730000e+01
3.730000e+01
3.619000e+01
3.619000e+01
3.625000e+01
3.625000e+01
3.625000e+01
3.625000e+01
3.625000e+01
3.625000e+01
3.625000e+01
3.625000e+01
3.625000e+01
3.625000e+01
3.625000e+01
3.625000e+01
3.625000e+01
3.625000e+01
3.532000e+01
3.532000e+01
3.532000e+01
3.536000e+01
3.536000e+01
3.536000e+01
3.536000e+01
3.536000e+01
3.536000e+01
3.536000e+01
3.502000e+01
3.502000e+01
3.776000e+01
3.776000e+01
3.478000e+01
3.478000e+01
3.478000e+01
3.478000e+01
3.478000e+01
3.478000e+01
3.478000e+01
3.478000e+01
3.478000e+01
3.478000e+01
3.478000e+01
3.478000e+01
3.421000e+01
3.421000e+01
3.421000e+01
3.421000e+01
3.421000e+01
3.421000e+01
3.421000e+01
3.421000e+01
3.421000e+01
3.421000e+01
3.421000e+01
3.421000e+01
3.421000e+01
3.421000e+01
3.399000e+01
3.399000e+01
3.396000e+01
3.396000e+01
3.396000e+01
3.396000e+01
3.396000e+01
3.396000e+01
3.396000e+01
3.396000e+01
3.396000e+01
3.396000e+01
3.396000e+01
3.396000e+01
3.346000e+01
3.346000e+01
3.362000e+01
3.362000e+01
3.362000e+01
3.368000e+01
3.368000e+01
3.368000e+01
3.368000e+01
3.368000e+01
3.368000e+01
3.368000e+01
3.368000e+01
3.368000e+01
3.418000e+01
3.418000e+01
3.418000e+01
3.418000e+01
3.418000e+01
3.418000e+01
3.418000e+01
3.418000e+01
3.418000e+01
3.418000e+01
3.418000e+01
3.418000e+01
3.418000e+01
3.418000e+01
3.402000e+01
3.402000e+01
3.823000e+01
3.823000e+01
3.823000e+01
3.407000e+01
3.407000e+01
3.407000e+01
3.407000e+01
3.407000e+01
3.407000e+01
3.407000e+01
3.407000e+01
3.407000e+01
3.399000e+01
3.399000e+01
3.393000e+01
3.393000e+01
3.393000e+01
3.390000e+01
3.390000e+01
3.390000e+01
3.390000e+01
3.390000e+01
3.390000e+01
3.390000e+01
3.390000e+01
3.390000e+01
3.359000e+01
3.359000e+01
3.359000e+01
3.359000e+01
3.359000e+01
3.359000e+01
3.359000e+01
3.359000e+01
3.359000e+01
3.359000e+01
3.359000e+01
3.359000e+01
3.359000e+01
3.359000e+01
3.370000e+01
3.370000e+01
3.370000e+01
3.370000e+01
3.370000e+01
3.370000e+01
3.370000e+01
3.370000e+01
3.370000e+01
3.370000e+01
3.370000e+01
3.370000e+01
3.370000e+01
3.370000e+01
3.364000e+01
3.364000e+01
3.355000e+01
3.355000e+01
3.355000e+01
3.366000e+01
3.366000e+01
3.366000e+01
3.366000e+01
3.366000e+01
3.366000e+01
3.366000e+01
3.366000e+01
3.366000e+01
3.366000e+01
3.366000e+01
3.384000e+01
3.384000e+01
3.384000e+01
3.384000e+01
3.384000e+01
3.384000e+01
3.384000e+01
3.384000e+01
3.384000e+01
3.384000e+01
3.377000e+01
3.377000e+01
3.338000e+01
3.338000e+01
3.338000e+01
3.338000e+01
3.338000e+01
3.338000e+01
3.338000e+01
3.338000e+01
3.338000e+01
3.338000e+01
3.338000e+01
3.338000e+01
3.338000e+01
3.338000e+01
3.392000e+01
3.392000e+01
3.392000e+01
3.392000e+01
3.392000e+01
3.392000e+01
3.392000e+01
3.392000e+01
3.392000e+01
3.392000e+01
3.392000e+01
3.392000e+01
3.392000e+01
3.392000e+01
3.392000e+01
3.392000e+01
3.392000e+01
3.392000e+01
3.392000e+01
3.392000e+01
3.392000e+01
3.392000e+01
3.392000e+01
3.392000e+01
3.392000e+01
3.392000e+01
3.392000e+01
3.392000e+01
3.392000e+01
3.392000e+01
3.623000e+01
3.623000e+01
3.623000e+01
3.656000e+01
3.656000e+01
3.656000e+01
3.656000e+01
3.656000e+01
3.656000e+01
3.656000e+01
3.656000e+01
3.656000e+01
3.656000e+01
3.656000e+01
3.656000e+01
3.656000e+01
3.656000e+01
3.656000e+01
3.656000e+01
3.656000e+01
3.656000e+01
3.656000e+01
3.656000e+01
3.656000e+01
3.656000e+01
3.656000e+01
3.656000e+01
3.656000e+01
3.656000e+01
3.656000e+01
3.656000e+01
3.656000e+01
3.656000e+01
3.656000e+01
3.656000e+01
3.656000e+01
3.656000e+01
3.656000e+01
3.484000e+01
3.484000e+01
3.484000e+01
3.484000e+01
34
34
34
34
34
34
34
34
34
34
34
34
34
34
3.131000e+01
3.131000e+01
3.131000e+01
3.131000e+01
3.131000e+01
3.131000e+01
3.131000e+01
3.131000e+01
3.131000e+01
3.131000e+01
3.131000e+01
3.131000e+01
3.310000e+01
3.310000e+01
3.352000e+01
3.352000e+01
3.352000e+01
3.352000e+01
3.352000e+01
33
33
33
33
33
33
33
33
33
33
33
33
9.570100e+02
9.570100e+02
9.512900e+02
9.512900e+02
945
945
945
950
950
944
944
943
943
943
941
941
956
956
947
947
947
947
947
940
940
940
