0
0
0
0
0
0
0
0
0
0
0
0
0
0
0
0
0
0
0
0
0
0
0
0
0
0
0
0
0
0
0
0
0
0
0
0
0
0
0
0
0
0
0
0
0
0
0
0
0
0
0
0
0
0
0
0
0
0
0
0
0
0
0
0
0
0
0
0
0
0
0
0
0
0
0
0
0
0
0
0
0
0
0
0
0
0
0
0
0
0
0
0
0
0
0
0
0
0
0
0
0
0
0
0
0
0
0
0
0
0
0
0
0
0
0
0
0
0
0
0
0
0
0
0
0
0
0
0
0
0
0
0
0
0
0
0
0
0
0
0
0
0
0
0
0
0
0
0
0
0
0
0
0
0
0
0
0
0
0
0
0
0
0
0
0
0
0
0
0
0
0
0
0
0
0
0
0
0
0
0
0
0
0
0
0
0
0
0
0
0
0
0
0
0
0
0
0
0
0
0
0
0
0
0
0
0
0
0
0
0
0
0
0
0
0
0
0
0
0
0
0
0
0
0
0
0
0
0
0
0
0
0
0
0
0
0
0
0
0
0
0
0
0
0
0
0
0
0
0
0
0
0
0
0
0
0
0
0
0
0
0
0
0
0
0
0
0
0
0
0
0
0
0
0
0
0
0
0
0
0
0
0
0
0
0
0
0
0
0
0
0
0
0
0
0
0
0
0
0
0
0
0
0
0
0
0
0
0
0
0
0
0
0
0
0
0
0
0
0
0
0
0
0
0
0
0
0
0
0
0
0
0
0
0
0
0
0
0
0
0
0
0
0
0
0
0
0
0
0
0
0
0
0
0
0
0
0
0
0
0
0
0
0
0
0
0
0
0
0
0
0
0
0
0
0
0
0
0
0
0
0
0
0
0
0
0
0
0
0
0
0
0
0
0
0
0
0
0
0
0
0
0
0
0
0
0
0
0
0
0
0
0
0
0
0
0
0
0
0
0
0
0
0
0
0
0
0
0
0
0
0
0
0
0
0
0
0
0
0
0
0
0
0
0
0
0
0
0
0
0
0
0
0
0
0
0
0
0
0
0
0
0
0
0
0
0
0
0
0
0
0
0
0
0
0
0
0
0
0
0
0
0
0
0
0
0
0
0
0
0
0
0
0
0
0
0
0
0
0
0
0
0
0
0
0
0
0
0
0
0
0
0
0
0
0
0
0
0
0
0
0
0
0
0
0
0
0
0
0
0
0
0
0
0
0
0
0
0
0
0
0
0
0
0
0
0
0
0
0
0
0
0
0
0
0
0
0
0
0
0
0
0
0
0
0
0
0
0
0
0
0
0
0
0
0
0
0
0
0
0
0
0
0
0
0
0
0
0
0
0
0
0
0
0
0
0
0
0
0
0
0
0
0
0
0
0
0
0
0
0
0
0
0
0
0
0
0
0
0
0
0
0
0
0
0
0
0
0
0
0
0
0
0
0
0
0
0
0
0
0
0
0
0
0
0
0
0
0
0
0
0
0
0
0
0
0
0
0
0
0
0
0
0
0
0
0
0
0
0
0
0
0
0
0
0
0
0
0
0
0
0
0
0
0
0
0
0
0
0
0
0
0
0
0
0
0
0
0
0
0
0
0
0
0
0
0
0
0
0
0
0
0
0
0
0
0
0
0
0
0
0
0
0
0
0
0
0
0
0
0
0
0
0
0
0
0
0
0
0
0
0
0
0
0
0
0
0
0
0
0
0
0
0
0
0
0
0
0
0
0
0
0
0
0
0
0
0
0
0
0
0
0
0
0
0
0
0
0
0
0
0
0
0
0
0
0
0
0
0
0
0
0
0
0
0
0
0
0
0
0
0
0
0
0
0
0
0
0
0
0
0
0
0
0
0
0
0
0
0
0
0
0
0
0
0
0
0
0
0
0
0
0
0
0
0
0
0
0
0
0
0
0
0
0
0
0
0
0
0
0
0
0
0
0
0
0
0
0
0
0
0
0
0
0
0
0
0
0
0
0
0
0
0
0
0
0
0
0
0
0
0
0
0
0
0
0
0
0
0
0
0
0
0
0
0
0
0
0
0
0
0
0
0
0
0
0
0
0
0
0
0
0
0
0
0
0
0
0
0
0
0
0
0
0
0
0
0
0
0
0
0
0
0
0
0
0
0
0
0
0
0
0
0
0
0
0
0
0
0
0
0
0
0
0
0
0
0
0
0
0
0
0
0
0
0
0
0
0
0
0
0
0
0
0
0
0
0
0
0
0
0
0
0
0
0
0
0
0
0
0
0
0
0
0
0
0
0
0
0
0
0
0
0
0
0
0
0
0
0
0
0
0
0
0
0
0
0
0
0
0
0
0
0
0
0
0
0
0
0
0
0
0
0
0
0
0
0
0
0
0
0
0
0
0
0
0
0
0
0
0
0
0
0
0
0
0
0
0
0
0
0
0
0
0
0
0
0
0
0
0
0
0
0
0
0
0
0
0
0
0
0
0
0
0
0
0
0
0
0
0
0
0
0
0
0
0
0
0
0
0
0
0
0
0
0
0
0
0
0
0
0
0
0
0
0
0
0
0
0
0
0
0
0
0
0
0
0
0
0
0
0
0
0
0
0
0
0
0
0
0
0
0
0
0
0
0
0
0
0
0
0
0
0
0
0
0
0
0
0
0
0
0
0
0
0
0
0
0
0
0
0
0
0
0
0
0
0
0
0
0
0
0
0
0
0
0
0
0
0
0
0
0
0
0
0
0
0
0
0
0
0
0
0
0
0
0
0
0
0
0
0
0
0
0
0
0
0
0
0
0
0
0
0
0
0
0
0
0
0
0
0
0
0
0
0
0
0
0
0
0
0
0
0
0
0
0
0
0
0
0
0
0
0
0
0
0
0
0
0
0
0
0
0
0
0
0
0
0
0
0
0
0
0
0
0
0
0
0
0
0
0
0
0
0
0
0
0
0
0
0
0
0
0
0
0
0
0
0
0
0
0
0
0
0
0
0
0
0
0
0
0
0
0
0
0
0
0
0
0
0
0
0
0
0
0
0
0
0
0
0
0
0
0
0
0
0
0
0
0
0
0
0
0
0
0
0
0
0
0
0
0
0
0
0
0
0
0
0
0
0
0
0
0
0
0
0
0
0
0
0
0
0
0
0
0
0
0
0
0
0
0
0
0
0
0
0
0
0
0
0
0
0
0
0
0
0
0
0
0
0
0
0
0
0
0
0
0
0
0
0
0
0
0
0
0
0
0
0
0
0
0
0
0
0
0
0
0
0
0
0
0
0
0
0
0
0
0
0
0
0
0
0
0
0
0
0
0
0
0
0
0
0
0
0
0
0
0
0
0
0
0
0
0
0
0
0
0
0
604
604
604
622
640
640
640
640
640
640
640
640
679
690
690
690
690
690
679
679
679
679
679
679
655
639
657
702
712
712
712
712
639
639
639
639
639
639
642
622
620
611
590
590
590
625
604
604
604
604
604
604
415
398
398
398
398
398
398
398
398
398
398
398
398
398
398
398
398
398
398
398
398
398
398
398
398
398
398
398
398
398
398
407
407
407
407
407
407
407
407
407
407
407
375
375
375
375
242
242
242
226
226
226
226
226
226
226
169
169
169
169
160
160
160
177
177
177
177
177
177
177
177
177
177
177
177
177
177
177
177
340
340
340
340
340
340
340
126
126
118
118
118
80
80
80
80
80
80
80
145
145
128
128
128
128
128
122
122
128
128
128
128
128
122
122
135
135
135
135
135
118
118
120
120
120
120
120
120
120
106
106
100
100
100
100
100
106
106
120
120
120
120
120
120
120
120
120
120
120
120
120
120
120
120
120
121
121
111
111
111
111
111
102
102
102
102
118
118
118
128
128
128
128
246
246
246
116
116
116
116
116
116
116
116
116
90
90
90
90
90
90
90
90
90
100
100
100
104
104
104
104
95
95
95
96
96
90
90
84
84
84
94
94
94
94
94
94
94
94
94
94
94
99
99
99
99
99
99
99
99
99
99
102
102
102
102
94
94
94
94
94
94
94
92
92
92
88
88
88
88
115
115
115
11
11
11
11
105
105
105
114
114
114
114
88
88
88
95
95
104
104
104
104
104
95
95
95
95
95
95
95
99
99
94
94
94
94
94
102
102
102
102
102
102
102
105
105
105
105
105
105
105
128
128
128
128
128
128
128
128
128
128
128
128
128
128
120
120
120
120
120
120
120
122
122
122
122
122
122
122
102
102
102
102
111
111
111
108
108
108
108
108
108
108
108
108
108
108
108
108
108
108
108
108
108
108
108
108
108
108
108
108
108
108
108
108
108
108
108
108
108
108
108
108
108
108
108
108
108
108
108
108
108
108
108
108
108
108
108
108
108
108
108
108
108
108
108
108
108
108
108
108
108
108
108
108
108
108
108
108
108
108
108
108
108
108
108
108
108
108
108
108
108
108
108
108
108
108
108
108
108
108
108
108
108
108
108
108
108
108
108
108
108
108
108
108
108
108
108
108
108
108
108
108
108
108
108
108
108
108
108
108
108
108
108
108
108
108
108
108
108
108
108
108
108
108
108
108
108
108
108
108
108
108
108
108
108
108
108
108
108
108
108
108
108
108
108
108
108
108
70
70
70
70
70
70
70
70
70
70
70
70
70
70
70
70
70
70
70
70
70
70
70
70
70
70
70
70
70
70
70
70
70
70
70
70
70
70
70
70
70
70
70
70
70
70
70
145
145
145
145
145
145
145
140
140
130
130
145
145
145
143
143
143
143
143
143
143
137
137
137
137
127
127
127
140
140
140
140
140
140
140
140
140
140
140
132
132
132
132
132
132
132
132
132
132
132
132
132
132
132
132
132
132
132
132
132
132
132
132
104
104
104
104
104
104
104
104
104
104
104
104
104
104
95
95
95
95
88
88
88
88
88
88
88
88
88
88
88
88
88
88
88
88
88
88
88
88
88
88
88
88
88
88
138
138
120
120
120
130
130
128
128
128
128
128
128
128
110
110
100
100
100
96
96
96
96
96
96
96
126
126
111
111
107
107
107
94
94
94
94
94
94
94
121
121
111
111
98
98
98
112
112
112
112
103
103
103
103
103
103
103
103
103
103
103
103
103
103
103
103
103
110
110
91
91
91
91
91
90
90
90
90
90
90
90
80
80
80
74
74
74
74
74
74
74
74
74
74
74
90
90
90
90
68
68
68
68
68
68
68
68
68
68
97
97
95
95
102
102
102
96
96
96
96
96
96
96
102
102
102
102
97
97
97
102
102
102
102
102
102
102
96
96
90
90
92
92
92
90
90
90
90
90
90
90
99
99
104
104
98
98
98
107
107
107
107
107
107
107
107
107
95
95
95
95
95
95
95
108
108
108
108
108
108
108
108
108
98
98
98
108
108
108
108
108
108
108
106
106
106
106
92
92
92
92
92
92
92
92
92
92
88
88
88
88
88
88
88
88
88
88
88
88
88
88
80
80
80
80
80
80
80
80
80
80
80
80
80
80
75
75
75
75
75
75
75
75
75
75
75
75
75
75
70
70
70
70
70
70
70
70
70
70
70
70
70
70
72
72
72
72
70
70
70
52
52
52
52
52
52
52
52
52
50
50
50
50
50
75
75
72
72
75
75
75
72
72
81
81
81
81
81
81
81
79
79
79
79
79
79
79
72
72
72
72
72
72
72
70
70
70
70
70
70
70
70
70
70
70
70
70
70
84
84
84
84
84
82
82
82
82
82
82
82
96
96
96
96
96
96
96
90
90
90
90
90
90
90
88
88
88
88
88
88
88
90
90
90
90
90
90
90
82
82
82
82
82
82
82
80
80
80
80
80
80
80
80
80
80
80
80
80
80
80
80
80
80
80
80
80
80
80
80
80
80
80
80
80
80
80
80
80
80
80
80
80
80
80
80
80
80
80
80
80
80
80
80
80
80
80
80
80
80
80
80
75
75
75
75
75
75
75
66
66
62
62
70
70
70
70
70
70
70
70
70
70
70
70
65
65
65
65
65
65
65
65
65
65
65
65
60
60
60
60
60
60
60
60
60
60
60
60
60
60
60
60
60
60
60
60
60
60
60
60
60
60
60
60
60
60
60
60
60
60
60
60
60
60
60
60
60
60
60
60
60
60
60
60
60
60
60
60
60
60
60
60
60
60
99
99
99
99
99
99
99
90
90
90
90
90
98
98
98
98
98
98
98
98
98
98
98
104
104
104
104
104
104
104
104
104
104
104
104
104
104
104
104
104
95
95
95
95
95
95
95
95
95
90
90
90
90
90
95
95
95
95
95
95
95
95
95
95
95
98
98
98
100
100
100
100
100
100
100
98
98
98
98
98
98
98
104
104
104
104
104
104
104
104
104
104
104
104
104
104
104
104
104
104
104
104
104
104
104
104
104
104
104
104
104
104
104
104
104
104
104
104
104
104
104
104
104
104
104
104
104
104
104
