0
0
0
0
0
0
0
0
0
0
0
0
0
0
0
0
0
0
0
0
0
0
0
0
0
0
0
0
0
0
0
0
0
0
0
0
0
0
0
0
0
0
0
0
0
0
0
0
0
0
0
0
0
0
0
0
0
0
0
0
0
0
0
0
0
0
0
0
0
0
0
0
0
0
0
0
0
0
0
0
0
0
0
0
0
0
0
0
0
0
0
0
0
0
0
0
0
0
0
0
0
0
0
0
0
0
0
0
0
0
0
0
0
0
0
0
0
0
0
0
0
0
0
0
0
0
0
0
0
0
0
0
0
0
0
0
0
0
0
0
0
0
0
0
0
0
0
0
0
0
0
0
0
0
0
0
0
0
0
0
0
0
0
0
0
0
0
0
0
0
0
0
0
0
0
0
0
0
0
0
0
0
0
0
0
0
0
0
0
0
0
0
0
0
0
0
0
0
0
0
0
0
0
0
0
0
0
0
0
0
0
0
0
0
0
0
0
0
0
0
0
0
0
0
0
0
0
0
0
0
0
0
0
0
0
0
0
0
0
0
0
0
0
0
0
0
0
0
0
0
0
0
0
0
0
0
0
0
0
0
0
0
0
0
0
0
0
0
0
0
0
0
0
0
0
0
0
0
0
0
0
0
0
0
0
0
0
0
0
0
0
0
0
0
0
0
0
0
0
0
0
0
0
0
0
0
0
0
0
0
0
0
0
0
0
0
0
0
0
0
0
0
0
0
0
0
0
0
0
0
0
0
0
0
0
0
0
0
0
0
0
0
0
0
0
0
0
0
0
0
0
0
0
0
0
0
0
0
0
0
0
0
0
0
0
0
0
0
0
0
0
0
0
0
0
0
0
0
0
0
0
0
0
0
0
0
0
0
0
0
0
0
0
0
0
0
0
0
0
0
0
0
0
0
0
0
0
0
0
0
0
0
0
0
0
0
0
0
0
0
0
0
0
0
0
0
0
0
0
0
0
0
0
0
0
0
0
0
0
0
0
0
0
0
0
0
0
0
0
0
0
0
0
0
0
0
0
0
0
0
0
0
0
0
0
0
0
0
0
0
0
0
0
0
0
0
0
0
0
0
0
0
0
0
0
0
0
0
0
0
0
0
0
0
0
0
0
0
0
0
0
0
0
0
0
0
0
0
0
0
0
0
0
0
0
0
0
0
0
0
0
0
0
0
0
0
0
0
0
0
0
0
0
0
0
0
0
0
0
0
0
0
0
0
0
0
0
0
0
0
0
0
0
0
0
0
0
0
0
0
0
0
0
0
0
0
0
0
0
0
0
0
0
0
0
0
0
0
0
0
0
0
0
0
0
0
0
0
0
0
0
0
0
0
0
0
0
0
0
0
0
0
0
0
0
0
0
0
0
0
0
0
0
0
0
0
0
0
0
0
0
0
0
0
0
0
0
0
0
0
0
0
0
0
0
0
0
0
0
0
0
0
0
0
0
0
0
0
0
0
0
0
0
0
0
0
0
0
0
0
0
0
0
0
0
0
0
0
0
0
0
0
0
0
0
0
0
0
0
0
0
0
0
0
0
0
0
0
0
0
0
0
0
0
0
0
0
0
0
0
0
0
0
0
0
0
0
0
0
0
0
0
0
0
0
0
0
0
0
0
0
0
0
0
0
0
0
0
0
0
0
0
0
0
0
0
0
0
0
0
0
0
0
0
0
0
0
0
0
0
0
0
0
0
0
0
0
0
0
0
0
0
0
0
0
0
0
0
0
0
0
0
0
0
0
0
0
0
0
0
0
0
0
0
0
0
0
0
0
0
0
0
0
0
0
0
0
0
0
0
0
0
0
0
0
0
0
0
0
0
0
0
0
0
0
0
0
0
0
0
0
0
0
0
0
0
0
0
0
0
0
0
0
0
0
0
0
0
0
0
0
0
0
0
0
0
0
0
0
0
0
0
0
0
0
0
0
0
0
0
0
0
0
0
0
0
0
0
0
0
0
0
0
0
0
0
0
0
0
0
0
0
0
0
0
0
0
0
0
0
0
0
0
0
0
0
0
0
0
0
0
0
0
0
0
0
0
0
0
0
0
0
0
0
0
0
0
0
0
0
0
0
0
0
0
0
0
0
0
0
0
0
0
0
0
0
0
0
0
0
0
0
0
0
0
0
0
0
0
0
0
0
0
0
0
0
0
0
0
0
0
0
0
0
0
0
0
0
0
0
0
0
0
0
0
0
0
0
0
0
0
0
0
0
0
0
0
0
0
0
0
0
0
0
0
0
0
0
0
0
0
0
0
0
0
0
0
0
0
0
0
0
0
0
0
0
0
0
0
0
0
0
0
0
0
0
0
0
0
0
0
0
0
0
0
0
0
0
0
0
0
0
0
0
0
0
0
0
0
0
0
0
0
0
0
0
0
0
0
0
0
0
0
0
0
0
0
0
0
0
0
0
0
0
0
0
0
0
0
0
0
0
0
0
0
0
0
0
0
0
0
0
0
0
0
0
0
0
0
0
0
0
0
0
0
0
0
0
0
0
0
0
0
0
0
0
0
0
0
0
0
0
0
0
0
0
0
0
0
0
0
0
0
0
0
0
0
0
0
0
0
0
0
0
0
0
0
0
0
0
0
0
0
0
0
0
0
0
0
0
0
0
0
0
0
0
0
0
0
0
0
0
0
0
0
0
0
0
0
0
0
0
0
0
0
0
0
0
0
0
0
0
0
0
0
0
0
0
0
0
0
0
0
0
0
0
0
0
0
0
0
0
0
0
0
0
0
0
0
0
0
0
0
0
0
0
0
0
0
0
0
0
0
0
0
0
0
0
0
0
0
0
0
0
0
0
0
0
0
0
0
0
0
0
0
0
0
0
0
0
0
0
0
0
0
0
0
0
0
0
0
0
0
0
0
0
0
0
0
0
0
0
0
0
0
0
0
0
0
0
0
0
0
0
0
0
0
0
0
0
0
0
0
0
0
0
0
0
0
0
0
0
0
0
0
0
0
0
0
0
0
0
0
0
0
0
0
0
0
0
0
0
0
0
0
0
0
0
0
0
0
0
0
0
0
0
0
0
0
0
0
0
0
0
0
0
0
0
0
0
0
0
0
0
0
0
0
0
0
0
0
0
0
0
0
0
0
0
0
0
0
0
0
0
0
0
0
0
0
0
0
0
0
0
0
0
0
0
0
0
0
0
0
0
0
0
0
0
0
0
0
0
0
0
0
0
0
0
0
0
0
0
0
0
0
0
0
0
0
0
0
0
0
0
0
0
0
0
0
0
0
0
0
0
0
0
0
0
0
0
0
0
0
0
0
0
0
0
0
0
0
0
0
0
0
0
0
0
0
0
0
3.198000e+01
3.371000e+01
3.345000e+01
1.778000e+01
34
34
34
34
4.730000e+00
2.432000e+01
2.709000e+01
2.456000e+01
2.456000e+01
2.456000e+01
1.903000e+01
5.207000e+01
4.897000e+01
4.642000e+01
4.643000e+01
4.643000e+01
4.643000e+01
4.933000e+01
5.481000e+01
5.413000e+01
3.747000e+01
4.595000e+01
4.595000e+01
4.595000e+01
2.696000e+01
1.798000e+01
8.536000e+01
6.834000e+01
7.146000e+01
7.146000e+01
7.146000e+01
9.828000e+01
8.723000e+01
5.267000e+01
1.261400e+02
4.526000e+01
4.526000e+01
4.526000e+01
1.008000e+02
1.036900e+02
1.036900e+02
1.036900e+02
1.058700e+02
1.058700e+02
1.058700e+02
1.131100e+02
1.217500e+02
1.217500e+02
1.217500e+02
1.217500e+02
1.217500e+02
1.217500e+02
1.755600e+02
1.755600e+02
1.755600e+02
1.755600e+02
1.755600e+02
1.755600e+02
1.755600e+02
4
5.440000e+00
5.560000e+00
5.500000e+00
5.890000e+00
5.890000e+00
5.890000e+00
8.300000e+00
8.300000e+00
8.300000e+00
8.300000e+00
8.300000e+00
8.300000e+00
8.300000e+00
1.991500e+02
1.991500e+02
1.991500e+02
2.258700e+02
2.258700e+02
2.258700e+02
2.258700e+02
2.363900e+02
2.363900e+02
2.363900e+02
2.363900e+02
2.363900e+02
2.363900e+02
2.363900e+02
306
306
306
3.811500e+02
3.974900e+02
3.974900e+02
3.974900e+02
4.305900e+02
4.305900e+02
4.305900e+02
4.305900e+02
4.305900e+02
4.305900e+02
4.305900e+02
4.176300e+02
4.176300e+02
4.204500e+02
4.204500e+02
4.253900e+02
4.253900e+02
4.253900e+02
4.170300e+02
4.170300e+02
4.170300e+02
4.170300e+02
4.170300e+02
4.170300e+02
4.170300e+02
3.963900e+02
3.963900e+02
3.928400e+02
3.928400e+02
3.928400e+02
3.928400e+02
3.928400e+02
4.172600e+02
4.172600e+02
3.041800e+02
3.041800e+02
2.942200e+02
2.942200e+02
2.942200e+02
2.942200e+02
2.942200e+02
3.643100e+02
3.643100e+02
3.858400e+02
3.858400e+02
3.858400e+02
2.972700e+02
2.972700e+02
3.155100e+02
3.155100e+02
3.353100e+02
3.353100e+02
3.353100e+02
3.538200e+02
3.538200e+02
3.592800e+02
3.592800e+02
3.732200e+02
3.732200e+02
3.732200e+02
3.945200e+02
3.945200e+02
4.010500e+02
4.010500e+02
4.096400e+02
4.096400e+02
4.096400e+02
4.194100e+02
4.194100e+02
4.318100e+02
4.318100e+02
4.318100e+02
4.318100e+02
4.318100e+02
4.552500e+02
4.552500e+02
4.540400e+02
4.540400e+02
4.540400e+02
4.540400e+02
4.540400e+02
4.540400e+02
4.540400e+02
4.823700e+02
4.823700e+02
4.783800e+02
4.783800e+02
4.783800e+02
4.056600e+02
4.056600e+02
4.940700e+02
4.940700e+02
4.990100e+02
4.990100e+02
4.990100e+02
4.990100e+02
4.990100e+02
4.990100e+02
4.990100e+02
4.990100e+02
4.990100e+02
4.990100e+02
4.990100e+02
4.990100e+02
4.706400e+02
4.706400e+02
4.706400e+02
4.706400e+02
4.706400e+02
4.832400e+02
4.832400e+02
5.013200e+02
5.013200e+02
5.180800e+02
5.180800e+02
5.180800e+02
5.502300e+02
5.502300e+02
5.694900e+02
5.694900e+02
6.018900e+02
6.018900e+02
6.018900e+02
6.463700e+02
6.463700e+02
6.715400e+02
6.715400e+02
7.014200e+02
7.014200e+02
7.014200e+02
7.474500e+02
7.474500e+02
7.589700e+02
7.589700e+02
7.589700e+02
7.589700e+02
7.589700e+02
7.589700e+02
7.589700e+02
8.507600e+02
8.507600e+02
8.507600e+02
8.507600e+02
8.507600e+02
9.039800e+02
9.039800e+02
9.156200e+02
9.156200e+02
9.186900e+02
9.186900e+02
9.186900e+02
8.582400e+02
8.582400e+02
8.582400e+02
8.582400e+02
8.777900e+02
8.777900e+02
8.777900e+02
9.471900e+02
9.471900e+02
9.635100e+02
9.635100e+02
9.829600e+02
9.829600e+02
9.829600e+02
9.726700e+02
9.726700e+02
9.726700e+02
9.726700e+02
9.726700e+02
9.726700e+02
9.726700e+02
9.726700e+02
9.726700e+02
9.726700e+02
9.726700e+02
9.219200e+02
9.219200e+02
9.219200e+02
4.376300e+02
4.376300e+02
8.796000e+02
8.796000e+02
3.619700e+02
3.619700e+02
3.619700e+02
3.427400e+02
3.427400e+02
3.396000e+02
3.396000e+02
3.388100e+02
3.388100e+02
3.388100e+02
3.388100e+02
3.388100e+02
3.392900e+02
3.392900e+02
3.378100e+02
3.378100e+02
3.378100e+02
7.186700e+02
7.186700e+02
8.631000e+02
8.631000e+02
8.669500e+02
8.669500e+02
8.669500e+02
8.704000e+02
8.704000e+02
8.732600e+02
8.732600e+02
8.985200e+02
8.985200e+02
8.985200e+02
8.417900e+02
8.417900e+02
8.417900e+02
8.417900e+02
8.222300e+02
8.222300e+02
8.222300e+02
8.174500e+02
8.174500e+02
8.178000e+02
8.178000e+02
8.178000e+02
8.178000e+02
8.178000e+02
8.276000e+02
8.276000e+02
8.293700e+02
8.293700e+02
8.293700e+02
8.293700e+02
8.293700e+02
8.173100e+02
8.173100e+02
8.260300e+02
8.260300e+02
8.294700e+02
8.294700e+02
8.294700e+02
8.195700e+02
8.195700e+02
8.195700e+02
8.195700e+02
8.195700e+02
8.195700e+02
8.195700e+02
3.900700e+02
3.900700e+02
3.900700e+02
3.900700e+02
3.900700e+02
3.900700e+02
3.900700e+02
8.304400e+02
8.304400e+02
8.244200e+02
8.244200e+02
8.244200e+02
8.244200e+02
8.244200e+02
8.244200e+02
8.244200e+02
8.070800e+02
8.070800e+02
8.070800e+02
8.070800e+02
8.070800e+02
7.949600e+02
7.949600e+02
7.949600e+02
7.949600e+02
7.949600e+02
7.949600e+02
7.949600e+02
7.904200e+02
7.904200e+02
7.904200e+02
7.904200e+02
7.904200e+02
7.904200e+02
7.904200e+02
7.825800e+02
7.825800e+02
7.937000e+02
7.937000e+02
7.920600e+02
7.920600e+02
7.920600e+02
7.906700e+02
7.906700e+02
7.906700e+02
7.906700e+02
7.906700e+02
7.906700e+02
7.906700e+02
7.906700e+02
3.730500e+02
3.730500e+02
3.730500e+02
3.473700e+02
3.473700e+02
3.473700e+02
3.268400e+02
3.268400e+02
3.268400e+02
3.268400e+02
3.268400e+02
3.268400e+02
3.268400e+02
2.868300e+02
2.868300e+02
2.780700e+02
2.780700e+02
2.701500e+02
2.701500e+02
2.701500e+02
2.571900e+02
2.571900e+02
2.571900e+02
2.571900e+02
2.571900e+02
2.571900e+02
2.571900e+02
2.306400e+02
2.306400e+02
2.306400e+02
2.306400e+02
2.154200e+02
2.154200e+02
2.154200e+02
2.146400e+02
2.146400e+02
2.146400e+02
2.146400e+02
2.146400e+02
2.146400e+02
2.146400e+02
2.146400e+02
2.146400e+02
2.146400e+02
1.846200e+02
1.846200e+02
1.846200e+02
1.846200e+02
1.697400e+02
1.697400e+02
1.697400e+02
1.697400e+02
1.697400e+02
1.697400e+02
1.697400e+02
1.697400e+02
1.697400e+02
1.553900e+02
1.553900e+02
1.553900e+02
1.553900e+02
1.553900e+02
1.459500e+02
1.459500e+02
1.459500e+02
1.459500e+02
1.459500e+02
1.459500e+02
1.459500e+02
1.459500e+02
1.459500e+02
1.459500e+02
1.459500e+02
1.459500e+02
1.459500e+02
1.459500e+02
1.368900e+02
1.368900e+02
1.365600e+02
1.365600e+02
1.365600e+02
1.365600e+02
1.365600e+02
1.332200e+02
1.332200e+02
1.332200e+02
1.332200e+02
1.332200e+02
1.332200e+02
1.332200e+02
1.262500e+02
1.262500e+02
1.262500e+02
1.262500e+02
1.262500e+02
1.262500e+02
1.262500e+02
1.257800e+02
1.257800e+02
1.251400e+02
1.251400e+02
1.245800e+02
1.245800e+02
1.245800e+02
1.236500e+02
1.236500e+02
1.342300e+02
1.342300e+02
1.241000e+02
1.241000e+02
1.241000e+02
124
124
1.234700e+02
1.234700e+02
1.229900e+02
1.229900e+02
1.229900e+02
1.230700e+02
1.230700e+02
1.230700e+02
1.230700e+02
1.230700e+02
1.230700e+02
1.230700e+02
1.217800e+02
1.217800e+02
1.220700e+02
1.220700e+02
1.224500e+02
1.224500e+02
1.224500e+02
1.224500e+02
1.224500e+02
1.224500e+02
1.224500e+02
1.247400e+02
1.247400e+02
1.247400e+02
1.251600e+02
1.251600e+02
1.250200e+02
1.250200e+02
1.250200e+02
1.250200e+02
1.250200e+02
1.250200e+02
1.250200e+02
1.250200e+02
1.250200e+02
1.250200e+02
1.250200e+02
1.250200e+02
1.250200e+02
1.250200e+02
4.836900e+02
4.836900e+02
4.836900e+02
4.836900e+02
4.836900e+02
4.836900e+02
4.836900e+02
4.836900e+02
4.836900e+02
4.836900e+02
4.836900e+02
4.836900e+02
4.836900e+02
4.836900e+02
4.836900e+02
4.836900e+02
4.836900e+02
4.836900e+02
4.836900e+02
4.836900e+02
4.836900e+02
5.681700e+02
5.681700e+02
5.681700e+02
5.681700e+02
5.681700e+02
5.681700e+02
5.681700e+02
5.681700e+02
5.681700e+02
5.681700e+02
5.681700e+02
5.681700e+02
5.681700e+02
6.065800e+02
6.065800e+02
6.065800e+02
6.065800e+02
6.065800e+02
6.065800e+02
6.087000e+02
6.087000e+02
6.098600e+02
6.098600e+02
6.098600e+02
6.098600e+02
6.098600e+02
6.101900e+02
6.101900e+02
6.101900e+02
6.101900e+02
6.101900e+02
6.101900e+02
6.101900e+02
6.071900e+02
6.071900e+02
5.997300e+02
5.997300e+02
593
593
593
5.883000e+02
5.883000e+02
5.883000e+02
5.883000e+02
5.883000e+02
5.883000e+02
5.883000e+02
5.780500e+02
5.780500e+02
5.770600e+02
5.770600e+02
3.697900e+02
3.697900e+02
3.697900e+02
5.791800e+02
5.791800e+02
5.791800e+02
5.791800e+02
5.791800e+02
5.791800e+02
5.791800e+02
5.832800e+02
5.832800e+02
5.902100e+02
5.902100e+02
5.892300e+02
5.892300e+02
5.892300e+02
5.813100e+02
5.813100e+02
5.813100e+02
5.813100e+02
5.813100e+02
5.813100e+02
5.813100e+02
5.813100e+02
5.813100e+02
5.813100e+02
5.813100e+02
5.813100e+02
5.813100e+02
5.813100e+02
5.743500e+02
5.743500e+02
5.721100e+02
5.721100e+02
5.721100e+02
5.721100e+02
5.721100e+02
5.713400e+02
5.713400e+02
5.687400e+02
5.687400e+02
5.691200e+02
5.691200e+02
5.691200e+02
5.661900e+02
5.661900e+02
5.661900e+02
5.661900e+02
5.661900e+02
5.661900e+02
5.661900e+02
5.572700e+02
5.572700e+02
5.538800e+02
5.538800e+02
5.567400e+02
5.567400e+02
5.567400e+02
5.545400e+02
5.545400e+02
5.545400e+02
5.545400e+02
5.545400e+02
5.545400e+02
5.545400e+02
5.469000e+02
5.469000e+02
5.442800e+02
5.442800e+02
5.410500e+02
5.410500e+02
5.410500e+02
5.410500e+02
5.410500e+02
5.410500e+02
5.410500e+02
5.410500e+02
5.410500e+02
5.410500e+02
5.410500e+02
5.410500e+02
5.544800e+02
5.544800e+02
5.500600e+02
5.500600e+02
5.500600e+02
5.502700e+02
5.502700e+02
5.753600e+02
5.753600e+02
5.753600e+02
5.753600e+02
5.753600e+02
5.574000e+02
5.574000e+02
5.535200e+02
5.535200e+02
5.529500e+02
5.529500e+02
5.529500e+02
5.481500e+02
5.481500e+02
5.481500e+02
5.481500e+02
5.409000e+02
5.409000e+02
5.409000e+02
5.406700e+02
5.406700e+02
5.418100e+02
5.418100e+02
5.419000e+02
5.419000e+02
5.419000e+02
5.441600e+02
5.441600e+02
5.441600e+02
5.441600e+02
5.441600e+02
5.441600e+02
5.441600e+02
5.608600e+02
5.608600e+02
5.477400e+02
5.477400e+02
543
543
543
5.437700e+02
5.437700e+02
2.661410e+02
2.661410e+02
5.826500e+02
5.826500e+02
5.826500e+02
5.763700e+02
5.763700e+02
5.763700e+02
5.763700e+02
5.801000e+02
5.801000e+02
5.801000e+02
5.679500e+02
5.679500e+02
5.687400e+02
5.687400e+02
5.687400e+02
5.687400e+02
5.687400e+02
5.611200e+02
5.611200e+02
5.563300e+02
5.563300e+02
5.550200e+02
5.550200e+02
5.550200e+02
5.446100e+02
5.446100e+02
5.403600e+02
5.403600e+02
5.351400e+02
5.351400e+02
5.351400e+02
5.332300e+02
5.332300e+02
5.332300e+02
5.299700e+02
5.267800e+02
5.267800e+02
5.267800e+02
5.215000e+02
5.215000e+02
5.215000e+02
5.215000e+02
5.215000e+02
5.215000e+02
5.215000e+02
5.152300e+02
5.152300e+02
5.137700e+02
5.137700e+02
5.105000e+02
5.105000e+02
5.105000e+02
5.065700e+02
5.065700e+02
5.046600e+02
5.046600e+02
5.027000e+02
5.027000e+02
5.027000e+02
4.985000e+02
4.985000e+02
4.959800e+02
4.959800e+02
4.925900e+02
4.925900e+02
4.925900e+02
4.892500e+02
4.892500e+02
4.816100e+02
4.816100e+02
4.862000e+02
4.862000e+02
4.862000e+02
4.836100e+02
4.836100e+02
4.847700e+02
4.847700e+02
4.842100e+02
4.842100e+02
4.842100e+02
4.821800e+02
4.821800e+02
4.811700e+02
4.811700e+02
4.792300e+02
4.792300e+02
4.792300e+02
4.762200e+02
4.762200e+02
4.758100e+02
4.758100e+02
4.736800e+02
4.736800e+02
4.736800e+02
4.725400e+02
4.725400e+02
471
471
471
471
471
4.677400e+02
4.677400e+02
4.653000e+02
4.653000e+02
2.623700e+02
2.623700e+02
2.623700e+02
4.753900e+02
4.753900e+02
4.775200e+02
4.775200e+02
4.769500e+02
4.769500e+02
4.769500e+02
4.756500e+02
4.756500e+02
4.753100e+02
4.753100e+02
4.753100e+02
4.753100e+02
4.753100e+02
4.732700e+02
4.732700e+02
4.702000e+02
4.702000e+02
4.807800e+02
4.807800e+02
4.807800e+02
4.863500e+02
4.863500e+02
4.809300e+02
4.809300e+02
4.810500e+02
4.810500e+02
4.810500e+02
4.838400e+02
4.838400e+02
4.838400e+02
4.838400e+02
4.838400e+02
4.838400e+02
4.838400e+02
4.727400e+02
4.727400e+02
4.718900e+02
4.718900e+02
4.674800e+02
4.674800e+02
4.674800e+02
2.918600e+02
2.918600e+02
2.918600e+02
2.918600e+02
4.839800e+02
4.839800e+02
4.839800e+02
4.841700e+02
4.841700e+02
4.835100e+02
4.835100e+02
4.835100e+02
4.835100e+02
4.835100e+02
4.716500e+02
4.716500e+02
4.739300e+02
4.739300e+02
4.709400e+02
4.709400e+02
4.709400e+02
4.742100e+02
4.742100e+02
4.769700e+02
4.769700e+02
4.770800e+02
4.770800e+02
4.770800e+02
4.723900e+02
4.723900e+02
4.660100e+02
4.660100e+02
4.663200e+02
4.663200e+02
4.663200e+02
4.624200e+02
4.624200e+02
4.624200e+02
4.624200e+02
4.604300e+02
4.604300e+02
4.604300e+02
4.591300e+02
4.591300e+02
4.591300e+02
4.591300e+02
4.591300e+02
4.591300e+02
4.591300e+02
4.581700e+02
4.581700e+02
4.552500e+02
4.552500e+02
4.552500e+02
4.552500e+02
4.552500e+02
4.512500e+02
4.512500e+02
4.496600e+02
4.496600e+02
4.477000e+02
4.477000e+02
4.477000e+02
4.531700e+02
4.531700e+02
4.569900e+02
4.569900e+02
4.527400e+02
4.527400e+02
4.527400e+02
4.456900e+02
4.456900e+02
4.419300e+02
4.419300e+02
4.419300e+02
4.419300e+02
4.419300e+02
4.419300e+02
4.419300e+02
4.386900e+02
4.386900e+02
4.386900e+02
4.386900e+02
4.386900e+02
4.343100e+02
4.343100e+02
4.329600e+02
4.329600e+02
4.320700e+02
4.320700e+02
4.320700e+02
4.343600e+02
4.343600e+02
4.316400e+02
4.316400e+02
4.298300e+02
4.298300e+02
4.298300e+02
4.278700e+02
4.278700e+02
4.268000e+02
4.268000e+02
4.268000e+02
4.268000e+02
4.268000e+02
4.240400e+02
4.240400e+02
4.201800e+02
4.201800e+02
4.201800e+02
4.201800e+02
4.201800e+02
4.202000e+02
4.202000e+02
4.205100e+02
4.205100e+02
4.200700e+02
4.200700e+02
4.200700e+02
4.177900e+02
4.177900e+02
4.119500e+02
4.119500e+02
4.119500e+02
4.119500e+02
4.119500e+02
4.119500e+02
4.119500e+02
4.147500e+02
4.147500e+02
4.147500e+02
4.147500e+02
4.147500e+02
4.147500e+02
4.147500e+02
4.147500e+02
4.147500e+02
4.147500e+02
4.147500e+02
4.147500e+02
4.147500e+02
4.147500e+02
4.147500e+02
4.147500e+02
4.147500e+02
4.147500e+02
4.147500e+02
4.147500e+02
4.147500e+02
4.147500e+02
4.147500e+02
4.147500e+02
4.147500e+02
4.147500e+02
4.147500e+02
4.147500e+02
4.147500e+02
4.147500e+02
4.147500e+02
4.147500e+02
4.147500e+02
4.147500e+02
4.147500e+02
4.147500e+02
4.147500e+02
4.147500e+02
4.147500e+02
4.147500e+02
4.147500e+02
4.147500e+02
4.147500e+02
4.147500e+02
4.147500e+02
4.147500e+02
4.147500e+02
4.147500e+02
4.147500e+02
4.147500e+02
4.147500e+02
4.147500e+02
4.147500e+02
4.147500e+02
4.147500e+02
4.147500e+02
4.147500e+02
4.147500e+02
4.147500e+02
4.147500e+02
4.147500e+02
4.147500e+02
4.147500e+02
4.147500e+02
4.147500e+02
4.147500e+02
4.147500e+02
4.147500e+02
4.147500e+02
4.147500e+02
4.147500e+02
4.147500e+02
4.147500e+02
4.147500e+02
4.147500e+02
4.147500e+02
4.147500e+02
4.147500e+02
4.147500e+02
4.147500e+02
4.147500e+02
4.147500e+02
4.147500e+02
4.147500e+02
4.147500e+02
4.147500e+02
4.147500e+02
4.147500e+02
4.147500e+02
4.147500e+02
4.147500e+02
4.147500e+02
4.147500e+02
4.147500e+02
4.147500e+02
4.147500e+02
3.490700e+02
3.490700e+02
3.490100e+02
3.490100e+02
3.476600e+02
3.476600e+02
3.476600e+02
3.465000e+02
3.465000e+02
3.462700e+02
3.462700e+02
3.462700e+02
3.462700e+02
3.462700e+02
3.460600e+02
3.460600e+02
3.582300e+02
3.582300e+02
3.664600e+02
3.664600e+02
3.664600e+02
3.664600e+02
3.664600e+02
3.664600e+02
3.664600e+02
3.664600e+02
3.664600e+02
3.664600e+02
3.467100e+02
3.467100e+02
3.453300e+02
3.453300e+02
3.452100e+02
3.452100e+02
3.452100e+02
3.452100e+02
3.452100e+02
3.444800e+02
3.444800e+02
3.444800e+02
3.444800e+02
3.444800e+02
3.384000e+02
3.384000e+02
3.372000e+02
3.372000e+02
3.362400e+02
3.362400e+02
3.362400e+02
3.362400e+02
3.362400e+02
3.362400e+02
3.362400e+02
3.362400e+02
3.362400e+02
3.362400e+02
3.311000e+02
3.311000e+02
3.311000e+02
3.311000e+02
3.311000e+02
3.311000e+02
3.311000e+02
3.280100e+02
3.280100e+02
3.249600e+02
3.249600e+02
3.263900e+02
3.263900e+02
3.263900e+02
325
325
322
322
321
321
321
321
321
321
321
321
321
321
323
323
321
321
321
321
321
332
332
332
332
332
332
332
3.340200e+02
3.340200e+02
3.380500e+02
3.380500e+02
3.401600e+02
3.401600e+02
3.401600e+02
3.418600e+02
3.418600e+02
3.491100e+02
3.491100e+02
3.506200e+02
3.506200e+02
3.506200e+02
3.585900e+02
3.585900e+02
3.585900e+02
3.585900e+02
3.725000e+02
3.725000e+02
3.725000e+02
3.764600e+02
3.764600e+02
3.775100e+02
3.775100e+02
3.723800e+02
3.723800e+02
3.723800e+02
3.678400e+02
3.678400e+02
3.636400e+02
3.636400e+02
3.619900e+02
3.619900e+02
3.619900e+02
3.595900e+02
3.595900e+02
3.595900e+02
3.595900e+02
3.568800e+02
3.568800e+02
3.568800e+02
3.536400e+02
3.536400e+02
3.532200e+02
3.532200e+02
3.489000e+02
3.489000e+02
3.489000e+02
3.454600e+02
3.454600e+02
3.433300e+02
3.433300e+02
3.426700e+02
3.426700e+02
3.426700e+02
3.407200e+02
3.407200e+02
3.408400e+02
3.408400e+02
3.408400e+02
3.408400e+02
3.408400e+02
3.408400e+02
3.408400e+02
3.408400e+02
3.408400e+02
3.408400e+02
3.408400e+02
3.408400e+02
3.408400e+02
3.408400e+02
3.408400e+02
3.408400e+02
3.408400e+02
3.408400e+02
3.408400e+02
3.408400e+02
3.408400e+02
3.408400e+02
3.408400e+02
3.408400e+02
3.408400e+02
3.408400e+02
3.408400e+02
3.408400e+02
3.408400e+02
3.408400e+02
3.408400e+02
3.408400e+02
3.408400e+02
3.408400e+02
3.408400e+02
3.408400e+02
3.408400e+02
3.408400e+02
3.408400e+02
3.408400e+02
3.408400e+02
3.408400e+02
3.408400e+02
3.408400e+02
3.408400e+02
3.408400e+02
3.408400e+02
3.408400e+02
3.408400e+02
3.408400e+02
3.408400e+02
3.408400e+02
3.408400e+02
3.408400e+02
3.408400e+02
3.408400e+02
3.408400e+02
3.408400e+02
3.408400e+02
3.408400e+02
3.408400e+02
3.408400e+02
3.408400e+02
3.408400e+02
3.408400e+02
3.408400e+02
3.408400e+02
3.408400e+02
3.408400e+02
3.408400e+02
3.408400e+02
3.408400e+02
3.408400e+02
