0
0
0
0
0
0
0
0
0
0
0
0
0
0
0
0
0
0
0
0
0
0
0
0
0
0
0
0
0
0
0
0
0
0
0
0
0
0
0
0
0
0
0
0
0
0
0
0
0
0
0
0
0
0
0
0
0
0
0
0
0
0
0
0
0
0
0
0
0
0
0
0
0
0
0
0
0
0
0
0
0
0
0
0
0
0
0
0
0
0
0
0
0
0
0
0
0
0
0
0
0
0
0
0
0
0
0
0
0
0
0
0
0
0
0
0
0
0
0
0
0
0
0
0
0
0
0
0
0
0
0
0
0
0
0
0
0
0
0
0
0
0
0
0
0
0
0
0
0
0
0
0
0
0
0
0
0
0
0
0
0
0
0
0
0
0
0
0
0
0
0
0
0
0
0
0
0
0
0
0
0
0
0
0
0
0
0
0
0
0
0
0
0
0
0
0
0
0
0
0
0
0
0
0
0
0
0
0
0
0
0
0
0
0
0
0
0
0
0
0
0
0
0
0
0
0
0
0
0
0
0
0
0
0
0
0
0
0
0
0
0
0
0
0
0
0
0
0
0
0
0
0
0
0
0
0
0
0
0
0
0
0
0
0
0
0
0
0
0
0
0
0
0
0
0
0
0
0
0
0
0
0
0
0
0
0
0
0
0
0
0
0
0
0
0
0
0
0
0
0
0
0
0
0
0
0
0
0
0
0
0
0
0
0
0
0
0
0
0
0
0
0
0
0
0
0
0
0
0
0
0
0
0
0
0
0
0
0
0
0
0
0
0
0
0
0
0
0
0
0
0
0
0
0
0
0
0
0
0
0
0
0
0
0
0
0
0
0
0
0
0
0
0
0
0
0
0
0
0
0
0
0
0
0
0
0
0
0
0
0
0
0
0
0
0
0
0
0
0
0
0
0
0
0
0
0
0
0
0
0
0
0
0
0
0
0
0
0
0
0
0
0
0
0
0
0
0
0
0
0
0
0
0
0
0
0
0
0
0
0
0
0
0
0
0
0
0
0
0
0
0
0
0
0
0
0
0
0
0
0
0
0
0
0
0
0
0
0
0
0
0
0
0
0
0
0
0
0
0
0
0
0
0
0
0
0
0
0
0
0
0
0
0
0
0
0
0
0
0
0
0
0
0
0
0
0
0
0
0
0
0
0
0
0
0
0
0
0
0
0
0
0
0
0
0
0
0
0
0
0
0
0
0
0
0
0
0
0
0
0
0
0
0
0
0
0
0
0
0
0
0
0
0
0
0
0
0
0
0
0
0
0
0
0
0
0
0
0
0
0
0
0
0
0
0
0
0
0
0
0
0
0
0
0
0
0
0
0
0
0
0
0
0
0
0
0
0
0
0
0
0
0
0
0
0
0
0
0
0
0
0
0
0
0
0
0
0
0
0
0
0
0
0
0
0
0
0
0
0
0
0
0
0
0
0
0
0
0
0
0
0
0
0
0
0
0
0
0
0
0
0
0
0
0
0
0
0
0
0
0
0
0
0
0
0
0
0
0
0
0
0
0
0
0
0
0
0
0
0
0
0
0
0
0
0
0
0
0
0
0
0
0
0
0
0
0
0
0
0
0
0
0
0
0
0
0
0
0
0
0
0
0
0
0
0
0
0
0
0
0
0
0
0
0
0
0
0
0
0
0
0
0
0
0
0
0
0
0
0
0
0
0
0
0
0
0
0
0
0
0
0
0
0
0
0
0
0
0
0
0
0
0
0
0
0
0
0
0
0
0
0
0
0
0
0
0
0
0
0
0
0
0
0
0
0
0
0
0
0
0
0
0
0
0
0
0
0
0
0
0
0
0
0
0
0
0
0
0
0
0
0
0
0
0
0
0
0
0
0
0
0
0
0
0
0
0
0
0
0
0
0
0
0
0
0
0
0
0
0
0
0
0
0
0
0
0
0
0
0
0
0
0
0
0
0
0
0
0
0
0
0
0
0
0
0
0
0
0
0
0
0
0
0
0
0
0
0
0
0
0
0
0
0
0
0
0
0
0
0
0
0
0
0
0
0
0
0
0
0
0
0
0
0
0
0
0
0
0
0
0
0
0
0
0
0
0
0
0
0
0
0
0
0
0
0
0
0
0
0
0
0
0
0
0
0
0
0
0
0
0
0
0
0
0
0
0
0
0
0
0
0
0
0
0
0
0
0
0
0
0
0
0
0
0
0
0
0
0
0
0
0
0
0
0
0
0
0
0
0
0
0
0
0
0
0
0
0
0
0
0
0
0
0
0
0
0
0
0
0
0
0
0
0
0
0
0
0
0
0
0
0
0
0
0
0
0
0
0
0
0
0
0
0
0
0
0
0
0
0
0
0
0
0
0
0
0
0
0
0
0
0
0
0
0
0
0
0
0
0
0
0
0
0
0
0
0
0
0
0
0
0
0
0
0
0
0
0
0
0
0
0
0
0
0
0
0
0
0
0
0
0
0
0
0
0
0
0
0
0
0
0
0
0
0
0
0
0
0
0
0
0
0
0
0
0
0
0
0
0
0
0
0
0
0
0
0
0
0
0
0
0
0
0
0
0
0
0
0
0
0
0
0
0
0
0
0
0
0
0
0
0
0
0
0
0
0
0
0
0
0
0
0
0
0
0
0
0
0
0
0
0
0
0
0
0
0
0
0
0
0
0
0
0
0
0
0
0
0
0
0
0
0
0
0
0
0
0
0
0
0
0
0
0
0
0
0
0
0
0
0
0
0
0
0
0
0
0
0
0
0
0
0
0
0
0
0
0
0
0
0
0
0
0
0
0
0
0
0
0
0
0
0
0
0
0
0
0
0
0
0
0
0
0
0
0
0
0
0
0
0
0
0
0
0
0
0
0
0
0
0
0
0
0
0
0
0
0
0
0
0
0
0
0
0
0
0
0
0
0
0
0
0
0
0
0
0
0
0
0
0
0
0
0
0
0
0
0
0
0
0
0
0
0
0
0
0
0
0
0
0
0
0
0
0
0
0
0
0
0
0
0
0
0
0
0
0
0
0
0
0
0
0
0
0
0
0
0
0
0
0
0
0
0
0
0
0
0
0
0
0
0
0
0
0
0
0
0
0
0
0
0
0
0
0
0
0
0
0
0
0
0
0
0
0
0
0
0
0
0
0
0
0
0
0
0
0
0
0
0
0
0
0
0
0
0
0
0
0
0
0
0
0
0
0
0
0
0
0
0
0
0
0
0
0
0
0
0
0
0
0
0
0
0
0
0
0
0
0
0
0
0
0
0
0
0
0
0
0
0
0
0
0
0
0
0
0
0
0
0
0
0
0
0
0
0
0
0
0
0
0
0
0
0
0
0
0
0
0
0
0
0
0
0
0
0
0
0
0
0
0
0
0
0
0
0
0
0
0
0
0
0
0
0
0
0
0
0
0
0
0
0
0
0
0
0
0
0
0
0
0
0
0
0
0
0
0
0
5.000000e-02
5.000000e-02
5.000000e-02
8.000000e-02
8.000000e-02
1.000000e-01
1.200000e-01
1.200000e-01
1.200000e-01
1.200000e-01
1.200000e-01
1.100000e-01
3.100000e-01
2.700000e-01
4.700000e-01
4.700000e-01
4.700000e-01
5.200000e-01
4.800000e-01
4.800000e-01
4.800000e-01
0
0
0
1.820000e+00
2.100000e+00
1.780000e+00
2.120000e+00
2.950000e+00
2.950000e+00
2.950000e+00
1.700000e-01
1.700000e-01
1.700000e-01
1.700000e-01
1.940000e+00
1.940000e+00
1.940000e+00
7.160000e+00
7.160000e+00
4.200000e+00
4.200000e+00
4.820000e+00
4.820000e+00
4.820000e+00
3.146000e+01
3.146000e+01
9.910000e+00
9.910000e+00
1.079000e+01
1.079000e+01
1.079000e+01
1.276000e+01
1.276000e+01
1.276000e+01
1.276000e+01
1.473000e+01
1.473000e+01
1.473000e+01
1.724000e+01
1.724000e+01
1.711000e+01
1.711000e+01
2.032000e+01
2.032000e+01
2.032000e+01
2.197000e+01
2.197000e+01
2.197000e+01
2.197000e+01
2.517000e+01
2.517000e+01
2.517000e+01
2.879000e+01
2.879000e+01
3.230000e+01
3.230000e+01
3.230000e+01
3.230000e+01
3.230000e+01
1.500000e-01
1.500000e-01
2.908000e+01
2.908000e+01
3.206000e+01
3.206000e+01
3.206000e+01
3.206000e+01
3.206000e+01
4.375000e+01
4.375000e+01
5.437000e+01
5.437000e+01
5.437000e+01
5.327000e+01
5.327000e+01
5.549000e+01
5.549000e+01
5.994000e+01
5.994000e+01
5.994000e+01
6.471000e+01
6.471000e+01
6.725000e+01
6.725000e+01
7.021000e+01
7.021000e+01
7.021000e+01
7.439000e+01
7.439000e+01
7.812000e+01
7.812000e+01
8.148000e+01
8.148000e+01
8.148000e+01
8.560000e+01
8.560000e+01
8.832000e+01
8.832000e+01
9.925000e+01
9.925000e+01
9.925000e+01
1.112300e+02
1.112300e+02
1.112300e+02
1.112300e+02
1.122300e+02
1.132300e+02
1.142300e+02
1.370500e+02
1.370500e+02
1.432200e+02
1.432200e+02
1.432200e+02
1.432200e+02
1.432200e+02
1.571200e+02
1.571200e+02
1.571200e+02
1.571200e+02
1.858100e+02
1.858100e+02
1.858100e+02
1.858100e+02
1.858100e+02
1.987500e+02
1.987500e+02
1.987500e+02
1.987500e+02
1.987500e+02
1.987500e+02
1.987500e+02
2.138800e+02
2.138800e+02
2.138800e+02
2.138800e+02
2.138800e+02
2.191100e+02
2.191100e+02
2.225900e+02
2.225900e+02
2.258000e+02
2.258000e+02
2.258000e+02
2.255200e+02
2.255200e+02
2.218500e+02
2.218500e+02
2.223700e+02
2.223700e+02
2.223700e+02
2.281700e+02
2.281700e+02
2.341900e+02
2.341900e+02
2.341900e+02
2.341900e+02
2.341900e+02
2.478000e+02
2.478000e+02
3.033600e+02
3.033600e+02
3.100600e+02
3.100600e+02
3.100600e+02
3.100600e+02
3.100600e+02
3.100600e+02
3.100600e+02
3.560200e+02
3.560200e+02
3.560200e+02
3.796900e+02
3.796900e+02
3.912400e+02
3.912400e+02
4.060900e+02
4.060900e+02
4.060900e+02
4.304300e+02
4.304300e+02
4.304300e+02
4.304300e+02
4.817600e+02
4.817600e+02
4.817600e+02
5.374800e+02
5.374800e+02
5.103300e+02
5.103300e+02
6.451200e+02
6.451200e+02
6.451200e+02
693
693
693
693
693
693
693
693
693
693
693
9.290700e+02
9.290700e+02
9.290700e+02
9.832900e+02
9.832900e+02
1.055330e+03
1.055330e+03
1.053810e+03
1.053810e+03
1.192000e+02
1.192000e+02
1.192000e+02
1.192000e+02
1.192000e+02
1.192000e+02
1.192000e+02
1.192000e+02
1.192000e+02
1.192000e+02
3.514200e+02
3.514200e+02
3.905300e+02
3.905300e+02
3.905300e+02
3.905300e+02
3.905300e+02
8.303900e+02
8.303900e+02
1.041790e+03
1.041790e+03
1.041790e+03
1.059130e+03
1.059130e+03
1.073730e+03
1.073730e+03
1.070570e+03
1.070570e+03
1.070570e+03
1.066370e+03
1.066370e+03
1.060240e+03
1.060240e+03
1.109970e+03
1.109970e+03
1.109970e+03
1.109970e+03
1.109970e+03
1.064740e+03
1.064740e+03
1.052860e+03
1.052860e+03
1.052860e+03
1.020530e+03
1.020530e+03
1.041520e+03
1.041520e+03
1.044570e+03
1.044570e+03
1.044570e+03
1.044570e+03
1.044570e+03
1.003050e+03
1.003050e+03
9.786700e+02
9.786700e+02
9.786700e+02
9.848500e+02
9.848500e+02
9.932500e+02
9.932500e+02
1.020620e+03
1.020620e+03
1.020620e+03
1.020620e+03
1.020620e+03
1.020620e+03
1.020620e+03
1.020620e+03
1.020620e+03
1.020620e+03
9.782100e+02
9.782100e+02
9.798400e+02
9.798400e+02
9.775100e+02
9.775100e+02
9.775100e+02
9.775100e+02
9.775100e+02
9.775100e+02
9.775100e+02
9.557500e+02
9.557500e+02
9.557500e+02
9.584900e+02
9.584900e+02
9.584900e+02
9.584900e+02
9.584900e+02
9.584900e+02
9.584900e+02
9.584900e+02
9.584900e+02
9.584900e+02
9.641100e+02
9.529600e+02
9.529600e+02
9.529600e+02
9.433200e+02
9.433200e+02
9.732700e+02
9.732700e+02
9.336400e+02
9.336400e+02
9.336400e+02
9.336400e+02
9.336400e+02
8.771100e+02
8.771100e+02
8.705000e+02
8.705000e+02
8.705000e+02
8.904300e+02
8.904300e+02
8.904300e+02
8.904300e+02
8.784600e+02
8.784600e+02
8.784600e+02
8.784600e+02
8.784600e+02
9.546700e+02
9.546700e+02
9.303400e+02
9.303400e+02
9.303400e+02
9.567300e+02
9.567300e+02
8.892200e+02
8.892200e+02
8.770600e+02
8.770600e+02
8.770600e+02
8.770600e+02
8.770600e+02
9.887200e+02
9.887200e+02
9.887200e+02
9.887200e+02
9.887200e+02
9.457100e+02
9.457100e+02
9.457100e+02
9.457100e+02
9.213900e+02
9.213900e+02
9.213900e+02
9.213900e+02
9.213900e+02
9.132900e+02
9.132900e+02
9.132900e+02
9.132900e+02
9.132900e+02
9.132900e+02
9.132900e+02
8.796900e+02
8.796900e+02
8.856800e+02
8.856800e+02
8.856800e+02
8.856800e+02
8.856800e+02
8.736500e+02
8.736500e+02
8.656200e+02
8.656200e+02
8.656200e+02
8.656200e+02
8.656200e+02
8.596500e+02
8.596500e+02
8.596500e+02
8.596500e+02
8.596500e+02
8.411800e+02
8.411800e+02
8.149100e+02
8.149100e+02
8.086800e+02
8.086800e+02
8.086800e+02
8.086800e+02
8.086800e+02
8.086800e+02
8.086800e+02
7.939700e+02
7.939700e+02
7.939700e+02
7.939700e+02
7.939700e+02
7.990900e+02
7.990900e+02
8.033500e+02
8.033500e+02
8.033500e+02
7.938300e+02
7.938300e+02
7.938300e+02
7.938300e+02
7.896900e+02
7.896900e+02
7.896900e+02
7.896900e+02
7.865400e+02
7.865400e+02
7.865400e+02
7.694900e+02
7.694900e+02
7.694900e+02
7.694900e+02
7.694900e+02
7.662800e+02
7.662800e+02
7.896900e+02
7.896900e+02
7.896900e+02
7.896900e+02
7.896900e+02
7.896100e+02
7.896100e+02
8.188900e+02
8.188900e+02
8.188900e+02
8.245000e+02
8.245000e+02
8.285500e+02
8.285500e+02
8.336800e+02
8.336800e+02
8.336800e+02
8.336800e+02
8.336800e+02
8.417000e+02
8.417000e+02
8.495200e+02
8.495200e+02
8.495200e+02
8.419100e+02
8.419100e+02
8.433300e+02
8.433300e+02
8.519900e+02
8.519900e+02
8.519900e+02
8.519900e+02
8.519900e+02
8.227900e+02
8.227900e+02
7.932100e+02
7.932100e+02
7.932100e+02
7.932100e+02
7.932100e+02
7.820400e+02
7.820400e+02
7.820400e+02
7.820400e+02
7.820400e+02
7.820400e+02
7.820400e+02
7.816800e+02
7.816800e+02
7.777400e+02
7.777400e+02
7.777400e+02
7.634600e+02
7.634600e+02
7.634600e+02
7.634600e+02
7.634600e+02
7.634600e+02
7.634600e+02
7.634600e+02
7.634600e+02
7.634600e+02
7.634600e+02
7.634600e+02
7.634600e+02
7.634600e+02
7.634600e+02
7.634600e+02
7.634600e+02
7.634600e+02
7.634600e+02
7.634600e+02
7.634600e+02
7.634600e+02
7.634600e+02
7.634600e+02
7.537200e+02
7.537200e+02
7.537200e+02
7.537200e+02
7.537200e+02
7.537200e+02
7.537200e+02
7.537200e+02
7.537200e+02
7.537200e+02
7.537200e+02
7.537200e+02
7.369300e+02
7.369300e+02
7.369300e+02
7.369300e+02
7.369300e+02
7.369300e+02
7.369300e+02
7.369300e+02
7.319300e+02
7.319300e+02
7.319300e+02
7.319300e+02
7.319300e+02
7.319300e+02
7.319300e+02
7.312200e+02
7.312200e+02
7.346300e+02
7.346300e+02
7.346300e+02
7.333300e+02
7.333300e+02
7.305100e+02
7.305100e+02
7.206300e+02
7.206300e+02
7.206300e+02
7.206300e+02
7.206300e+02
7.071400e+02
7.071400e+02
7.124200e+02
7.124200e+02
7.124200e+02
7.049200e+02
7.049200e+02
7.049200e+02
7.049200e+02
7.046300e+02
7.046300e+02
7.046300e+02
7.046300e+02
7.046300e+02
7.163900e+02
7.163900e+02
7.163900e+02
7.163900e+02
7.163900e+02
712
712
7.279200e+02
7.279200e+02
7.279200e+02
7.279200e+02
7.279200e+02
7.279200e+02
7.279200e+02
7.311300e+02
7.311300e+02
7.361400e+02
7.361400e+02
7.361400e+02
2.233300e+02
2.233300e+02
1.699800e+02
1.699800e+02
1.699800e+02
1.699800e+02
1.699800e+02
1.699800e+02
1.699800e+02
6.987300e+02
6.987300e+02
6.983500e+02
6.983500e+02
6.983500e+02
6.958500e+02
6.958500e+02
7.031600e+02
7.031600e+02
7.031600e+02
7.031600e+02
7.031600e+02
7.027200e+02
7.027200e+02
6.999500e+02
6.999500e+02
6.993300e+02
6.993300e+02
6.993300e+02
6.935100e+02
6.935100e+02
6.841500e+02
6.841500e+02
6.007000e+02
6.007000e+02
6.007000e+02
6.602500e+02
6.602500e+02
6.602500e+02
6.602500e+02
6.689900e+02
6.689900e+02
6.689900e+02
6.583800e+02
6.583800e+02
6.497200e+02
6.497200e+02
6.441200e+02
6.441200e+02
6.441200e+02
6.441200e+02
6.441200e+02
6.334600e+02
6.334600e+02
6.291000e+02
6.291000e+02
6.291000e+02
6.212700e+02
6.212700e+02
6.174200e+02
6.174200e+02
6.130800e+02
6.130800e+02
6.130800e+02
6.130800e+02
6.130800e+02
6.068500e+02
6.068500e+02
6.059500e+02
6.059500e+02
6.059500e+02
6.014800e+02
6.014800e+02
5.966900e+02
5.966900e+02
5.932800e+02
5.932800e+02
5.932800e+02
5.932800e+02
5.932800e+02
5.932800e+02
5.932800e+02
5.833700e+02
5.833700e+02
5.833700e+02
5.835900e+02
5.835900e+02
5.797900e+02
5.797900e+02
5.791500e+02
5.791500e+02
5.791500e+02
5.791500e+02
5.791500e+02
5.663100e+02
5.663100e+02
5.663100e+02
5.663100e+02
5.663100e+02
5.663100e+02
5.663100e+02
5.581300e+02
5.581300e+02
5.541600e+02
5.541600e+02
5.541600e+02
5.541600e+02
5.541600e+02
5.446700e+02
5.446700e+02
5.368000e+02
5.368000e+02
5.368000e+02
4.937600e+02
4.937600e+02
5.193800e+02
5.193800e+02
5.153100e+02
5.153100e+02
5.153100e+02
5.153100e+02
5.153100e+02
5.168100e+02
5.168100e+02
5.168100e+02
5.168100e+02
5.168100e+02
5.017700e+02
5.017700e+02
5.013300e+02
5.009700e+02
5.009700e+02
5.009700e+02
5.009700e+02
5.009700e+02
5.009700e+02
5.535200e+02
5.535200e+02
5.504200e+02
5.504200e+02
5.504200e+02
5.502900e+02
5.502900e+02
5.502900e+02
5.450500e+02
5.412700e+02
5.412700e+02
5.412700e+02
5.425500e+02
5.425500e+02
5.454800e+02
5.454800e+02
5.434500e+02
5.434500e+02
5.434500e+02
5.199100e+02
5.199100e+02
5.533300e+02
5.533300e+02
5.498200e+02
5.498200e+02
5.498200e+02
5.472400e+02
5.472400e+02
3.987800e+02
3.987800e+02
3.987800e+02
3.987800e+02
3.987800e+02
5.459600e+02
5.459600e+02
5.450100e+02
5.450100e+02
5.450100e+02
5.450100e+02
5.450100e+02
5.401200e+02
5.401200e+02
5.369200e+02
5.369200e+02
4.332900e+02
4.332900e+02
4.332900e+02
4.766600e+02
4.766600e+02
4.766600e+02
4.766600e+02
4.736100e+02
4.736100e+02
4.736100e+02
4.664900e+02
4.664900e+02
4.512000e+02
4.512000e+02
4.599000e+02
4.599000e+02
4.599000e+02
4.485300e+02
4.485300e+02
4.457600e+02
4.457600e+02
4.457600e+02
4.457600e+02
4.457600e+02
4.457600e+02
4.457600e+02
4.474300e+02
4.474300e+02
4.474300e+02
4.474300e+02
4.474300e+02
4.557700e+02
4.557700e+02
4.421900e+02
4.421900e+02
4.421900e+02
4.421900e+02
4.421900e+02
4.421900e+02
4.421900e+02
4.337500e+02
4.337500e+02
4.848100e+02
4.848100e+02
4.848100e+02
4.293700e+02
4.293700e+02
4.227400e+02
4.227400e+02
4.200400e+02
4.200400e+02
4.200400e+02
4.186500e+02
4.186500e+02
4.195300e+02
4.195300e+02
2.519000e+02
2.519000e+02
2.519000e+02
4.182100e+02
4.182100e+02
4.247700e+02
4.247700e+02
4.266400e+02
4.266400e+02
4.266400e+02
4.266400e+02
4.266400e+02
4.266400e+02
4.266400e+02
4.266400e+02
4.266400e+02
4.266400e+02
4.325000e+02
4.325000e+02
4.350400e+02
4.350400e+02
4.169300e+02
4.169300e+02
4.169300e+02
4.169300e+02
4.169300e+02
4.169300e+02
4.169300e+02
4.268300e+02
4.268300e+02
4.268300e+02
4.268300e+02
4.268300e+02
4.268300e+02
4.268300e+02
4.268300e+02
4.268300e+02
4.268300e+02
4.268300e+02
4.268300e+02
4.093600e+02
4.093600e+02
3.154000e+02
3.154000e+02
3.154000e+02
3.154000e+02
3.154000e+02
3.667200e+02
3.667200e+02
3.688600e+02
3.688600e+02
3.688600e+02
3.699500e+02
3.699500e+02
3.711100e+02
3.711100e+02
3.729800e+02
3.729800e+02
3.729800e+02
3.712600e+02
3.712600e+02
3.712600e+02
3.712600e+02
3.712600e+02
3.712600e+02
3.712600e+02
3.712600e+02
3.712600e+02
3.448900e+02
3.448900e+02
3.448900e+02
3.448900e+02
3.448900e+02
3.641500e+02
3.641500e+02
3.647300e+02
3.647300e+02
3.647300e+02
3.647300e+02
3.647300e+02
3.647300e+02
3.647300e+02
3.732100e+02
3.732100e+02
3.948300e+02
3.948300e+02
3.948300e+02
4.475400e+02
4.475400e+02
4.907700e+02
4.907700e+02
4.972500e+02
4.972500e+02
4.972500e+02
4.972500e+02
4.972500e+02
5.155300e+02
5.155300e+02
5.155300e+02
5.155300e+02
5.155300e+02
2.566200e+02
2.566200e+02
4.409500e+02
4.409500e+02
4.574100e+02
4.574100e+02
4.574100e+02
3.359200e+02
3.359200e+02
4.203300e+02
4.203300e+02
4.267800e+02
4.267800e+02
4.267800e+02
4.555900e+02
4.555900e+02
4.675500e+02
4.675500e+02
4.817100e+02
4.817100e+02
4.817100e+02
5.068400e+02
5.068400e+02
5.245100e+02
5.245100e+02
5.470800e+02
5.470800e+02
5.470800e+02
5.494800e+02
5.494800e+02
1.905000e+02
1.905000e+02
1.735500e+02
1.735500e+02
1.735500e+02
1.647100e+02
1.647100e+02
1.622400e+02
1.622400e+02
160
160
160
1.562400e+02
1.562400e+02
1.567000e+02
1.567000e+02
1.567000e+02
1.567000e+02
1.567000e+02
1.567000e+02
1.567000e+02
1.567000e+02
1.567000e+02
1.477900e+02
1.477900e+02
1.477900e+02
1.475600e+02
1.475600e+02
2.678000e+01
2.678000e+01
2.252200e+02
2.252200e+02
2.252200e+02
2.840400e+02
2.840400e+02
2.827800e+02
2.827800e+02
2.987900e+02
2.987900e+02
2.987900e+02
3.125700e+02
3.125700e+02
3.366900e+02
3.366900e+02
3.453400e+02
3.453400e+02
3.453400e+02
3.453400e+02
3.453400e+02
3.404100e+02
3.404100e+02
3.404100e+02
3.404100e+02
3.404100e+02
3.703400e+02
3.703400e+02
3.824500e+02
3.824500e+02
3.904600e+02
3.904600e+02
3.904600e+02
3.995300e+02
3.995300e+02
3.994100e+02
3.994100e+02
3.994100e+02
3.994100e+02
3.994100e+02
4.169100e+02
4.169100e+02
4.169100e+02
4.169100e+02
4.372100e+02
4.372100e+02
4.372100e+02
4.562200e+02
4.562200e+02
4.622200e+02
4.622200e+02
4.753200e+02
4.753200e+02
4.753200e+02
4.930700e+02
4.930700e+02
4.930700e+02
4.930700e+02
4.930700e+02
4.930700e+02
4.930700e+02
5.512100e+02
5.512100e+02
5.512100e+02
5.512100e+02
5.512100e+02
5.512100e+02
5.512100e+02
5.759100e+02
5.759100e+02
5.759100e+02
5.759100e+02
5.804800e+02
5.804800e+02
5.804800e+02
5.830400e+02
5.830400e+02
5.840200e+02
5.840200e+02
5.872700e+02
5.872700e+02
5.872700e+02
5.872300e+02
5.872300e+02
5.895300e+02
5.895300e+02
5.912900e+02
5.912900e+02
5.912900e+02
5.909900e+02
5.909900e+02
5.916200e+02
5.916200e+02
5.944200e+02
5.944200e+02
5.944200e+02
6.028100e+02
6.028100e+02
6.028100e+02
6.028100e+02
6.142800e+02
6.142800e+02
6.142800e+02
6.155300e+02
6.155300e+02
6.155300e+02
6.155300e+02
6.151600e+02
6.151600e+02
6.151600e+02
6.151600e+02
6.151600e+02
6.112900e+02
6.112900e+02
6.157200e+02
6.157200e+02
6.157200e+02
6.166300e+02
6.166300e+02
6.182200e+02
6.182200e+02
6.281800e+02
6.281800e+02
6.281800e+02
6.281800e+02
6.281800e+02
6.281800e+02
6.281800e+02
6.284100e+02
6.284100e+02
6.284100e+02
6.284100e+02
6.284100e+02
6.377700e+02
6.377700e+02
6.370700e+02
6.370700e+02
6.370700e+02
6.370700e+02
6.370700e+02
6.370700e+02
6.370700e+02
6.370700e+02
6.370700e+02
6.370700e+02
6.370700e+02
6.370700e+02
6.391600e+02
6.391600e+02
6.430200e+02
6.430200e+02
6.430200e+02
4.640200e+02
4.640200e+02
4.640200e+02
4.640200e+02
6.441000e+02
6.441000e+02
6.441000e+02
6.441700e+02
6.441700e+02
6.490200e+02
6.490200e+02
6.534100e+02
6.534100e+02
6.534100e+02
6.534100e+02
6.534100e+02
6.521900e+02
6.521900e+02
6.509200e+02
6.509200e+02
6.509200e+02
6.468200e+02
6.468200e+02
6.365100e+02
6.365100e+02
6.365100e+02
6.365100e+02
6.365100e+02
6.374400e+02
6.374400e+02
637
637
637
637
637
637
637
6.432000e+02
6.432000e+02
6.432000e+02
6.432000e+02
6.432000e+02
6.432000e+02
6.432000e+02
6.432000e+02
6.432000e+02
648
648
648
648
648
648
648
6.591700e+02
6.591700e+02
6.591700e+02
6.591200e+02
6.591200e+02
6.591200e+02
6.591200e+02
6.591200e+02
6.591200e+02
6.591200e+02
6.591200e+02
6.591200e+02
649
649
649
649
649
649
649
640
640
640
640
640
6.350300e+02
6.350300e+02
6.388300e+02
6.388300e+02
6.375400e+02
6.375400e+02
6.375400e+02
6.364600e+02
6.364600e+02
6.364600e+02
6.364600e+02
6.364600e+02
6.364600e+02
6.364600e+02
6.393900e+02
6.393900e+02
6.393900e+02
6.393900e+02
6.308800e+02
6.308800e+02
6.308800e+02
6.322200e+02
6.322200e+02
6.441900e+02
6.441900e+02
6.441900e+02
6.441900e+02
6.441900e+02
6.434500e+02
6.434500e+02
6.416200e+02
6.416200e+02
6.400700e+02
6.400700e+02
6.400700e+02
6.257500e+02
6.257500e+02
617
617
6.153000e+02
6.153000e+02
6.153000e+02
5.981300e+02
5.981300e+02
5.955900e+02
5.955900e+02
5.917800e+02
5.917800e+02
5.917800e+02
5.925800e+02
5.925800e+02
5.840100e+02
5.840100e+02
5.805100e+02
5.805100e+02
5.805100e+02
5.805100e+02
5.805100e+02
5.805100e+02
5.805100e+02
5.805100e+02
5.805100e+02
5.805100e+02
4.980300e+02
4.980300e+02
4.773800e+02
4.773800e+02
4.773800e+02
4.773800e+02
4.773800e+02
4.515000e+02
4.515000e+02
4.379400e+02
4.379400e+02
4.238900e+02
4.238900e+02
4.238900e+02
4.122000e+02
4.122000e+02
4.073200e+02
4.073200e+02
4.011000e+02
4.011000e+02
4.011000e+02
3.906900e+02
3.906900e+02
3.828400e+02
3.828400e+02
3.828400e+02
