0
0
0
0
0
0
0
0
0
0
0
0
0
0
0
0
0
0
0
0
0
0
0
0
0
0
0
0
0
0
0
0
0
0
0
0
0
0
0
0
0
0
0
0
0
0
0
0
0
0
0
0
0
0
0
0
0
0
0
0
0
0
0
0
0
0
0
0
0
0
0
0
0
0
0
0
0
0
0
0
0
0
0
0
0
0
0
0
0
0
0
0
0
0
0
0
0
0
0
0
0
0
0
0
0
0
0
0
0
0
0
0
0
0
0
0
0
0
0
0
0
0
0
0
0
0
0
0
0
0
0
0
0
0
0
0
0
0
0
0
0
0
0
0
0
0
0
0
0
0
0
0
0
0
0
0
0
0
0
0
0
0
0
0
0
0
0
0
0
0
0
0
0
0
0
0
0
0
0
0
0
0
0
0
0
0
0
0
0
0
0
0
0
0
0
0
0
0
0
0
0
0
0
0
0
0
0
0
0
0
0
0
0
0
0
0
0
0
0
0
0
0
0
0
0
0
0
0
0
0
0
0
0
0
0
0
0
0
0
0
0
0
0
0
0
0
0
0
0
0
0
0
0
0
0
0
0
0
0
0
0
0
0
0
0
0
0
0
0
0
0
0
0
0
0
0
0
0
0
0
0
0
0
0
0
0
0
0
0
0
0
0
0
0
0
0
0
0
0
0
0
0
0
0
0
0
0
0
0
0
0
0
0
0
0
0
0
0
0
0
0
0
0
0
0
0
0
0
0
0
0
0
0
0
0
0
0
0
0
0
0
0
0
0
0
0
0
0
0
0
0
0
0
0
0
0
0
0
0
0
0
0
0
0
0
0
0
0
0
0
0
0
0
0
0
0
0
0
0
0
0
0
0
0
0
0
0
0
0
0
0
0
0
0
0
0
0
0
0
0
0
0
0
0
0
0
0
0
0
0
0
0
0
0
0
0
0
0
0
0
0
0
0
0
0
0
0
0
0
0
0
0
0
0
0
0
0
0
0
0
0
0
0
0
0
0
0
0
0
0
0
0
0
0
0
0
0
0
0
0
0
0
0
0
0
0
0
0
0
0
0
0
0
0
0
0
0
0
0
0
0
0
0
0
0
0
0
0
0
0
0
0
0
0
0
0
0
0
0
0
0
0
0
0
0
0
0
0
0
0
0
0
0
0
0
0
0
0
0
0
0
0
0
0
0
0
0
0
0
0
0
0
0
0
0
0
0
0
0
0
0
0
0
0
0
0
0
0
0
0
0
0
0
0
0
0
0
0
0
0
0
0
0
0
0
0
0
0
0
0
0
0
0
0
0
0
0
0
0
0
0
0
0
0
0
0
0
0
0
0
0
0
0
0
0
0
0
0
0
0
0
0
0
0
0
0
0
0
0
0
0
0
0
0
0
0
0
0
0
0
0
0
0
0
0
0
0
0
0
0
0
0
0
0
0
0
0
0
0
0
0
0
0
0
0
0
0
0
0
0
0
0
0
0
0
0
0
0
0
0
0
0
0
0
0
0
0
0
0
0
0
0
0
0
0
0
0
0
0
0
0
0
0
0
0
0
0
0
0
0
0
0
0
0
0
0
0
0
0
0
0
0
0
0
0
0
0
0
0
0
0
0
0
0
0
0
0
0
0
0
0
0
0
0
0
0
0
0
0
0
0
0
0
0
0
0
0
0
0
0
0
0
0
0
0
0
0
0
0
0
0
0
0
0
0
0
0
0
0
0
0
0
0
0
0
0
0
0
0
0
0
0
0
0
0
0
0
0
0
0
0
0
0
0
0
0
0
0
0
0
0
0
0
0
0
0
0
0
0
0
0
0
0
0
0
0
0
0
0
0
0
0
0
0
0
0
0
0
0
0
0
0
0
0
0
0
0
0
0
0
0
0
0
0
0
0
0
0
0
0
0
0
0
0
0
0
0
0
0
0
0
0
0
0
0
0
0
0
0
0
0
0
0
0
0
0
0
0
0
0
0
0
0
0
0
0
0
0
0
0
0
0
0
0
0
0
0
0
0
0
0
0
0
0
0
0
0
0
0
0
0
0
0
0
0
0
0
0
0
0
0
0
0
0
0
0
0
0
0
0
0
0
0
0
0
0
0
0
0
0
0
0
0
0
0
0
0
0
0
0
0
0
0
0
0
0
0
0
0
0
0
0
0
0
0
0
0
0
0
0
0
0
0
0
0
0
0
0
0
0
0
0
0
0
0
0
0
0
0
0
0
0
0
0
0
0
0
0
0
0
0
0
0
0
0
0
0
0
0
0
0
0
0
0
0
0
0
0
0
0
0
0
0
0
0
0
0
0
0
0
0
0
0
0
0
0
0
0
0
0
0
0
0
0
0
0
0
0
0
0
0
0
0
0
0
0
0
0
0
0
0
0
0
0
0
0
0
0
0
0
0
0
0
0
0
0
0
0
0
0
0
0
0
0
0
0
0
0
0
0
0
0
0
0
0
0
0
0
0
0
0
0
0
0
0
0
0
0
0
0
0
0
0
0
0
0
0
0
0
0
0
0
0
0
0
0
0
0
0
0
0
0
0
0
0
0
0
0
0
0
0
0
0
0
0
0
0
0
0
0
0
0
0
0
0
0
0
0
0
0
0
0
0
0
0
0
0
0
0
0
0
0
0
0
0
0
0
0
0
0
0
0
0
0
0
0
0
0
0
0
0
0
0
0
0
0
0
0
0
0
0
0
0
0
0
0
0
0
0
0
0
0
0
0
0
0
0
0
0
0
0
0
0
0
0
0
0
0
0
0
0
0
0
0
0
0
0
0
0
0
0
0
0
0
0
0
0
0
0
0
0
0
0
0
0
0
0
0
0
0
0
0
0
0
0
0
0
0
0
0
0
0
0
0
0
0
0
0
0
0
0
0
0
0
0
0
0
0
0
0
0
0
0
0
0
0
0
0
0
0
0
0
0
0
0
0
0
0
0
0
0
0
0
0
0
0
0
0
0
0
0
0
0
0
0
0
0
0
0
0
0
0
0
0
0
0
0
0
0
0
0
0
0
0
0
0
0
0
0
0
0
0
0
0
0
0
0
0
0
0
0
0
0
0
0
0
0
0
0
0
0
0
0
0
0
0
0
0
0
0
0
0
0
0
0
0
0
0
0
0
0
0
0
0
0
0
0
2.042000e+01
1.961000e+01
1.810000e+01
1.809000e+01
1.809000e+01
1.809000e+01
1.809000e+01
1.809000e+01
1.719000e+01
1.754000e+01
1.678000e+01
1.370000e+01
1.370000e+01
1.370000e+01
2.134000e+01
2.391000e+01
2.476000e+01
2.476000e+01
2.471000e+01
2.471000e+01
2.471000e+01
2.483000e+01
2.483000e+01
2.483000e+01
2.613000e+01
2.617000e+01
2.617000e+01
2.617000e+01
2.860000e+01
2.925000e+01
2.925000e+01
2.925000e+01
2.158000e+01
2.158000e+01
2.158000e+01
2.158000e+01
2.190000e+01
2.237000e+01
2.257000e+01
2.245000e+01
2.245000e+01
2.245000e+01
2.334000e+01
2.413000e+01
2.702000e+01
2.702000e+01
2.457000e+01
2.457000e+01
2.457000e+01
1.702000e+01
1.859000e+01
1.961000e+01
1.913000e+01
2.101000e+01
2.101000e+01
2.101000e+01
1.374000e+01
1.374000e+01
1.374000e+01
1.199000e+01
1.199000e+01
1.199000e+01
1.199000e+01
2.216000e+01
2.254000e+01
1.292000e+01
3.430000e+00
1.950000e+00
1.950000e+00
1.950000e+00
1.561000e+01
1.561000e+01
3.301000e+01
3.301000e+01
3.301000e+01
3.301000e+01
3.301000e+01
3.142000e+01
3.142000e+01
4.465000e+01
4.609000e+01
4.479000e+01
4.479000e+01
4.479000e+01
3.278000e+01
3.795000e+01
6.616000e+01
4.767000e+01
4.023000e+01
4.023000e+01
4.023000e+01
4.572000e+01
5.883000e+01
8.035000e+01
1.009000e+02
1.105700e+02
1.105700e+02
1.105700e+02
5.765000e+01
5.699000e+01
9.276000e+01
1.194900e+02
1.079000e+02
1.079000e+02
1.079000e+02
5.045000e+01
5.441000e+01
6.547000e+01
9.699000e+01
1.525200e+02
1.525200e+02
1.525200e+02
1.556400e+02
1.318600e+02
1.605100e+02
1.584300e+02
1.645100e+02
1.645100e+02
1.645100e+02
1.534900e+02
1.621300e+02
1.568100e+02
1.563200e+02
9.393000e+01
9.393000e+01
9.393000e+01
1.110800e+02
1.159800e+02
1.159800e+02
1.159800e+02
1.264700e+02
1.264700e+02
1.264700e+02
1.429700e+02
1.322600e+02
1.389500e+02
1.442900e+02
1.307300e+02
1.307300e+02
1.307300e+02
1.323700e+02
1.323700e+02
1.531400e+02
1.531400e+02
1.531400e+02
1.531400e+02
1.531400e+02
1.723200e+02
1.726700e+02
1.079200e+02
6.864000e+01
1.382500e+02
1.382500e+02
1.382500e+02
2.018600e+02
2.018600e+02
2.018600e+02
2.018600e+02
2.018600e+02
2.018600e+02
2.018600e+02
2.382400e+02
2.382400e+02
2.382400e+02
2.350200e+02
2.350200e+02
2.350200e+02
2.350200e+02
1.619200e+02
1.619200e+02
1.619200e+02
1.619200e+02
1.619200e+02
1.619200e+02
1.619200e+02
2.277300e+02
2.277300e+02
2.277300e+02
2.106600e+02
1.852800e+02
1.852800e+02
1.852800e+02
1.841800e+02
1.841800e+02
1.841800e+02
1.841800e+02
1.841800e+02
1.841800e+02
1.841800e+02
1.867900e+02
1.867900e+02
1.791400e+02
1.791400e+02
1.756800e+02
1.756800e+02
1.756800e+02
1.725500e+02
1.725500e+02
1.725500e+02
1.725500e+02
1.725500e+02
1.725500e+02
1.725500e+02
1.807000e+02
1.807000e+02
1.851500e+02
1.851500e+02
1.851500e+02
1.851500e+02
1.851500e+02
1.876100e+02
1.876100e+02
1.873000e+02
1.873000e+02
1.865800e+02
1.865800e+02
1.865800e+02
1.865800e+02
1.865800e+02
1.906200e+02
1.906200e+02
1.933700e+02
1.933700e+02
1.933700e+02
1.956100e+02
1.956100e+02
1.986000e+02
1.986000e+02
2.067000e+02
2.067000e+02
2.067000e+02
2.155900e+02
2.155900e+02
2.116200e+02
2.116200e+02
2.161900e+02
2.161900e+02
2.161900e+02
2.164200e+02
2.164200e+02
2.991600e+02
2.991600e+02
2.318700e+02
2.318700e+02
2.318700e+02
2.345000e+02
2.345000e+02
2.346000e+02
2.346000e+02
2.346000e+02
2.346000e+02
2.346000e+02
2.422600e+02
2.422600e+02
2.482200e+02
2.482200e+02
2.482200e+02
2.482200e+02
2.482200e+02
2.482200e+02
2.482200e+02
2.607700e+02
2.607700e+02
2.412800e+02
2.412800e+02
2.412800e+02
2.404400e+02
2.404400e+02
2.442300e+02
2.442300e+02
2.441000e+02
2.441000e+02
2.441000e+02
2.441000e+02
2.441000e+02
2.441000e+02
2.441000e+02
2.441000e+02
2.441000e+02
2.441000e+02
2.441000e+02
2.441000e+02
2.257500e+02
2.257500e+02
2.257500e+02
2.257500e+02
2.257500e+02
2.498000e+02
2.498000e+02
2.512000e+02
2.512000e+02
2.517000e+02
2.517000e+02
2.517000e+02
2.533400e+02
2.533400e+02
2.565200e+02
2.565200e+02
2.661600e+02
2.661600e+02
2.661600e+02
2.738600e+02
2.738600e+02
1.704300e+02
1.704300e+02
1.597300e+02
1.597300e+02
1.597300e+02
1.403400e+02
1.403400e+02
2.526900e+02
2.526900e+02
2.526900e+02
2.526900e+02
2.526900e+02
2.526900e+02
2.526900e+02
2.424900e+02
2.424900e+02
2.424900e+02
2.424900e+02
2.424900e+02
2.957400e+02
2.957400e+02
1.496500e+02
1.496500e+02
1.367500e+02
1.367500e+02
1.367500e+02
1.210900e+02
1.210900e+02
1.210900e+02
1.210900e+02
2.690300e+02
2.690300e+02
2.690300e+02
2.978200e+02
2.978200e+02
3.053700e+02
3.053700e+02
3.176000e+02
3.176000e+02
3.176000e+02
3.173600e+02
3.173600e+02
3.173600e+02
3.173600e+02
3.173600e+02
3.173600e+02
3.173600e+02
3.173600e+02
3.173600e+02
3.173600e+02
3.173600e+02
2.898300e+02
2.898300e+02
2.898300e+02
3.151200e+02
3.151200e+02
2.583100e+02
2.583100e+02
2.067700e+02
2.067700e+02
2.067700e+02
1.790100e+02
1.790100e+02
1.790100e+02
1.790100e+02
0
0
0
0
0
8.850000e+01
8.850000e+01
5.233200e+02
5.233200e+02
5.233200e+02
4.134300e+02
4.134300e+02
4.278000e+02
4.278000e+02
4.390800e+02
4.390800e+02
4.390800e+02
8.641000e+01
8.641000e+01
1.901400e+02
1.901400e+02
3.480500e+02
3.480500e+02
3.480500e+02
2.983700e+02
2.983700e+02
2.983700e+02
2.983700e+02
3.180900e+02
3.180900e+02
3.180900e+02
3.249700e+02
3.249700e+02
3.385300e+02
3.385300e+02
3.385300e+02
3.385300e+02
3.385300e+02
3.418300e+02
3.418300e+02
3.400200e+02
3.400200e+02
3.400200e+02
3.400200e+02
3.400200e+02
3.555900e+02
3.555900e+02
1.752700e+02
1.752700e+02
2.771600e+02
2.771600e+02
2.771600e+02
2.832600e+02
2.832600e+02
2.832600e+02
2.832600e+02
2.832600e+02
2.832600e+02
2.832600e+02
2.891500e+02
2.891500e+02
2.891500e+02
2.891500e+02
2.891500e+02
2.891500e+02
2.891500e+02
2.814100e+02
2.814100e+02
283
283
283
283
283
283
283
4.158000e+02
4.158000e+02
4.158000e+02
4.158000e+02
4.158000e+02
4.902700e+02
4.902700e+02
4.902700e+02
4.902700e+02
4.902700e+02
4.902700e+02
4.902700e+02
4.167500e+02
4.167500e+02
4.167500e+02
4.167500e+02
4.167500e+02
4.167500e+02
4.167500e+02
3.789900e+02
3.789900e+02
4.259400e+02
4.259400e+02
4.736600e+02
4.736600e+02
4.736600e+02
4.921100e+02
4.921100e+02
4.921100e+02
4.921100e+02
4.921100e+02
4.921100e+02
4.921100e+02
4.921100e+02
4.608200e+02
4.608200e+02
4.608200e+02
4.741900e+02
4.741900e+02
4.741900e+02
4.767900e+02
4.767900e+02
4.767900e+02
4.767900e+02
4.767900e+02
4.767900e+02
4.767900e+02
4.778700e+02
4.778700e+02
4.325600e+02
4.325600e+02
4.816500e+02
4.816500e+02
4.816500e+02
5.365500e+02
5.365500e+02
5.365500e+02
5.365500e+02
5.365500e+02
5.365500e+02
5.365500e+02
5.179000e+02
5.179000e+02
5.179000e+02
5.179000e+02
5.416700e+02
5.416700e+02
5.416700e+02
5.567400e+02
5.567400e+02
5.567400e+02
5.567400e+02
5.567400e+02
5.567400e+02
5.567400e+02
5.567400e+02
5.567400e+02
5.567400e+02
5.330100e+02
5.330100e+02
5.330100e+02
5.330100e+02
5.802000e+02
5.802000e+02
5.802000e+02
5.802000e+02
5.802000e+02
5.802000e+02
5.802000e+02
5.802000e+02
5.802000e+02
1.509300e+02
1.509300e+02
1.509300e+02
1.509300e+02
1.509300e+02
1.239900e+02
1.239900e+02
1.239900e+02
1.239900e+02
1.239900e+02
1.239900e+02
1.239900e+02
1.239900e+02
1.239900e+02
1.239900e+02
1.239900e+02
1.239900e+02
1.239900e+02
1.239900e+02
7.089000e+01
7.089000e+01
7.013000e+01
7.013000e+01
7.013000e+01
7.013000e+01
7.013000e+01
7.097000e+01
7.097000e+01
7.097000e+01
7.097000e+01
7.097000e+01
7.097000e+01
7.097000e+01
7.763000e+01
7.763000e+01
7.763000e+01
7.763000e+01
7.763000e+01
7.763000e+01
7.763000e+01
7.648000e+01
7.648000e+01
7.563000e+01
7.563000e+01
7.545000e+01
7.545000e+01
7.545000e+01
7.816000e+01
7.816000e+01
7.747000e+01
7.747000e+01
7.805000e+01
7.805000e+01
7.805000e+01
8.086000e+01
8.086000e+01
7.963000e+01
7.963000e+01
7.959000e+01
7.959000e+01
7.959000e+01
7.995000e+01
7.995000e+01
7.995000e+01
7.995000e+01
7.995000e+01
7.995000e+01
7.995000e+01
7.995000e+01
8.164000e+01
8.164000e+01
8.171000e+01
8.171000e+01
7.963000e+01
7.963000e+01
7.963000e+01
7.963000e+01
7.963000e+01
7.963000e+01
8.105000e+01
8.105000e+01
8.105000e+01
8.105000e+01
8.322000e+01
8.285000e+01
8.285000e+01
8.285000e+01
8.285000e+01
8.285000e+01
8.285000e+01
8.285000e+01
8.285000e+01
8.285000e+01
8.285000e+01
8.285000e+01
8.285000e+01
8.285000e+01
8.285000e+01
8.283000e+01
8.283000e+01
8.283000e+01
8.283000e+01
8.283000e+01
8.283000e+01
8.283000e+01
8.283000e+01
8.283000e+01
8.283000e+01
8.283000e+01
8.283000e+01
8.283000e+01
8.283000e+01
8.283000e+01
8.283000e+01
8.283000e+01
8.283000e+01
8.283000e+01
8.283000e+01
8.283000e+01
8.136000e+01
8.136000e+01
8.136000e+01
8.136000e+01
8.136000e+01
8.136000e+01
8.136000e+01
8.136000e+01
8.136000e+01
8.136000e+01
8.136000e+01
8.136000e+01
8.136000e+01
8.382000e+01
8.382000e+01
8.382000e+01
8.382000e+01
8.382000e+01
8.382000e+01
8.295000e+01
8.295000e+01
8.748000e+01
8.748000e+01
8.748000e+01
8.748000e+01
8.748000e+01
8.718000e+01
8.718000e+01
8.718000e+01
8.718000e+01
8.718000e+01
8.718000e+01
8.718000e+01
8.854000e+01
8.854000e+01
8.746000e+01
8.746000e+01
8.909000e+01
8.909000e+01
8.909000e+01
9.055000e+01
9.055000e+01
9.055000e+01
9.055000e+01
9.055000e+01
9.055000e+01
9.055000e+01
9.919000e+01
9.919000e+01
9.754000e+01
9.754000e+01
9.612000e+01
9.612000e+01
9.612000e+01
9.806000e+01
9.806000e+01
9.806000e+01
9.806000e+01
9.806000e+01
9.806000e+01
9.806000e+01
9.737000e+01
9.737000e+01
9.849000e+01
9.849000e+01
9.672000e+01
9.672000e+01
9.672000e+01
9.623000e+01
9.623000e+01
9.623000e+01
9.623000e+01
9.623000e+01
9.623000e+01
9.623000e+01
9.623000e+01
9.623000e+01
9.623000e+01
9.623000e+01
9.623000e+01
9.623000e+01
9.623000e+01
9.978000e+01
9.978000e+01
1.003100e+02
1.003100e+02
1.003100e+02
1.003100e+02
1.003100e+02
9.971000e+01
9.971000e+01
1.005700e+02
1.005700e+02
1.004100e+02
1.004100e+02
1.004100e+02
1.027900e+02
1.027900e+02
1.027900e+02
1.027900e+02
1.027900e+02
1.027900e+02
1.027900e+02
9.875000e+01
9.875000e+01
99
99
9.889000e+01
9.889000e+01
9.889000e+01
9.955000e+01
9.955000e+01
9.955000e+01
9.955000e+01
9.955000e+01
9.955000e+01
9.955000e+01
9.794000e+01
9.794000e+01
9.475000e+01
9.475000e+01
9.487000e+01
9.487000e+01
9.487000e+01
9.487000e+01
9.487000e+01
9.487000e+01
9.487000e+01
9.487000e+01
9.487000e+01
9.487000e+01
9.487000e+01
9.487000e+01
8.966000e+01
8.966000e+01
8.857000e+01
8.857000e+01
8.857000e+01
1.061300e+02
1.061300e+02
9.895000e+01
9.895000e+01
9.895000e+01
9.895000e+01
9.895000e+01
9.476000e+01
9.476000e+01
9.417000e+01
9.417000e+01
9.335000e+01
9.335000e+01
9.335000e+01
9.447000e+01
9.447000e+01
9.447000e+01
9.447000e+01
9.032000e+01
9.032000e+01
9.032000e+01
8.942000e+01
8.942000e+01
8.896000e+01
8.896000e+01
8.876000e+01
8.876000e+01
8.876000e+01
8.853000e+01
8.853000e+01
8.853000e+01
8.853000e+01
8.853000e+01
8.853000e+01
8.853000e+01
8.805000e+01
8.805000e+01
8.877000e+01
8.877000e+01
8.738000e+01
8.738000e+01
8.738000e+01
8.955000e+01
8.955000e+01
8.905000e+01
8.905000e+01
8.906000e+01
8.906000e+01
8.906000e+01
8.859000e+01
8.859000e+01
8.859000e+01
8.859000e+01
8.864000e+01
8.864000e+01
8.864000e+01
8.784000e+01
8.784000e+01
8.808000e+01
8.808000e+01
8.808000e+01
8.808000e+01
8.808000e+01
8.921000e+01
8.921000e+01
8.929000e+01
8.929000e+01
8.961000e+01
8.961000e+01
8.961000e+01
9.025000e+01
9.025000e+01
8.931000e+01
8.931000e+01
9.034000e+01
9.034000e+01
9.034000e+01
9.113000e+01
9.113000e+01
9.113000e+01
9.211000e+01
9.142000e+01
9.142000e+01
9.142000e+01
9.185000e+01
9.185000e+01
9.185000e+01
9.185000e+01
9.185000e+01
9.185000e+01
9.185000e+01
9.235000e+01
9.235000e+01
9.225000e+01
9.225000e+01
9.331000e+01
9.331000e+01
9.331000e+01
9.299000e+01
9.299000e+01
9.335000e+01
9.335000e+01
9.295000e+01
9.295000e+01
9.295000e+01
9.428000e+01
9.428000e+01
9.402000e+01
9.402000e+01
9.514000e+01
9.514000e+01
9.514000e+01
9.595000e+01
9.595000e+01
9.575000e+01
9.575000e+01
9.534000e+01
9.534000e+01
9.534000e+01
9.568000e+01
9.568000e+01
96
96
9.848000e+01
9.848000e+01
9.848000e+01
9.692000e+01
9.692000e+01
9.845000e+01
9.845000e+01
9.763000e+01
9.763000e+01
9.763000e+01
9.810000e+01
9.810000e+01
1.002500e+02
1.002500e+02
9.876000e+01
9.876000e+01
9.876000e+01
9.953000e+01
9.953000e+01
1.473900e+02
1.473900e+02
1.473900e+02
1.473900e+02
1.473900e+02
1.217700e+02
1.217700e+02
1.181800e+02
1.181800e+02
9.168000e+01
9.168000e+01
9.168000e+01
1.232300e+02
1.232300e+02
1.257100e+02
1.257100e+02
1.249500e+02
1.249500e+02
1.249500e+02
1.246900e+02
1.246900e+02
1.246900e+02
1.246900e+02
1.246900e+02
1.246900e+02
1.246900e+02
1.247300e+02
1.247300e+02
1.303200e+02
1.303200e+02
1.257700e+02
1.257700e+02
1.257700e+02
1.263200e+02
1.263200e+02
1.244200e+02
1.244200e+02
1.229600e+02
1.229600e+02
1.229600e+02
1.200900e+02
1.200900e+02
1.200900e+02
1.200900e+02
1.200900e+02
1.200900e+02
1.200900e+02
1.167400e+02
1.167400e+02
1.177800e+02
1.177800e+02
1.081900e+02
1.081900e+02
1.081900e+02
1.026300e+02
1.026300e+02
1.026300e+02
1.026300e+02
9.645000e+01
9.645000e+01
9.645000e+01
9.759000e+01
9.759000e+01
9.414000e+01
9.414000e+01
9.414000e+01
9.414000e+01
9.414000e+01
9.067000e+01
9.067000e+01
9.005000e+01
9.005000e+01
8.930000e+01
8.930000e+01
8.930000e+01
9.019000e+01
9.019000e+01
9.777000e+01
9.777000e+01
9.137000e+01
9.137000e+01
9.137000e+01
9.257000e+01
9.257000e+01
9.473000e+01
9.473000e+01
9.432000e+01
9.432000e+01
9.432000e+01
9.432000e+01
9.432000e+01
9.432000e+01
9.432000e+01
9.356000e+01
9.356000e+01
9.356000e+01
8.871000e+01
8.871000e+01
8.871000e+01
8.871000e+01
8.871000e+01
8.871000e+01
8.871000e+01
9.012000e+01
9.012000e+01
9.092000e+01
9.092000e+01
9.092000e+01
9.092000e+01
9.092000e+01
8.790000e+01
8.790000e+01
8.985000e+01
8.985000e+01
8.970000e+01
8.970000e+01
8.970000e+01
9.629000e+01
9.629000e+01
9.432000e+01
9.432000e+01
9.331000e+01
9.331000e+01
9.331000e+01
9.213000e+01
9.213000e+01
4.535000e+01
4.535000e+01
4.535000e+01
4.535000e+01
4.535000e+01
4.535000e+01
4.535000e+01
9.417000e+01
9.417000e+01
9.417000e+01
9.417000e+01
9.417000e+01
9.150000e+01
9.150000e+01
9.235000e+01
9.235000e+01
9.118000e+01
9.118000e+01
9.118000e+01
9.237000e+01
9.237000e+01
9.215000e+01
9.215000e+01
9.215000e+01
9.215000e+01
9.215000e+01
8.989000e+01
8.989000e+01
8.810000e+01
8.810000e+01
8.810000e+01
8.810000e+01
8.810000e+01
8.868000e+01
8.868000e+01
8.821000e+01
8.821000e+01
8.821000e+01
8.821000e+01
8.821000e+01
8.897000e+01
8.897000e+01
8.751000e+01
8.751000e+01
8.679000e+01
8.679000e+01
8.679000e+01
8.552000e+01
8.552000e+01
8.374000e+01
8.374000e+01
8.374000e+01
8.374000e+01
8.374000e+01
8.374000e+01
8.374000e+01
7.290000e+01
7.290000e+01
6.943000e+01
6.943000e+01
6.943000e+01
6.717000e+01
6.717000e+01
6.581000e+01
6.581000e+01
6.581000e+01
6.581000e+01
6.581000e+01
6.386000e+01
6.386000e+01
5.790000e+01
5.790000e+01
5.716000e+01
5.716000e+01
5.716000e+01
5.517000e+01
5.517000e+01
5.296000e+01
5.296000e+01
5.296000e+01
5.296000e+01
5.296000e+01
5.113000e+01
5.113000e+01
5.017000e+01
5.017000e+01
5.017000e+01
5.017000e+01
5.017000e+01
5.217000e+01
5.217000e+01
5.121000e+01
5.121000e+01
5.121000e+01
5.121000e+01
5.121000e+01
5.066000e+01
5.066000e+01
4.913000e+01
4.913000e+01
4.913000e+01
4.913000e+01
4.913000e+01
4.838000e+01
4.838000e+01
4.834000e+01
4.834000e+01
4.834000e+01
4.834000e+01
4.834000e+01
4.790000e+01
4.790000e+01
4.790000e+01
4.790000e+01
4.786000e+01
4.786000e+01
4.786000e+01
4.806000e+01
4.806000e+01
4.806000e+01
4.806000e+01
4.806000e+01
4.806000e+01
4.806000e+01
4.806000e+01
4.806000e+01
4.788000e+01
4.788000e+01
4.788000e+01
4.788000e+01
4.788000e+01
4.797000e+01
4.797000e+01
4.797000e+01
4.797000e+01
4.797000e+01
4.797000e+01
4.797000e+01
4.727000e+01
4.727000e+01
4.734000e+01
4.734000e+01
4.754000e+01
4.754000e+01
4.754000e+01
4.711000e+01
4.711000e+01
4.751000e+01
4.751000e+01
4.751000e+01
4.751000e+01
4.751000e+01
4.803000e+01
4.803000e+01
4.797000e+01
4.797000e+01
4.790000e+01
4.790000e+01
4.790000e+01
4.752000e+01
4.752000e+01
4.743000e+01
4.743000e+01
4.743000e+01
4.743000e+01
4.743000e+01
4.768000e+01
4.768000e+01
4.707000e+01
4.707000e+01
4.705000e+01
4.705000e+01
4.705000e+01
4.705000e+01
4.705000e+01
4.705000e+01
4.705000e+01
4.705000e+01
4.705000e+01
4.705000e+01
4.849000e+01
4.849000e+01
4.787000e+01
4.787000e+01
4.816000e+01
4.816000e+01
4.816000e+01
4.816000e+01
4.816000e+01
4.802000e+01
4.802000e+01
4.802000e+01
4.802000e+01
4.802000e+01
4.848000e+01
4.848000e+01
4.832000e+01
4.832000e+01
4.856000e+01
4.856000e+01
4.856000e+01
4.856000e+01
4.856000e+01
4.856000e+01
4.856000e+01
4.856000e+01
4.856000e+01
4.856000e+01
4.856000e+01
4.856000e+01
4.856000e+01
4.856000e+01
4.856000e+01
4.856000e+01
4.856000e+01
4.820000e+01
4.820000e+01
4.820000e+01
4.820000e+01
4.820000e+01
4.820000e+01
4.820000e+01
4.820000e+01
4.820000e+01
4.820000e+01
4.820000e+01
100
100
100
100
100
105
105
97
97
97
97
97
97
97
97
97
97
97
97
77
77
77
77
77
7.772000e+01
7.772000e+01
7.530000e+01
7.530000e+01
7.602000e+01
7.602000e+01
7.602000e+01
7.428000e+01
7.428000e+01
7.437000e+01
7.437000e+01
7.458000e+01
7.458000e+01
7.458000e+01
7.481000e+01
7.481000e+01
7.481000e+01
7.481000e+01
7.266000e+01
7.266000e+01
7.266000e+01
7.416000e+01
7.416000e+01
7.488000e+01
7.488000e+01
7.601000e+01
7.601000e+01
7.601000e+01
7.748000e+01
7.748000e+01
7.693000e+01
7.693000e+01
7.810000e+01
7.810000e+01
7.810000e+01
7.848000e+01
7.848000e+01
7.848000e+01
7.848000e+01
8.045000e+01
8.045000e+01
8.045000e+01
8.040000e+01
8.040000e+01
8.123000e+01
8.123000e+01
8.143000e+01
8.143000e+01
8.143000e+01
8.141000e+01
8.141000e+01
8.124000e+01
8.124000e+01
8.142000e+01
8.142000e+01
8.142000e+01
8.395000e+01
8.395000e+01
8.387000e+01
8.387000e+01
8.387000e+01
8.387000e+01
8.387000e+01
8.329000e+01
8.329000e+01
8.350000e+01
8.350000e+01
8.398000e+01
8.398000e+01
8.398000e+01
8.431000e+01
8.431000e+01
8.563000e+01
8.563000e+01
8.543000e+01
8.543000e+01
8.543000e+01
8.414000e+01
8.414000e+01
8.381000e+01
8.381000e+01
8.490000e+01
8.490000e+01
8.490000e+01
8.631000e+01
8.631000e+01
8.631000e+01
8.631000e+01
8.334000e+01
8.334000e+01
8.334000e+01
8.421000e+01
8.421000e+01
8.321000e+01
8.321000e+01
8.471000e+01
8.471000e+01
8.471000e+01
8.471000e+01
8.471000e+01
8.471000e+01
8.471000e+01
8.471000e+01
8.471000e+01
8.471000e+01
7.903000e+01
7.903000e+01
7.922000e+01
7.922000e+01
7.922000e+01
7.922000e+01
7.922000e+01
7.825000e+01
7.825000e+01
7.743000e+01
7.743000e+01
77
77
77
7.685000e+01
7.685000e+01
7.658000e+01
7.658000e+01
7.634000e+01
7.634000e+01
7.634000e+01
7.627000e+01
7.627000e+01
7.590000e+01
7.590000e+01
7.590000e+01
