0
0
0
0
0
0
0
0
0
0
0
0
0
0
0
0
0
0
0
0
0
0
0
0
0
0
0
0
0
0
0
0
0
0
0
0
0
0
0
0
0
0
0
0
0
0
0
0
0
0
0
0
0
0
0
0
0
0
0
0
0
0
0
0
0
0
0
0
0
0
0
0
0
0
0
0
0
0
0
0
0
0
0
0
0
0
0
0
0
0
0
0
0
0
0
0
0
0
0
0
0
0
0
0
0
0
0
0
0
0
0
0
0
0
0
0
0
0
0
0
0
0
0
0
0
0
0
0
0
0
0
0
0
0
0
0
0
0
0
0
0
0
0
0
0
0
0
0
0
0
0
0
0
0
0
0
0
0
0
0
0
0
0
0
0
0
0
0
0
0
0
0
0
0
0
0
0
0
0
0
0
0
0
0
0
0
0
0
0
0
0
0
0
0
0
0
0
0
0
0
0
0
0
0
0
0
0
0
0
0
0
0
0
0
0
0
0
0
0
0
0
0
0
0
0
0
0
0
0
0
0
0
0
0
0
0
0
0
0
0
0
0
0
0
0
0
0
0
0
0
0
0
0
0
0
0
0
0
0
0
0
0
0
0
0
0
0
0
0
0
0
0
0
0
0
0
0
0
0
0
0
0
0
0
0
0
0
0
0
0
0
0
0
0
0
0
0
0
0
0
0
0
0
0
0
0
0
0
0
0
0
0
0
0
0
0
0
0
0
0
0
0
0
0
0
0
0
0
0
0
0
0
0
0
0
0
0
0
0
0
0
0
0
0
0
0
0
0
0
0
0
0
0
0
0
0
0
0
0
0
0
0
0
0
0
0
0
0
0
0
0
0
0
0
0
0
0
0
0
0
0
0
0
0
0
0
0
0
0
0
0
0
0
0
0
0
0
0
0
0
0
0
0
0
0
0
0
0
0
0
0
0
0
0
0
0
0
0
0
0
0
0
0
0
0
0
0
0
0
0
0
0
0
0
0
0
0
0
0
0
0
0
0
0
0
0
0
0
0
0
0
0
0
0
0
0
0
0
0
0
0
0
0
0
0
0
0
0
0
0
0
0
0
0
0
0
0
0
0
0
0
0
0
0
0
0
0
0
0
0
0
0
0
0
0
0
0
0
0
0
0
0
0
0
0
0
0
0
0
0
0
0
0
0
0
0
0
0
0
0
0
0
0
0
0
0
0
0
0
0
0
0
0
0
0
0
0
0
0
0
0
0
0
0
0
0
0
0
0
0
0
0
0
0
0
0
0
0
0
0
0
0
0
0
0
0
0
0
0
0
0
0
0
0
0
0
0
0
0
0
0
0
0
0
0
0
0
0
0
0
0
0
0
0
0
0
0
0
0
0
0
0
0
0
0
0
0
0
0
0
0
0
0
0
0
0
0
0
0
0
0
0
0
0
0
0
0
0
0
0
0
0
0
0
0
0
0
0
0
0
0
0
0
0
0
0
0
0
0
0
0
0
0
0
0
0
0
0
0
0
0
0
0
0
0
0
0
0
0
0
0
0
0
0
0
0
0
0
0
0
0
0
0
0
0
0
0
0
0
0
0
0
0
0
0
0
0
0
0
0
0
0
0
0
0
0
0
0
0
0
0
0
0
0
0
4.000000e-02
1.000000e-02
4.000000e-02
2.000000e-02
5.000000e-02
2.000000e-02
1.000000e-02
6.000000e-02
8.300000e-01
7.400000e+00
3.320000e+00
2.970000e+00
9.600000e+00
7.730000e+00
9.340000e+00
1.255000e+01
1.439000e+01
1.804000e+01
1.918000e+01
2.058000e+01
2.119000e+01
2.218000e+01
2.301000e+01
2.342000e+01
2.634000e+01
2.550000e+01
2.824000e+01
2.813000e+01
2.844000e+01
2.955000e+01
3.470000e+01
3.885000e+01
4.062000e+01
4.570000e+01
4.813000e+01
4.958000e+01
0
0
5.375000e+01
5.437000e+01
5.455000e+01
5.726000e+01
5.465000e+01
6.070000e+01
6.325000e+01
6.147000e+01
6.091000e+01
6.148000e+01
6.317000e+01
64
6.870000e+01
6.911000e+01
6.850000e+01
7.157000e+01
7.222000e+01
7.188000e+01
7.191000e+01
7.116000e+01
7.066000e+01
7.114000e+01
7.040000e+01
7.010000e+01
7.004000e+01
7.003000e+01
7.167000e+01
7.220000e+01
7.686000e+01
7.610000e+01
7.518000e+01
7.397000e+01
7.230000e+01
7.175000e+01
7.060000e+01
6.941000e+01
6.995000e+01
7.023000e+01
6.916000e+01
6.963000e+01
6.924000e+01
6.957000e+01
6.977000e+01
7.143000e+01
6.946000e+01
7.176000e+01
7.233000e+01
7.196000e+01
7.467000e+01
7.648000e+01
7.708000e+01
7.643000e+01
7.347000e+01
7.347000e+01
7.493000e+01
7.481000e+01
7.585000e+01
7.690000e+01
7.756000e+01
7.735000e+01
7.763000e+01
7.798000e+01
8.313000e+01
8.422000e+01
8.532000e+01
8.661000e+01
8.443000e+01
8.273000e+01
8.245000e+01
8.245000e+01
8.245000e+01
8.286000e+01
8.245000e+01
8.373000e+01
8.431000e+01
8.387000e+01
8.464000e+01
8.494000e+01
8.953000e+01
9.099000e+01
9.068000e+01
9.015000e+01
8.996000e+01
9.006000e+01
9.024000e+01
8.609000e+01
8.941000e+01
8.978000e+01
9.015000e+01
9.481000e+01
1.033800e+02
1.017200e+02
1.038500e+02
1.066800e+02
1.031000e+02
1.033700e+02
1.093500e+02
1.069100e+02
5.976000e+01
8.639000e+01
1.005800e+02
9.071000e+01
9.512000e+01
9.771000e+01
1.005800e+02
1.002300e+02
1.015900e+02
9.922000e+01
9.833000e+01
1.002900e+02
9.846000e+01
9.730000e+01
9.792000e+01
9.668000e+01
9.785000e+01
9.922000e+01
9.899000e+01
9.950000e+01
9.883000e+01
9.880000e+01
9.896000e+01
1.014700e+02
1.045900e+02
1.050400e+02
1.016600e+02
1.005200e+02
9.948000e+01
9.881000e+01
9.573000e+01
9.532000e+01
9.508000e+01
1.021800e+02
1.021000e+02
1.005200e+02
1.013800e+02
1.029900e+02
1.021200e+02
1.002700e+02
1.010400e+02
1.008400e+02
1.008700e+02
1.007400e+02
1.006200e+02
9.979000e+01
9.510000e+01
9.855000e+01
1.001600e+02
1.004700e+02
1.006000e+02
1.006000e+02
1.006000e+02
1.006300e+02
1.015100e+02
1.008400e+02
1.012700e+02
1.012400e+02
1.002700e+02
1.011600e+02
1.010600e+02
1.008200e+02
9.925000e+01
9.856000e+01
9.857000e+01
9.857000e+01
9.564000e+01
9.571000e+01
9.415000e+01
9.399000e+01
9.399000e+01
9.481000e+01
9.535000e+01
9.630000e+01
9.691000e+01
9.729000e+01
9.901000e+01
9.822000e+01
9.315000e+01
9.776000e+01
9.940000e+01
9.970000e+01
9.970000e+01
9.970000e+01
1.097600e+02
1.025200e+02
1.061000e+02
1.040700e+02
1.037300e+02
1.037300e+02
1.035700e+02
1.031900e+02
1.032600e+02
104
1.049600e+02
1.040400e+02
1.036900e+02
1.038100e+02
1.050800e+02
1.050100e+02
1.041200e+02
1.059800e+02
1.068800e+02
1.069500e+02
1.054400e+02
1.043300e+02
1.040400e+02
9.907000e+01
1.045500e+02
1.053100e+02
1.045700e+02
1.049900e+02
1.053500e+02
1.050100e+02
1.055600e+02
1.061700e+02
1.073500e+02
1.061400e+02
1.058600e+02
1.062000e+02
1.079600e+02
1.069500e+02
1.067000e+02
1.082300e+02
1.082300e+02
1.082300e+02
1.045400e+02
9.917000e+01
9.880000e+01
9.954000e+01
9.860000e+01
9.772000e+01
9.884000e+01
9.859000e+01
9.846000e+01
9.984000e+01
9.950000e+01
9.895000e+01
9.945000e+01
9.896000e+01
9.910000e+01
9.841000e+01
9.954000e+01
1.002300e+02
9.964000e+01
1.006900e+02
1.013900e+02
1.021500e+02
1.025400e+02
1.028300e+02
1.030400e+02
1.101500e+02
1.098000e+02
1.088700e+02
1.089400e+02
1.090100e+02
1.072800e+02
1.086100e+02
1.065500e+02
1.066300e+02
1.072200e+02
1.089600e+02
1.082100e+02
1.081500e+02
1.082600e+02
1.081200e+02
1.066100e+02
1.070700e+02
1.079400e+02
1.067500e+02
1.071800e+02
1.072600e+02
1.071400e+02
1.082700e+02
1.086100e+02
1.079600e+02
1.063800e+02
1.059500e+02
1.070100e+02
1.070500e+02
1.074400e+02
1.083200e+02
1.084300e+02
1.078200e+02
1.085300e+02
1.081600e+02
1.076700e+02
1.068800e+02
1.074400e+02
1.072300e+02
1.078400e+02
1.095100e+02
1.102500e+02
1.023100e+02
1.056000e+02
1.120600e+02
1.075600e+02
1.061600e+02
1.075600e+02
1.056000e+02
1.066900e+02
1.063600e+02
1.064600e+02
1.070800e+02
1.076400e+02
1.073400e+02
1.076700e+02
1.084000e+02
1.071400e+02
1.054200e+02
1.048400e+02
1.054700e+02
1.062354e+02
1.061740e+02
1.061125e+02
1.563000e+01
1.056900e+02
1.051600e+02
1.039400e+02
1.039400e+02
1.039400e+02
1.044500e+02
1.059800e+02
1.055100e+02
1.067300e+02
1.055700e+02
1.055700e+02
1.055700e+02
1.021000e+02
1.021400e+02
1.208100e+02
1.031000e+02
1.041200e+02
1.041200e+02
1.041200e+02
1.022300e+02
1.030200e+02
1.035300e+02
1.062000e+02
1.061900e+02
1.061900e+02
1.061900e+02
1.044900e+02
1.044900e+02
1.044900e+02
1.042800e+02
1.039100e+02
1.039100e+02
1.039100e+02
1.039100e+02
1.019300e+02
1.040400e+02
1.034000e+02
1.049700e+02
1.049700e+02
1.049700e+02
1.041000e+02
1.050700e+02
1.057100e+02
1.058500e+02
1.081700e+02
1.093900e+02
1.098600e+02
1.092200e+02
1.103100e+02
1.096200e+02
1.085000e+02
1.088500e+02
1.090900e+02
1.078700e+02
1.081400e+02
1.088400e+02
1.068800e+02
1.056700e+02
1.067400e+02
1.069600e+02
1.077300e+02
1.001900e+02
1.001900e+02
1.601800e+02
1.061200e+02
1.066100e+02
1.066100e+02
1.066100e+02
1.076800e+02
1.074200e+02
1.074800e+02
1.066300e+02
1.069400e+02
1.069400e+02
1.069400e+02
1.072200e+02
1.064600e+02
1.073000e+02
1.073000e+02
1.059800e+02
1.059800e+02
1.059800e+02
1.050200e+02
1.049300e+02
1.047200e+02
1.309500e+02
1.034700e+02
1.034700e+02
1.034700e+02
1.053200e+02
1.059400e+02
1.052600e+02
1.051200e+02
1.046900e+02
1.046900e+02
1.046900e+02
1.909100e+02
1.059300e+02
1.079600e+02
1.071300e+02
7.442000e+01
7.442000e+01
7.442000e+01
3.196000e+01
8.541000e+01
1.322200e+02
1.366700e+02
1.255300e+02
1.255300e+02
1.255300e+02
1.045100e+02
1.067400e+02
1.067400e+02
1.078400e+02
1.105500e+02
1.105500e+02
1.105500e+02
1.153600e+02
1.167500e+02
1.158700e+02
1.175500e+02
1.162500e+02
1.162500e+02
1.162500e+02
1.177400e+02
1.162900e+02
1.162500e+02
1.185200e+02
1.203200e+02
1.203200e+02
1.203200e+02
118
1.186400e+02
1.178300e+02
1.198200e+02
1.193500e+02
1.193500e+02
1.193500e+02
1.184800e+02
1.163000e+02
1.165300e+02
1.199500e+02
1.199500e+02
1.199500e+02
1.199500e+02
1.187800e+02
1.172300e+02
1.168000e+02
1.164500e+02
1.163500e+02
1.163500e+02
1.163500e+02
1.183600e+02
1.192100e+02
1.210700e+02
1.233800e+02
1.202500e+02
1.202500e+02
1.202500e+02
1.157600e+02
1.158700e+02
1.155000e+02
1.155000e+02
1.155000e+02
1.155000e+02
1.155000e+02
1.155000e+02
1.195800e+02
1.190300e+02
1.189000e+02
1.185100e+02
1.185100e+02
1.185100e+02
1.185100e+02
1.188900e+02
1.190400e+02
1.190600e+02
1.195300e+02
1.195300e+02
1.195300e+02
1.204100e+02
1.204100e+02
1.204100e+02
1.204100e+02
1.198500e+02
1.198500e+02
1.198500e+02
1.231000e+02
1.227000e+02
1.222300e+02
1.220700e+02
1.225100e+02
1.225100e+02
1.225100e+02
1.220600e+02
1.209500e+02
1.209500e+02
1.209500e+02
1.226500e+02
1.226500e+02
1.226500e+02
1.238500e+02
1.243100e+02
1.236100e+02
1.235900e+02
1.239500e+02
1.239500e+02
1.239500e+02
1.243100e+02
1.244300e+02
1.240200e+02
1.239400e+02
1.247900e+02
1.247900e+02
1.247900e+02
1.258800e+02
1.258800e+02
1.258800e+02
1.249400e+02
1.244700e+02
1.244700e+02
1.244700e+02
1.287600e+02
1.286500e+02
1.288000e+02
1.272400e+02
1.262800e+02
1.262800e+02
1.262800e+02
1.262800e+02
1.272900e+02
1.283200e+02
1.283200e+02
1.283200e+02
1.283200e+02
1.283200e+02
1.286000e+02
1.286100e+02
1.290100e+02
1.290100e+02
1.290100e+02
1.290100e+02
1.290100e+02
1.280900e+02
1.270200e+02
1.302300e+02
1.304200e+02
129
129
129
1.293100e+02
1.304800e+02
1.299800e+02
1.299800e+02
1.299800e+02
1.299800e+02
1.299800e+02
1.315300e+02
8.790000e+01
1.002700e+02
1.002700e+02
1.511600e+02
1.511600e+02
1.511600e+02
1.354500e+02
1.354500e+02
1.354500e+02
1.354500e+02
1.354500e+02
1.354500e+02
1.354500e+02
1.349400e+02
1.327100e+02
1.335600e+02
1.334500e+02
1.334000e+02
1.334000e+02
1.334000e+02
1.355400e+02
1.350400e+02
1.350400e+02
1.338600e+02
0
0
0
0
0
0
0
0
0
0
3.020000e+01
2.939000e+01
0
0
0
0
0
2.707000e+01
5.660000e+01
9.469000e+01
1.273200e+02
1.306300e+02
1.306300e+02
1.306300e+02
124
124
124
124
124
124
124
1.266600e+02
1.278100e+02
1.288700e+02
1.293000e+02
1.293000e+02
1.293000e+02
1.293000e+02
1.451900e+02
1.410900e+02
1.396100e+02
1.399400e+02
1.399400e+02
1.399400e+02
1.399400e+02
1.365900e+02
1.367600e+02
1.356300e+02
1.347700e+02
1.354800e+02
1.354800e+02
1.354800e+02
1.372500e+02
1.357100e+02
1.345400e+02
1.345400e+02
1.388400e+02
1.388400e+02
1.388400e+02
1.398800e+02
1.398800e+02
1.398800e+02
1.396700e+02
1.392900e+02
1.392900e+02
1.392900e+02
1.415100e+02
1.408000e+02
1.408000e+02
1.375000e+02
1.323300e+02
1.323300e+02
1.323300e+02
1.329200e+02
1.314000e+02
1.313600e+02
1.324900e+02
1.319800e+02
1.319800e+02
1.319800e+02
1.342100e+02
8.325000e+01
5.468000e+01
5.468000e+01
3.829000e+01
3.829000e+01
3.829000e+01
3.520000e+01
3.472000e+01
3.475000e+01
4.210000e+01
8.368000e+01
8.368000e+01
8.368000e+01
8.617000e+01
8.617000e+01
8.617000e+01
3.608000e+01
0
0
0
1.540900e+02
1.527200e+02
4.877000e+01
1.483000e+02
1.807800e+02
1.807800e+02
1.807800e+02
1.646000e+02
1.646000e+02
1.630200e+02
1.630200e+02
1.630200e+02
1.630200e+02
1.630200e+02
1.828300e+02
1.828300e+02
1.766200e+02
1.752000e+02
1.785900e+02
1.785900e+02
1.785900e+02
1.187200e+02
1.957500e+02
2.107700e+02
1.199500e+02
4.968000e+01
4.968000e+01
4.968000e+01
4.297000e+01
1.161500e+02
1.657500e+02
1.732500e+02
1.680900e+02
1.680900e+02
1.680900e+02
9.844000e+01
1.595900e+02
2.235900e+02
2.149800e+02
2.117300e+02
2.117300e+02
2.117300e+02
9.626000e+01
1.125500e+02
1.923300e+02
259
2.495800e+02
2.495800e+02
2.495800e+02
2.359500e+02
2.348400e+02
2.298500e+02
2.235400e+02
2.263300e+02
2.263300e+02
2.263300e+02
2.188400e+02
2.141700e+02
2.127300e+02
2.129300e+02
2.119400e+02
2.119400e+02
2.119400e+02
2.046200e+02
2.056800e+02
2.056800e+02
2.056800e+02
1.971800e+02
1.971800e+02
1.971800e+02
2.035000e+02
2.050300e+02
2.068800e+02
2.050600e+02
2.041600e+02
2.041600e+02
2.041600e+02
2.061400e+02
2.061400e+02
2.074800e+02
2.074800e+02
2.074800e+02
2.074800e+02
2.074800e+02
2.085300e+02
2.064300e+02
2.036500e+02
2.026600e+02
2.023900e+02
2.023900e+02
2.023900e+02
2.046800e+02
2.046800e+02
2.046800e+02
2.046800e+02
2.046800e+02
2.046800e+02
2.046800e+02
1.938700e+02
1.938700e+02
1.938700e+02
1.982800e+02
1.982800e+02
1.982800e+02
1.982800e+02
1.683300e+02
1.683300e+02
1.683300e+02
1.683300e+02
1.683300e+02
1.683300e+02
1.683300e+02
2.024700e+02
2.024700e+02
2.024700e+02
1.952000e+02
1.774700e+02
1.774700e+02
1.774700e+02
1.830800e+02
1.830800e+02
1.830800e+02
1.830800e+02
1.830800e+02
1.830800e+02
1.830800e+02
1.590400e+02
1.590400e+02
2.081500e+02
2.081500e+02
1.918800e+02
1.918800e+02
1.918800e+02
1.921600e+02
1.921600e+02
1.921600e+02
1.921600e+02
1.921600e+02
1.921600e+02
1.921600e+02
1.978700e+02
1.978700e+02
1.992100e+02
1.992100e+02
1.992100e+02
1.992100e+02
1.992100e+02
1.816500e+02
1.816500e+02
1.709800e+02
1.709800e+02
1.956800e+02
1.956800e+02
1.956800e+02
1.956800e+02
1.956800e+02
1.813700e+02
1.813700e+02
1.791400e+02
1.791400e+02
1.791400e+02
1.760700e+02
1.760700e+02
1.777200e+02
1.777200e+02
1.765000e+02
1.765000e+02
1.765000e+02
1.722600e+02
1.722600e+02
1.668600e+02
1.668600e+02
1.720300e+02
1.720300e+02
1.720300e+02
1.761800e+02
1.761800e+02
1.770100e+02
1.770100e+02
1.759900e+02
1.759900e+02
1.759900e+02
1.780100e+02
1.780100e+02
1.760700e+02
1.760700e+02
1.760700e+02
1.760700e+02
1.760700e+02
1.709500e+02
1.709500e+02
1.718000e+02
1.718000e+02
1.718000e+02
1.718000e+02
1.718000e+02
1.718000e+02
1.718000e+02
1.553900e+02
1.553900e+02
1.710600e+02
1.710600e+02
1.710600e+02
1.655300e+02
1.655300e+02
1.608100e+02
1.608100e+02
1.619500e+02
1.619500e+02
1.619500e+02
1.619500e+02
1.619500e+02
1.619500e+02
1.619500e+02
1.619500e+02
1.619500e+02
1.619500e+02
1.619500e+02
1.619500e+02
7.512000e+01
7.512000e+01
7.512000e+01
7.512000e+01
7.512000e+01
1.473100e+02
1.473100e+02
1.384900e+02
1.384900e+02
1.453000e+02
1.453000e+02
1.453000e+02
1.621500e+02
1.621500e+02
1.634800e+02
1.634800e+02
1.690300e+02
1.690300e+02
1.690300e+02
1.694800e+02
1.694800e+02
1.582900e+02
1.582900e+02
1.670300e+02
1.670300e+02
1.670300e+02
1.667200e+02
1.667200e+02
1.651700e+02
1.651700e+02
1.651700e+02
1.651700e+02
1.651700e+02
1.651700e+02
1.651700e+02
1.690300e+02
1.690300e+02
1.690300e+02
1.690300e+02
1.690300e+02
1.638500e+02
1.638500e+02
1.635700e+02
1.635700e+02
1.646700e+02
1.646700e+02
1.646700e+02
1.702500e+02
1.702500e+02
1.702500e+02
1.702500e+02
1.679600e+02
1.679600e+02
1.679600e+02
1.714500e+02
1.714500e+02
1.708000e+02
1.708000e+02
1.720300e+02
1.720300e+02
1.720300e+02
1.713200e+02
1.713200e+02
1.713200e+02
1.713200e+02
1.713200e+02
1.713200e+02
1.713200e+02
1.713200e+02
1.713200e+02
1.713200e+02
1.713200e+02
1.595000e+02
1.595000e+02
1.595000e+02
1.788100e+02
1.788100e+02
1.862200e+02
1.862200e+02
1.866700e+02
1.866700e+02
1.866700e+02
2.081900e+02
2.081900e+02
2.019000e+02
2.019000e+02
1.962200e+02
1.962200e+02
1.962200e+02
1.962200e+02
1.935900e+02
1.935900e+02
1.935900e+02
1.912100e+02
1.912100e+02
1.912100e+02
2.059100e+02
2.059100e+02
2.017800e+02
2.017800e+02
2.046700e+02
2.046700e+02
2.046700e+02
2.074100e+02
2.074100e+02
2.054200e+02
2.054200e+02
1.995600e+02
1.995600e+02
1.995600e+02
2.019600e+02
2.019600e+02
2.019600e+02
2.019600e+02
1.955400e+02
1.955400e+02
1.955400e+02
1.988800e+02
1.988800e+02
2.010800e+02
2.010800e+02
2.010800e+02
2.010800e+02
2.010800e+02
2.002900e+02
2.002900e+02
2.036900e+02
2.036900e+02
2.036900e+02
2.036900e+02
2.036900e+02
2.144700e+02
2.144700e+02
1.079200e+02
1.079200e+02
2.067900e+02
2.067900e+02
2.067900e+02
2.938200e+02
2.938200e+02
2.938200e+02
2.938200e+02
2.938200e+02
2.938200e+02
2.938200e+02
2.712900e+02
2.712900e+02
2.712900e+02
2.712900e+02
2.712900e+02
2.712900e+02
2.712900e+02
2.394800e+02
2.394800e+02
3.396900e+02
3.396900e+02
3.396900e+02
3.396900e+02
3.396900e+02
3.396900e+02
3.396900e+02
2.434700e+02
2.434700e+02
2.434700e+02
2.434700e+02
2.434700e+02
3.499400e+02
3.499400e+02
3.499400e+02
3.499400e+02
3.499400e+02
3.499400e+02
3.499400e+02
3.132100e+02
3.132100e+02
3.132100e+02
3.132100e+02
3.132100e+02
3.132100e+02
3.132100e+02
2.745100e+02
2.745100e+02
3.424200e+02
3.424200e+02
3.816600e+02
3.816600e+02
3.816600e+02
3.759500e+02
3.759500e+02
3.759500e+02
3.759500e+02
3.759500e+02
3.759500e+02
3.759500e+02
3.759500e+02
3.609800e+02
3.609800e+02
3.609800e+02
3.552800e+02
3.552800e+02
3.552800e+02
3.565000e+02
3.565000e+02
3.565000e+02
3.565000e+02
3.565000e+02
3.565000e+02
3.565000e+02
3.535200e+02
3.535200e+02
3.397000e+02
3.397000e+02
3.670800e+02
3.670800e+02
3.670800e+02
3.651500e+02
3.651500e+02
3.651500e+02
3.651500e+02
3.651500e+02
3.651500e+02
3.651500e+02
3.594500e+02
3.594500e+02
3.594500e+02
3.594500e+02
3.468100e+02
3.468100e+02
3.468100e+02
3.504600e+02
3.504600e+02
3.504600e+02
3.504600e+02
3.504600e+02
3.504600e+02
3.504600e+02
3.504600e+02
3.504600e+02
3.504600e+02
3.524400e+02
3.524400e+02
3.524400e+02
3.524400e+02
3.488500e+02
3.488500e+02
3.488500e+02
3.488500e+02
3.488500e+02
3.488500e+02
3.488500e+02
3.488500e+02
3.488500e+02
3.404600e+02
3.404600e+02
3.404600e+02
3.404600e+02
3.404600e+02
3.484300e+02
3.484300e+02
3.484300e+02
3.484300e+02
3.484300e+02
3.484300e+02
3.484300e+02
3.484300e+02
3.484300e+02
3.484300e+02
3.484300e+02
3.484300e+02
3.484300e+02
3.484300e+02
3.329200e+02
3.329200e+02
3.286000e+02
3.286000e+02
3.286000e+02
3.286000e+02
3.286000e+02
3.238500e+02
3.238500e+02
3.238500e+02
3.238500e+02
3.238500e+02
3.238500e+02
3.238500e+02
3.099700e+02
3.099700e+02
3.099700e+02
3.099700e+02
3.099700e+02
3.099700e+02
3.099700e+02
2.891900e+02
2.891900e+02
2.721700e+02
2.721700e+02
2.906900e+02
2.906900e+02
2.906900e+02
2.899000e+02
2.899000e+02
2.876800e+02
2.876800e+02
2.896700e+02
2.896700e+02
2.896700e+02
2.792200e+02
2.792200e+02
2.754900e+02
2.754900e+02
2.762400e+02
2.762400e+02
2.762400e+02
2.959100e+02
2.959100e+02
2.959100e+02
2.959100e+02
2.959100e+02
2.959100e+02
2.959100e+02
2.664300e+02
2.664300e+02
2.688200e+02
2.688200e+02
2.700600e+02
2.700600e+02
2.700600e+02
2.700600e+02
2.700600e+02
2.700600e+02
2.700600e+02
2.700600e+02
2.489200e+02
2.489200e+02
2.489200e+02
2.671400e+02
2.671400e+02
2.667900e+02
2.667900e+02
2.667900e+02
2.667900e+02
2.667900e+02
2.667900e+02
2.667900e+02
2.667900e+02
2.667900e+02
2.667900e+02
2.667900e+02
2.667900e+02
2.667900e+02
2.667900e+02
2.590200e+02
2.590200e+02
2.590200e+02
2.590200e+02
2.590200e+02
2.590200e+02
2.590200e+02
2.590200e+02
2.590200e+02
2.590200e+02
2.590200e+02
2.590200e+02
2.590200e+02
2.590200e+02
2.590200e+02
2.590200e+02
2.590200e+02
2.590200e+02
2.590200e+02
2.590200e+02
2.567900e+02
2.567900e+02
2.567900e+02
2.567900e+02
2.567900e+02
2.567900e+02
2.567900e+02
2.567900e+02
2.567900e+02
2.567900e+02
2.567900e+02
2.567900e+02
2.567900e+02
2.503500e+02
2.503500e+02
2.503500e+02
2.503500e+02
2.503500e+02
2.503500e+02
2.480400e+02
2.480400e+02
2.471800e+02
2.471800e+02
2.471800e+02
2.471800e+02
2.471800e+02
2.411700e+02
2.411700e+02
2.411700e+02
2.411700e+02
2.411700e+02
2.411700e+02
2.411700e+02
2.329800e+02
2.329800e+02
2.326000e+02
2.326000e+02
2.244700e+02
2.244700e+02
2.244700e+02
2.331700e+02
2.331700e+02
2.331700e+02
2.331700e+02
2.331700e+02
2.331700e+02
2.331700e+02
2.255800e+02
2.255800e+02
2.250900e+02
2.250900e+02
2.227100e+02
2.227100e+02
2.227100e+02
2.239800e+02
2.239800e+02
2.239800e+02
2.239800e+02
2.239800e+02
2.239800e+02
2.239800e+02
2.433200e+02
2.433200e+02
2.469800e+02
2.469800e+02
2.413500e+02
2.413500e+02
2.413500e+02
2.289100e+02
2.289100e+02
2.289100e+02
2.289100e+02
2.289100e+02
2.289100e+02
2.289100e+02
2.289100e+02
2.289100e+02
2.289100e+02
2.289100e+02
2.289100e+02
2.289100e+02
2.289100e+02
2.138700e+02
2.138700e+02
2.114200e+02
2.114200e+02
2.114200e+02
2.114200e+02
2.114200e+02
2.075400e+02
2.075400e+02
2.045100e+02
2.045100e+02
2.031200e+02
2.031200e+02
2.031200e+02
2.001400e+02
2.001400e+02
2.001400e+02
2.001400e+02
2.001400e+02
2.001400e+02
2.001400e+02
1.997600e+02
1.997600e+02
196
196
1.942600e+02
1.942600e+02
1.942600e+02
1.930700e+02
1.930700e+02
1.930700e+02
1.930700e+02
1.930700e+02
1.930700e+02
1.930700e+02
1.830100e+02
1.830100e+02
1.848900e+02
1.848900e+02
1.892300e+02
1.892300e+02
1.892300e+02
1.892300e+02
1.892300e+02
1.892300e+02
1.892300e+02
1.892300e+02
1.892300e+02
1.892300e+02
1.892300e+02
1.892300e+02
1.222400e+02
1.222400e+02
1.192800e+02
1.192800e+02
1.192800e+02
7.417000e+01
7.417000e+01
6.216000e+01
6.216000e+01
6.216000e+01
6.216000e+01
6.216000e+01
5.879000e+01
5.879000e+01
6.263000e+01
6.263000e+01
5.866000e+01
5.866000e+01
5.866000e+01
6.346000e+01
6.346000e+01
6.346000e+01
6.346000e+01
6.517000e+01
6.517000e+01
6.517000e+01
6.510000e+01
6.510000e+01
6.556000e+01
6.556000e+01
6.766000e+01
6.766000e+01
6.766000e+01
6.863000e+01
6.863000e+01
6.863000e+01
6.863000e+01
6.863000e+01
6.863000e+01
6.863000e+01
6.716000e+01
6.716000e+01
6.763000e+01
6.763000e+01
6.805000e+01
6.805000e+01
6.805000e+01
6.740000e+01
6.740000e+01
6.787000e+01
6.787000e+01
6.778000e+01
6.778000e+01
6.778000e+01
6.881000e+01
6.881000e+01
6.881000e+01
6.881000e+01
1.808500e+02
1.808500e+02
1.808500e+02
6.696000e+01
6.696000e+01
6.991000e+01
6.991000e+01
6.991000e+01
6.991000e+01
6.991000e+01
6.764000e+01
6.764000e+01
6.723000e+01
6.723000e+01
6.568000e+01
6.568000e+01
6.568000e+01
7.179000e+01
7.179000e+01
7.063000e+01
7.063000e+01
7.010000e+01
7.010000e+01
7.010000e+01
6.799000e+01
6.799000e+01
6.799000e+01
6.899000e+01
6.930000e+01
6.930000e+01
6.930000e+01
1.667700e+02
1.667700e+02
1.667700e+02
1.667700e+02
1.667700e+02
1.667700e+02
1.667700e+02
1.830900e+02
1.830900e+02
1.838300e+02
1.838300e+02
1.826700e+02
1.826700e+02
1.826700e+02
1.812800e+02
1.812800e+02
1.771200e+02
1.771200e+02
1.768900e+02
1.768900e+02
1.768900e+02
1.750400e+02
1.750400e+02
1.840600e+02
1.840600e+02
1.777100e+02
1.777100e+02
1.777100e+02
1.729900e+02
1.729900e+02
1.703300e+02
1.703300e+02
1.333000e+02
1.333000e+02
1.333000e+02
1.762400e+02
1.762400e+02
1.766200e+02
1.766200e+02
1.778500e+02
1.778500e+02
1.778500e+02
1.784600e+02
1.784600e+02
1.782800e+02
1.782800e+02
1.692900e+02
1.692900e+02
1.692900e+02
1.801100e+02
1.801100e+02
1.607300e+02
1.607300e+02
1.570200e+02
1.570200e+02
1.570200e+02
1.599800e+02
1.599800e+02
1.431000e+02
1.431000e+02
1.431000e+02
1.431000e+02
1.431000e+02
1.619800e+02
1.619800e+02
1.610700e+02
1.610700e+02
1.517900e+02
1.517900e+02
1.517900e+02
1.672700e+02
1.672700e+02
1.685600e+02
1.685600e+02
1.738400e+02
1.738400e+02
1.738400e+02
1.720300e+02
1.720300e+02
1.651400e+02
1.651400e+02
1.651400e+02
1.651400e+02
1.651400e+02
7.863000e+01
7.863000e+01
7.863000e+01
7.863000e+01
4.132000e+01
4.132000e+01
4.132000e+01
7.173000e+01
7.173000e+01
4.965000e+01
4.965000e+01
4.131000e+01
4.131000e+01
4.131000e+01
4.741000e+01
4.741000e+01
4.741000e+01
4.741000e+01
4.741000e+01
4.741000e+01
4.741000e+01
4.808000e+01
4.808000e+01
4.725000e+01
4.725000e+01
5.194000e+01
5.194000e+01
5.194000e+01
5.161000e+01
5.161000e+01
5.161000e+01
5.161000e+01
5.039000e+01
5.039000e+01
5.039000e+01
4.985000e+01
4.985000e+01
4.903000e+01
4.903000e+01
4.903000e+01
4.903000e+01
4.903000e+01
4.822000e+01
4.822000e+01
4.757000e+01
4.757000e+01
4.707000e+01
4.707000e+01
4.707000e+01
4.512000e+01
4.512000e+01
4.319000e+01
4.319000e+01
4.431000e+01
4.431000e+01
4.431000e+01
4.354000e+01
4.354000e+01
4.346000e+01
4.346000e+01
4.292000e+01
4.292000e+01
4.292000e+01
4.267000e+01
4.267000e+01
4.267000e+01
4.267000e+01
4.212000e+01
4.212000e+01
4.212000e+01
4.141000e+01
4.141000e+01
4.141000e+01
4.141000e+01
4.141000e+01
4.141000e+01
4.141000e+01
4.094000e+01
4.094000e+01
4.084000e+01
4.084000e+01
4.084000e+01
4.084000e+01
4.084000e+01
3.973000e+01
3.973000e+01
3.942000e+01
3.942000e+01
3.944000e+01
3.944000e+01
3.944000e+01
3.891000e+01
3.891000e+01
6.072000e+01
6.072000e+01
8.935000e+01
8.935000e+01
8.935000e+01
1.011000e+02
1.011000e+02
1.046600e+02
1.046600e+02
1.046600e+02
1.046600e+02
1.046600e+02
1.046600e+02
1.046600e+02
1.062600e+02
1.062600e+02
1.062600e+02
1.062600e+02
1.062600e+02
1.147800e+02
1.147800e+02
1.133800e+02
1.133800e+02
1.219500e+02
1.219500e+02
1.219500e+02
1.280600e+02
1.280600e+02
1.205800e+02
1.205800e+02
1.228800e+02
1.228800e+02
1.228800e+02
1.243600e+02
1.243600e+02
1.231400e+02
1.231400e+02
1.231400e+02
1.231400e+02
1.231400e+02
1.194600e+02
1.194600e+02
1.177000e+02
1.177000e+02
1.177000e+02
1.177000e+02
1.177000e+02
1.202800e+02
1.202800e+02
1.201500e+02
1.201500e+02
1.216500e+02
1.216500e+02
1.216500e+02
1.131200e+02
1.131200e+02
1.129400e+02
1.129400e+02
1.129400e+02
1.129400e+02
1.129400e+02
1.129400e+02
1.129400e+02
1.161000e+02
1.161000e+02
1.164500e+02
1.164500e+02
1.164500e+02
1.184200e+02
1.184200e+02
117
117
117
117
117
1.171500e+02
1.171500e+02
1.186800e+02
1.186800e+02
1.150100e+02
1.150100e+02
1.150100e+02
1.233700e+02
1.233700e+02
1.262900e+02
1.262900e+02
1.262900e+02
1.262900e+02
1.262900e+02
1.231100e+02
1.231100e+02
1.218700e+02
1.218700e+02
1.218700e+02
1.218700e+02
1.218700e+02
1.207000e+02
1.207000e+02
1.210900e+02
1.210900e+02
1.210900e+02
1.210900e+02
1.210900e+02
1.185700e+02
1.185700e+02
1.179800e+02
1.179800e+02
1.179800e+02
1.179800e+02
1.179800e+02
1.204600e+02
1.204600e+02
1.186300e+02
1.186300e+02
1.186300e+02
1.186300e+02
1.186300e+02
1.177200e+02
1.177200e+02
1.177200e+02
1.177200e+02
1.179700e+02
1.179700e+02
1.179700e+02
1.167700e+02
1.167700e+02
1.158400e+02
1.158400e+02
1.158400e+02
1.158400e+02
1.158400e+02
1.158400e+02
1.158400e+02
1.154800e+02
1.154800e+02
1.154800e+02
1.154800e+02
1.154800e+02
1.152400e+02
1.152400e+02
1.152400e+02
1.152400e+02
9.795000e+01
9.795000e+01
9.795000e+01
9.433000e+01
9.433000e+01
9.481000e+01
9.481000e+01
1.060600e+02
1.060600e+02
1.060600e+02
1.146000e+02
1.146000e+02
1.171100e+02
1.171100e+02
1.171100e+02
1.171100e+02
1.171100e+02
1.142700e+02
1.142700e+02
1.154700e+02
1.154700e+02
1.145700e+02
1.145700e+02
1.145700e+02
1.138000e+02
1.138000e+02
1.126300e+02
1.126300e+02
1.126300e+02
1.126300e+02
1.126300e+02
1.138000e+02
1.138000e+02
1.122500e+02
1.122500e+02
1.257400e+02
1.257400e+02
1.257400e+02
1.257400e+02
1.257400e+02
1.257400e+02
1.257400e+02
1.257400e+02
1.257400e+02
1.257400e+02
1.080600e+02
1.080600e+02
1.075000e+02
1.075000e+02
1.075700e+02
1.075700e+02
1.075700e+02
1.075700e+02
1.075700e+02
1.101800e+02
1.101800e+02
1.101800e+02
1.101800e+02
1.101800e+02
1.072100e+02
1.072100e+02
1.075300e+02
1.075300e+02
1.071900e+02
1.071900e+02
1.071900e+02
1.071900e+02
1.071900e+02
1.071900e+02
1.071900e+02
1.071900e+02
1.071900e+02
1.071900e+02
1.073100e+02
1.073100e+02
1.073100e+02
1.073100e+02
1.073100e+02
1.073100e+02
1.073100e+02
1.000700e+02
1.000700e+02
1.000700e+02
1.000700e+02
1.000700e+02
1.000700e+02
1.000700e+02
1.000700e+02
1.000700e+02
1.000700e+02
1.000700e+02
92
92
92
92
92
93
93
93
93
93
97
97
101
101
101
101
101
116
116
116
116
116
116
116
1.179100e+02
1.179100e+02
1.205900e+02
1.205900e+02
1.207900e+02
1.207900e+02
1.207900e+02
1.202100e+02
1.202100e+02
1.200200e+02
1.200200e+02
1.206900e+02
1.206900e+02
1.206900e+02
1.209700e+02
1.209700e+02
1.209700e+02
1.209700e+02
122
122
122
1.192900e+02
1.192900e+02
1.188200e+02
1.188200e+02
1.183800e+02
1.183800e+02
1.183800e+02
1.203500e+02
1.203500e+02
1.197400e+02
1.197400e+02
1.197000e+02
1.197000e+02
1.197000e+02
1.177500e+02
1.177500e+02
1.177500e+02
1.177500e+02
1.117800e+02
1.117800e+02
1.117800e+02
1.131600e+02
1.131600e+02
1.128100e+02
1.128100e+02
1.125800e+02
1.125800e+02
1.125800e+02
1.127700e+02
1.127700e+02
1.134800e+02
1.134800e+02
1.129800e+02
1.129800e+02
1.129800e+02
9.924000e+01
9.924000e+01
9.844000e+01
9.844000e+01
9.844000e+01
9.844000e+01
9.844000e+01
9.903000e+01
9.903000e+01
9.861000e+01
9.861000e+01
1.015500e+02
1.015500e+02
1.015500e+02
1.059000e+02
1.059000e+02
1.155900e+02
1.155900e+02
1.174800e+02
1.174800e+02
1.174800e+02
1.136400e+02
1.136400e+02
1.115800e+02
1.115800e+02
8.910000e+01
8.910000e+01
8.910000e+01
9.224000e+01
9.224000e+01
9.224000e+01
9.224000e+01
9.419000e+01
9.419000e+01
9.419000e+01
9.488000e+01
9.488000e+01
1.098400e+02
1.098400e+02
1.125100e+02
1.125100e+02
1.125100e+02
1.125100e+02
1.125100e+02
1.125100e+02
1.125100e+02
1.125100e+02
1.125100e+02
1.125100e+02
1.106000e+02
1.106000e+02
8.977000e+01
8.977000e+01
8.977000e+01
8.977000e+01
8.977000e+01
9.833000e+01
9.833000e+01
9.796000e+01
9.796000e+01
97
97
97
9.709000e+01
9.709000e+01
9.491000e+01
9.491000e+01
9.960000e+01
9.960000e+01
9.960000e+01
1.001100e+02
1.001100e+02
9.980000e+01
9.980000e+01
9.980000e+01
