0
0
0
0
0
0
0
0
0
0
0
0
0
0
0
0
0
0
0
0
0
0
0
0
0
0
0
0
0
0
0
0
0
0
0
0
0
0
0
0
0
0
0
0
0
0
0
0
0
0
0
0
0
0
0
0
0
0
0
0
0
0
0
0
0
0
0
0
0
0
0
0
0
0
0
0
0
0
0
0
0
0
0
0
0
0
0
0
0
0
0
0
0
0
0
0
0
0
0
0
0
0
0
0
0
0
0
0
0
0
0
0
0
0
0
0
0
0
0
0
0
0
0
0
0
0
0
0
0
0
0
0
0
0
0
0
0
0
0
0
0
0
0
0
0
0
0
0
0
0
0
0
0
0
0
0
0
0
0
0
0
0
0
0
0
0
0
0
0
0
0
0
0
0
0
0
0
0
0
0
0
0
0
0
0
0
0
0
0
0
0
0
0
0
0
0
0
0
0
0
0
0
0
0
0
0
0
0
0
0
0
0
0
0
0
0
0
0
0
0
0
0
0
0
0
0
0
0
0
0
0
0
0
0
0
0
0
0
0
0
0
0
0
0
0
0
0
0
0
0
0
0
0
0
0
0
0
0
0
0
0
0
0
0
0
0
0
0
0
0
0
0
0
0
0
0
0
0
0
0
0
0
0
0
0
0
0
0
0
0
0
0
0
0
0
0
0
0
0
0
0
0
0
0
0
0
0
0
0
0
0
0
0
0
0
0
0
0
0
0
0
0
0
0
0
0
0
0
0
0
0
0
0
0
0
0
0
0
0
0
0
0
0
0
0
0
0
0
0
0
0
0
0
0
0
0
0
0
0
0
0
0
0
0
0
0
0
0
0
0
0
0
0
0
0
0
0
0
0
0
0
0
0
0
0
0
0
0
0
0
0
0
0
0
0
0
0
0
0
0
0
0
0
0
0
0
0
0
0
0
0
0
0
0
0
0
0
0
0
0
0
0
0
0
0
0
0
0
0
0
0
0
0
0
0
0
0
0
0
0
0
0
0
0
0
0
0
0
0
0
0
0
0
0
0
0
0
0
0
0
0
0
0
0
0
0
0
0
0
0
0
0
0
0
0
0
0
0
0
0
0
0
0
0
0
0
0
0
0
0
0
0
0
0
0
0
0
0
0
0
0
0
0
0
0
0
0
0
0
0
0
0
0
0
0
0
0
0
0
0
0
0
0
0
0
0
0
0
0
0
0
0
0
0
0
0
0
0
0
0
0
0
0
0
0
0
0
0
0
0
0
0
0
0
0
0
0
0
0
0
0
0
0
0
0
0
0
0
0
0
0
0
0
0
0
0
0
0
0
0
0
0
0
0
0
0
0
0
0
0
0
0
0
0
0
0
0
0
0
0
0
0
0
0
0
0
0
0
0
0
0
0
0
0
0
0
0
0
0
0
0
0
0
0
0
0
0
0
0
0
0
0
0
0
0
0
0
0
0
0
0
0
776
0
0
792
811
724
724
724
724
724
724
724
724
724
724
770
805
805
776
776
805
805
906
906
805
805
805
724
718
855
829
811
836
724
749
724
724
749
869
805
776
776
776
749
759
836
836
836
805
855
906
906
776
805
921
863
961
954
937
869
906
869
929
906
906
1086
869
836
961
988
945
957
963
970
1035
1087
1035
1.076000e+01
1076
1086
1076
1221
1278
1278
1411
1320
1300
1393
1375
1358
1358
1278
1278
1263
1358
1325
1325
1293
1375
1634
1671
1087
970
988
1035
1309
1552
1622
1278
1278
1278
1221
1358
1509
1552
1207
1278
1087
1221
1035
1207
1221
1035
1055
1055
1055
1120
1235
1207
1025
776
1120
869
988
906
945
929
869
988
937
979
906
1087
1087
836
805
836
805
993
979
679
836
805
805
805
865
854
701
776
776
776
724
776
776
776
776
679
604
724
781
694
805
639
724
724
906
869
776
724
659
659
659
679
709
645
701
572
724
639
604
855
776
836
679
639
679
836
793
766
836
659
679
639
863
1144
1120
776
805
701
1207
945
1000
797
679
587
604
679
667
639
639
776
724
836
836
724
742
760
782
639
776
749
782
782
679
679
776
776
701
701
724
494
572
570
518
518
639
514
776
724
604
625
755
477
604
578
494
679
607
494
578
578
578
679
679
667
679
572
572
572
760
734
697
706
604
604
679
679
771
554
554
597
725
732
528
639
518
604
518
639
724
543
543
543
679
679
651
604
639
639
725
604
679
639
647
543
543
518
639
543
518
483
572
543
543
572
679
724
836
543
447
435
443
437
429
440
435
431
426
425
423
378
404
421
421
421
523
575
579
568
570
575
555
573
560
545
532
570
551
529
555
554
561
572
550
512
539
462
532
516
342
392
394
396
399
383
381
330
361
388
319
319
324
374
379
378
378
381
381
372
372
371
344
375
359
319
340
315
338
356
354
349
336
364
360
361
336
338
355
354
348
538
297
626
530
445
364
492
364
530
474
412
486
481
446
495
407
475
481
451
470
443
4.127263e+02
4.099098e+02
4.070932e+02
307
314
257
147
147
147
247
226
272
253
236
236
236
320
302
316
294
286
286
286
253
302
340
217
320
320
320
312
312
312
312
351
351
351
351
329
187
272
272
272
272
340
350
198
198
167
167
167
167
201
236
242
231
191
165
242
242
259
265
265
265
265
217
217
273
213
217
217
217
205
213
242
235
211
211
211
213
209
210
210
210
210
210
210
209
188
188
159
159
159
136
184
236
430
236
236
236
184
159
144
153
138
138
138
138
375
375
320
258
258
258
247
241
241
256
256
256
256
238
248
138
138
252
252
252
329
309
287
280
253
253
253
320
328
311
213
219
219
219
336
331
213
215
215
215
215
311
205
211
210
184
184
184
162
154
153
286
155
155
155
302
338
317
317
317
317
317
317
205
209
212
217
217
217
217
218
208
218
205
205
205
198
198
198
198
162
162
162
137
138
311
308
311
311
311
167
243
243
243
326
326
326
331
154
160
168
169
169
169
163
167
160
160
168
168
168
152
152
152
286
275
275
275
178
185
172
172
188
188
188
188
188
166
166
166
166
166
166
213
226
226
226
226
226
186
167
155
178
205
205
205
198
196
242
242
242
242
242
229
229
265
265
211
211
211
241
241
241
241
241
241
241
243
233
237
239
240
240
240
240
259
259
250
250
250
250
250
250
250
250
250
250
250
250
250
250
250
250
250
250
250
236
334
290
287
287
287
288
288
288
288
288
288
288
255
288
275
251
251
251
251
272
261
264
264
264
264
264
272
270
263
263
259
259
259
284
284
305
305
305
305
305
260
260
260
291
248
248
248
266
286
286
286
252
252
252
255
266
199
227
182
182
182
141
141
141
141
141
141
141
141
141
141
141
493
493
493
493
493
493
493
493
493
493
493
294
236
236
242
242
242
221
221
221
221
221
221
221
211
211
204
204
167
167
167
169
175
175
175
175
175
175
175
175
236
230
230
230
230
230
302
302
302
302
302
302
302
302
182
164
157
157
157
157
62
62
131
131
131
131
68
121
118
112
118
118
118
118
145
145
145
145
145
145
153
148
148
146
494
494
494
490
490
490
490
490
490
490
490
272
270
364
352
352
352
354
354
354
354
354
354
354
242
242
242
438
438
438
438
438
438
438
438
438
438
438
422
422
422
422
265
265
265
251
251
251
251
251
251
251
435
435
435
435
414
414
414
435
435
435
435
435
435
435
435
435
435
435
435
435
435
435
435
388
388
388
388
388
388
388
418
418
416
416
416
435
435
435
435
435
435
435
435
435
411
411
427
427
427
438
438
427
427
427
427
427
418
418
415
415
415
415
415
427
427
400
400
400
400
400
400
400
362
362
360
360
360
360
360
362
362
400
400
400
400
400
400
400
400
400
400
400
400
400
400
400
400
400
494
494
502
502
488
488
488
484
484
484
484
494
494
494
362
362
362
362
362
362
362
358
358
358
358
358
358
358
358
358
286
286
286
286
286
286
286
286
286
280
280
280
453
453
453
453
444
444
444
253
253
286
286
350
350
350
286
286
286
286
286
286
286
286
286
286
286
604
604
604
604
604
604
604
604
604
604
570
570
570
570
453
453
453
453
453
453
453
217
217
217
211
211
211
211
604
604
604
320
320
320
320
328
328
328
604
604
604
604
211
211
211
207
207
242
242
242
242
242
261
261
261
261
261
261
261
279
279
274
274
274
274
274
266
266
266
266
266
266
266
285
285
285
285
285
285
285
473
473
473
473
473
473
473
473
473
473
473
473
473
473
466
466
466
466
466
466
466
487
487
487
487
487
487
487
1.580000e+01
1.580000e+01
480
480
478
478
478
160
160
160
160
160
160
160
160
160
160
160
518
518
518
75
75
75
75
75
75
75
89
89
89
89
89
89
89
92
92
92
92
92
92
92
725
725
725
725
711
711
711
702
702
702
702
702
702
702
702
702
702
90
90
90
90
680
680
680
680
680
680
680
680
680
620
620
620
620
620
620
620
620
620
620
620
620
620
620
620
620
620
620
620
620
620
620
620
620
620
620
620
620
620
620
620
620
620
453
453
453
453
453
453
453
246
246
44
44
448
448
448
415
415
415
415
415
415
415
415
415
543
543
511
511
511
498
498
498
498
498
498
498
498
498
535
535
518
518
518
518
518
518
518
518
518
518
518
543
543
540
540
540
540
540
540
540
540
540
540
540
540
540
540
588
588
588
588
588
588
588
588
588
588
588
588
588
588
588
588
588
588
588
588
588
588
588
588
588
588
588
588
588
588
588
588
588
588
588
588
588
588
588
588
588
588
588
588
588
588
472
472
472
472
472
472
472
458
458
446
446
432
432
432
460
460
460
460
460
460
460
458
458
458
458
426
426
426
370
370
370
370
370
370
370
370
370
366
366
355
355
355
355
355
355
355
355
355
355
355
355
355
355
355
355
355
355
355
355
355
355
355
355
776
776
776
776
764
764
764
764
764
764
764
764
764
764
679
679
662
662
672
672
672
672
672
672
672
672
672
672
630
630
547
547
547
547
547
547
547
547
547
547
547
547
547
547
572
572
537
537
537
480
480
527
527
527
527
527
527
527
435
435
415
415
415
411
411
411
411
411
411
411
518
518
511
511
494
494
494
411
411
411
411
411
411
411
362
362
335
335
292
292
292
518
518
518
518
776
776
776
776
776
776
776
776
776
776
776
776
776
776
776
776
776
216
216
518
518
518
518
518
511
511
511
511
511
511
511
487
487
487
472
472
472
472
472
472
472
472
472
472
472
464
464
457
457
447
447
447
447
447
447
447
447
447
447
445
445
432
432
411
411
411
400
400
400
400
400
400
400
385
385
385
385
372
372
372
543
543
543
543
543
543
543
512
512
506
506
480
480
480
477
477
477
477
477
477
477
518
518
496
496
472
472
472
478
478
478
478
478
478
478
478
478
830
830
830
830
830
830
830
913
913
913
913
913
913
913
494
494
490
490
490
488
488
488
488
488
488
488
473
473
473
473
473
473
473
473
473
473
473
473
473
473
450
450
450
450
450
450
450
450
450
450
450
450
450
450
442
442
400
400
400
400
400
380
380
380
380
380
380
380
345
345
345
345
345
345
345
345
345
345
345
345
345
345
332
332
332
332
332
332
332
332
332
332
332
332
332
332
335
335
335
335
360
360
360
380
380
380
380
380
380
380
380
380
395
395
395
395
395
725
725
704
704
680
680
680
660
660
622
622
622
622
622
622
622
590
590
590
590
590
590
590
585
585
585
585
585
585
585
564
564
564
564
564
573
573
573
573
573
573
573
573
573
580
580
580
580
580
566
566
566
566
566
566
566
577
577
577
577
577
577
577
592
592
468
468
468
468
468
411
411
411
411
411
411
411
446
446
446
446
446
446
446
456
456
456
456
456
456
456
450
450
450
450
450
450
450
458
458
458
458
425
425
425
479
479
479
479
479
479
479
479
479
456
456
456
456
456
456
456
456
456
456
456
456
443
443
443
443
443
443
443
416
416
416
416
416
416
416
416
416
416
416
416
416
416
386
386
386
386
386
386
386
494
494
502
502
510
510
510
510
510
510
510
510
510
510
510
510
488
488
488
488
488
488
488
488
488
488
488
488
464
464
464
464
464
464
464
464
464
464
464
464
464
464
464
464
464
464
464
464
464
464
464
464
464
464
464
464
464
464
464
464
464
464
464
464
464
464
464
464
464
464
464
464
464
464
464
464
464
464
464
464
464
464
464
464
464
464
543
543
543
543
543
543
543
520
520
520
520
520
490
490
490
490
490
490
490
490
490
490
490
465
465
465
465
465
465
465
465
465
465
465
465
465
465
465
465
465
438
438
438
438
438
438
438
438
438
400
400
400
400
400
380
380
380
380
380
380
380
380
380
380
380
364
364
364
352
352
352
352
352
352
352
326
326
326
326
326
326
326
314
314
314
314
314
314
314
314
314
314
314
314
314
314
314
314
314
314
314
314
314
314
314
314
314
314
314
314
264
264
264
264
264
264
264
264
264
264
264
242
242
242
242
242
242
242
242
