0
0
0
0
0
0
0
0
0
0
0
0
0
0
0
0
0
0
0
0
0
0
0
0
0
0
0
0
0
0
0
0
0
0
0
0
0
0
0
0
0
0
0
0
0
0
0
0
0
0
0
0
0
0
0
0
0
0
0
0
0
0
0
0
0
0
0
0
0
0
0
0
0
0
0
0
0
0
0
0
0
0
0
0
0
0
0
0
0
0
0
0
0
0
0
0
0
0
0
0
0
0
0
0
0
0
0
0
0
0
0
0
0
0
0
0
0
0
0
0
0
0
0
0
0
0
0
0
0
0
0
0
0
0
0
0
0
0
0
0
0
0
0
0
0
0
0
0
0
0
0
0
0
0
0
0
0
0
0
0
0
0
0
0
0
0
0
0
0
0
0
0
0
0
0
0
0
0
0
0
0
0
0
0
0
0
0
0
0
0
0
0
0
0
0
0
0
0
0
0
0
0
0
0
0
0
0
0
0
0
0
0
0
0
0
0
0
0
0
0
0
0
0
0
0
0
0
0
0
0
0
0
0
0
0
0
0
0
0
0
0
0
0
0
0
0
0
0
0
0
0
0
0
0
0
0
0
0
0
0
0
0
0
0
0
0
0
0
0
0
0
0
0
0
0
0
0
0
0
0
0
0
0
0
0
0
0
0
0
0
0
0
0
0
0
0
0
0
0
0
0
0
0
0
0
0
0
0
0
0
0
0
0
0
0
0
0
0
0
0
0
0
0
0
0
0
0
0
0
0
0
0
0
0
0
0
0
0
0
0
0
0
0
0
0
0
0
0
0
0
0
0
0
0
0
0
0
0
0
0
0
0
0
0
0
0
0
0
0
0
0
0
0
0
0
0
0
0
0
0
0
0
0
0
0
0
0
0
0
0
0
0
0
0
0
0
0
0
0
0
0
0
0
0
0
0
0
0
0
0
0
0
0
0
0
0
0
0
0
0
0
0
0
0
0
0
0
0
0
0
0
0
0
0
0
0
0
0
0
0
0
0
0
0
0
0
0
0
0
0
0
0
0
0
0
0
0
0
0
0
0
0
0
0
0
0
0
0
0
0
0
0
0
0
0
0
0
0
0
0
0
0
0
0
0
0
0
0
0
0
0
0
0
0
0
0
0
0
0
0
0
0
0
0
0
0
0
0
0
0
0
0
0
0
0
0
0
0
0
0
0
0
0
0
0
0
0
0
0
0
0
0
0
0
0
0
0
0
0
0
0
0
0
0
0
0
0
0
0
0
0
0
0
0
0
0
0
0
0
0
0
0
0
0
0
0
0
0
0
0
0
0
0
0
0
0
0
0
0
0
0
0
0
0
0
0
0
0
0
0
0
0
0
0
0
0
0
0
0
0
0
0
0
0
0
0
0
0
0
0
0
0
0
0
0
0
0
0
0
0
0
0
0
0
0
0
0
0
0
0
0
0
0
0
0
0
0
0
0
0
0
0
0
0
0
0
0
0
0
0
0
0
0
0
0
0
0
0
0
0
0
0
0
0
0
0
0
0
0
0
0
0
0
0
0
0
0
0
0
0
0
0
0
0
0
0
0
0
0
0
0
0
0
0
0
0
0
0
0
0
0
0
0
0
0
0
0
0
0
0
0
0
0
0
0
0
0
0
0
0
0
0
0
0
0
0
0
0
0
0
0
0
0
0
0
0
0
0
0
0
0
0
0
0
0
0
0
0
0
0
0
0
0
0
0
0
0
0
0
0
0
0
0
0
0
0
0
0
0
0
0
0
0
0
0
0
0
0
0
0
0
0
0
0
0
0
0
0
0
0
0
0
0
0
0
0
0
0
0
0
0
0
0
0
0
0
0
0
0
0
0
0
0
0
0
0
0
0
0
0
0
0
0
0
0
0
0
0
0
0
0
0
0
0
0
0
0
0
0
0
0
0
0
0
0
0
0
0
0
0
0
0
0
0
0
0
0
0
0
0
0
0
0
0
0
0
0
0
0
0
0
0
0
0
0
0
0
0
0
0
0
0
0
0
0
0
0
0
0
0
0
0
0
0
0
0
0
0
0
0
0
0
0
0
0
0
0
0
0
0
0
0
0
0
0
0
0
0
0
0
0
0
0
0
0
0
0
0
0
0
0
0
0
0
0
0
0
0
0
0
0
0
0
0
0
0
0
0
0
0
0
0
0
0
0
0
0
0
0
0
0
0
0
0
0
0
0
0
0
0
0
0
0
0
0
0
0
0
0
0
0
0
0
0
0
0
0
0
0
0
0
0
0
0
0
0
0
0
0
0
0
0
0
0
0
0
0
0
0
0
0
0
0
0
0
0
0
0
0
0
0
0
0
0
0
0
0
0
0
0
0
0
0
0
0
0
0
0
0
0
0
0
0
0
0
0
0
0
0
0
0
0
0
0
0
0
0
0
0
0
0
0
0
0
0
0
0
0
0
0
0
0
0
0
0
0
0
0
0
0
0
0
0
0
0
0
0
0
0
0
0
0
0
0
0
0
0
0
0
0
0
0
0
0
0
0
0
0
0
0
0
0
0
0
0
0
0
0
0
0
0
0
0
0
0
0
0
0
0
0
0
0
0
0
0
0
0
0
0
0
0
0
0
0
0
0
0
0
0
0
0
0
0
0
0
0
0
0
0
0
0
0
0
0
0
0
0
0
0
0
0
0
0
0
0
0
0
0
0
0
0
0
0
0
0
0
0
0
0
0
0
0
0
0
0
0
0
0
0
0
0
0
0
0
0
0
0
0
0
0
0
0
0
0
0
0
0
0
0
0
0
0
0
0
0
0
0
0
0
0
0
0
0
0
0
0
0
0
0
0
0
0
0
0
0
0
0
0
0
0
0
0
0
0
0
0
0
0
0
0
0
0
0
0
0
0
0
0
0
0
0
0
0
0
0
0
0
0
0
0
0
0
0
0
0
0
0
0
0
0
0
0
0
0
0
0
0
0
0
0
0
0
0
0
0
0
0
0
0
0
0
0
0
0
0
0
0
0
0
0
0
0
0
0
0
0
0
0
0
0
0
0
0
0
0
0
0
0
0
0
0
0
0
0
0
0
0
0
0
0
0
0
0
0
0
0
0
0
0
0
0
0
0
0
0
0
0
0
0
0
0
0
0
0
0
0
0
0
0
0
0
0
0
749
749
749
749
842
842
842
842
842
842
842
842
842
842
842
842
842
842
842
842
842
842
842
842
842
842
842
842
842
842
842
842
842
842
842
842
842
842
842
842
842
842
842
842
842
842
776
230
230
230
230
230
230
450
438
438
438
438
438
438
308
308
308
308
308
308
308
308
988
1005
1005
1087
1087
1087
1052
1052
1052
1052
1052
1052
1052
1025
1025
1052
1230
988
988
988
1036
1298
1298
1298
1298
1298
1298
1298
1298
880
872
872
872
872
938
901
901
901
901
901
901
901
1514
1520
1411
1436
1436
1436
1322
759
759
688
688
688
688
1325
666
644
646
640
640
640
611
604
604
604
604
604
604
582
566
548
556
505
505
505
484
484
484
484
484
484
484
484
455
468
460
416
416
416
460
460
460
460
460
460
460
384
384
384
376
376
376
376
376
376
376
376
376
376
376
365
365
365
365
312
312
312
311
311
311
311
311
311
311
275
275
275
275
260
260
260
258
258
258
258
258
258
258
258
258
258
258
258
258
258
258
258
160
160
160
160
160
160
160
231
231
125
125
125
165
165
165
165
165
165
165
231
231
222
222
212
212
212
212
212
212
212
212
212
212
218
218
238
238
238
238
238
210
210
220
220
220
220
220
220
220
202
202
205
205
205
205
205
202
202
220
220
220
220
220
220
220
220
220
220
220
220
220
220
220
220
220
242
242
248
248
252
252
252
238
238
238
238
259
259
259
180
180
180
180
208
208
208
186
186
186
186
186
186
186
186
186
209
209
209
209
209
209
209
209
209
215
215
215
198
198
198
198
192
192
192
192
192
209
209
144
144
144
191
191
191
191
191
191
191
191
191
191
191
217
217
217
217
217
217
217
217
217
217
220
220
220
220
192
192
192
192
192
141
141
231
231
231
231
231
231
231
362
362
362
286
286
286
286
276
276
276
231
231
231
231
186
186
186
188
188
198
198
198
198
198
205
205
205
205
205
205
205
205
205
186
186
186
186
186
180
180
180
180
180
180
180
201
201
201
201
201
201
201
226
226
226
226
226
226
226
226
226
226
226
226
226
226
252
252
252
252
252
252
252
244
244
244
244
244
244
244
213
213
235
235
242
242
242
218
218
218
218
218
218
218
218
218
218
218
184
184
184
188
188
188
188
188
188
188
196
196
196
196
196
196
196
202
202
202
202
202
202
202
362
362
362
362
388
388
388
380
380
380
380
380
380
380
380
380
380
380
380
380
380
366
366
366
366
366
366
366
366
366
348
348
348
348
348
348
348
348
348
348
348
348
348
348
348
348
348
348
348
348
348
348
348
348
348
348
348
348
348
348
348
348
348
158
158
158
158
158
158
158
158
158
164
164
164
164
164
155
155
155
155
155
155
155
155
155
178
178
152
152
152
255
255
255
255
255
255
255
255
255
188
188
178
178
178
178
178
178
178
255
255
255
213
213
195
195
195
195
195
195
195
195
195
195
195
195
195
195
176
176
176
176
176
176
176
176
176
176
176
176
176
176
176
176
176
176
176
176
176
176
176
176
176
176
176
176
176
176
176
176
176
176
170
170
170
170
170
170
170
170
170
170
170
170
170
158
158
158
158
158
158
158
165
165
160
160
188
188
188
160
160
160
160
160
160
160
166
166
166
166
145
145
145
302
302
302
302
302
302
302
302
302
315
315
311
311
311
311
311
311
311
311
311
311
311
311
311
311
311
311
311
311
311
311
311
311
311
311
311
311
351
351
332
332
332
332
332
332
332
332
332
332
213
213
210
210
205
205
205
210
210
210
210
210
210
210
196
196
192
192
192
192
192
192
192
192
192
192
192
192
192
192
192
192
188
188
188
182
182
180
180
180
180
180
180
180
180
180
180
180
180
180
180
180
180
180
180
180
180
180
180
180
180
180
180
180
180
170
170
170
170
170
170
170
170
170
170
170
170
170
170
170
170
170
170
170
170
170
170
170
170
170
170
170
170
170
170
170
170
170
170
170
170
170
170
170
170
170
170
170
170
170
170
170
170
170
170
170
170
170
170
170
170
170
170
170
170
170
170
170
170
170
64
64
64
64
64
64
64
64
64
64
64
64
70
70
76
76
76
80
80
80
80
80
80
80
70
70
70
70
68
68
68
198
198
198
198
198
198
198
188
188
208
208
208
208
208
208
208
208
208
208
208
208
208
208
208
208
164
164
164
160
160
160
160
160
160
160
160
160
160
160
160
160
160
160
160
234
234
234
234
234
234
234
184
184
186
186
186
175
175
175
175
175
175
175
178
178
178
178
170
170
170
170
170
170
170
170
170
170
165
165
165
165
165
165
165
165
165
165
165
165
165
165
148
148
142
142
142
142
142
140
140
140
140
140
140
140
127
127
127
127
127
127
127
127
127
127
127
127
127
127
125
125
125
125
125
125
125
125
125
125
125
125
125
125
125
125
125
125
140
140
140
128
128
128
128
128
128
128
128
128
112
112
112
112
112
170
170
165
165
162
162
162
154
154
151
151
151
151
151
151
151
150
150
150
150
150
150
150
144
144
144
144
144
144
144
156
156
156
156
156
160
160
160
160
160
160
160
160
160
132
132
132
132
132
130
130
130
130
130
130
130
147
147
147
147
147
147
147
156
156
165
165
165
165
165
140
140
140
140
140
140
140
178
178
178
178
178
178
178
200
200
200
200
200
200
200
172
172
172
172
172
172
172
1.620000e+01
1.620000e+01
1.620000e+01
1.620000e+01
175
175
175
166
166
166
166
166
166
166
166
166
150
150
150
150
150
150
150
150
150
150
150
150
142
142
142
142
142
142
142
125
125
125
125
125
125
125
125
125
125
125
125
125
125
125
125
125
125
125
125
125
191
191
182
182
198
198
198
198
198
198
198
198
198
198
198
198
180
180
180
180
180
180
180
180
180
180
180
180
174
174
174
174
174
174
174
174
174
174
174
174
174
174
174
174
174
174
174
174
174
174
174
174
174
174
174
174
174
174
174
174
174
174
174
174
174
174
174
174
174
174
174
174
174
174
174
174
174
174
174
174
174
174
174
174
174
174
143
143
143
143
143
143
143
143
143
143
143
143
143
143
143
143
143
143
143
143
143
143
143
87
87
87
87
87
87
87
87
87
87
87
87
87
87
87
87
87
286
286
286
286
286
286
286
286
286
286
286
286
286
286
286
286
286
286
286
286
286
286
286
286
286
286
286
286
286
286
286
286
286
286
286
286
286
286
286
286
286
286
286
286
286
286
286
286
286
286
286
286
286
286
286
286
286
286
286
286
286
286
286
286
286
286
286
286
286
286
286
286
286
286
286
286
286
286
286
286
286
286
286
286
286
286
286
286
286
