0
0
0
0
0
0
0
0
0
0
0
0
0
0
0
0
0
0
0
0
0
0
0
0
0
0
0
0
0
0
0
0
0
0
0
0
0
0
0
0
0
0
0
0
0
0
0
0
0
0
0
0
0
0
0
0
0
0
0
0
0
0
0
0
0
0
0
0
0
0
0
0
0
0
0
0
0
0
0
0
0
0
0
0
0
0
0
0
0
0
0
0
0
0
0
0
0
0
0
0
0
0
0
0
0
0
0
0
0
0
0
0
0
0
0
0
0
0
0
0
0
0
0
0
0
0
0
0
0
0
0
0
0
0
0
0
0
0
0
0
0
0
0
0
0
0
0
0
0
0
0
0
0
0
0
0
0
0
0
0
0
0
0
0
0
0
0
0
0
0
0
0
0
0
0
0
0
0
0
0
0
0
0
0
0
0
0
0
0
0
0
0
0
0
0
0
0
0
0
0
0
0
0
0
0
0
0
0
0
0
0
0
0
0
0
0
0
0
0
0
0
0
0
0
0
0
0
0
0
0
0
0
0
0
0
0
0
0
0
0
0
0
0
0
0
0
0
0
0
0
0
0
0
0
0
0
0
0
0
0
0
0
0
0
0
0
0
0
0
0
0
0
0
0
0
0
0
0
0
0
0
0
0
0
0
0
0
0
0
0
0
0
0
0
0
0
0
0
0
0
0
0
0
0
0
0
0
0
0
0
0
0
0
0
0
0
0
0
0
0
0
0
0
0
0
0
0
0
0
0
0
0
0
0
0
0
0
0
0
0
0
0
0
0
0
0
0
0
0
0
0
0
0
0
0
0
0
0
0
0
0
0
0
0
0
0
0
0
0
0
0
0
0
0
0
0
0
0
0
0
0
0
0
0
0
0
0
0
0
0
0
0
0
0
0
0
0
0
0
0
0
0
0
0
0
0
0
0
0
0
0
0
0
0
0
0
0
0
0
0
0
0
0
0
0
0
0
0
0
0
0
0
0
0
0
0
0
0
0
0
0
0
0
0
0
0
0
0
0
0
0
0
0
0
0
0
0
0
0
0
0
0
0
0
0
0
0
0
0
0
0
0
0
0
0
0
0
0
0
0
0
0
0
0
0
0
0
0
0
0
0
0
0
0
0
0
0
0
0
0
0
0
0
0
0
0
0
0
0
0
0
0
0
0
0
0
0
0
0
0
0
0
0
0
0
0
0
0
0
0
0
0
0
0
0
0
0
0
0
0
0
0
0
0
0
0
0
0
0
0
0
0
0
0
0
0
0
0
0
0
0
0
0
0
0
0
0
0
0
0
0
0
0
0
0
0
0
0
0
0
0
0
0
0
0
0
0
0
0
0
0
0
0
0
0
0
0
0
0
0
0
0
0
0
0
0
0
0
0
0
0
0
0
0
0
0
0
0
0
0
0
0
0
0
0
0
0
0
0
0
0
0
0
0
0
0
0
0
0
0
0
0
0
0
0
0
0
0
0
0
0
0
0
0
0
0
0
0
0
0
0
0
0
0
0
0
0
0
0
0
0
0
0
0
0
0
0
0
0
0
0
0
0
0
0
0
0
0
0
0
0
0
0
0
0
0
0
0
0
0
0
0
0
0
0
0
0
0
0
0
0
0
0
0
0
0
0
0
0
0
0
0
0
0
0
0
0
0
0
0
0
0
0
0
0
0
0
0
0
0
0
0
0
0
0
0
0
0
0
0
0
0
0
0
0
0
0
0
0
0
0
0
0
0
0
0
0
0
0
0
0
0
0
0
0
0
0
0
0
0
0
0
0
0
0
0
0
0
0
0
0
0
0
0
0
0
0
0
0
0
0
0
0
0
0
0
0
0
0
0
0
0
0
0
0
0
0
0
0
0
0
0
0
0
0
0
0
0
0
0
0
0
0
0
0
0
0
0
0
0
0
0
0
0
0
0
0
0
0
0
0
0
0
0
0
0
0
0
0
0
0
0
0
0
0
0
0
0
0
0
0
0
0
0
0
0
0
0
0
0
0
0
0
0
0
0
0
0
0
0
0
0
0
0
0
0
0
0
0
0
0
0
0
0
0
0
0
0
0
0
0
0
0
0
0
0
0
0
0
0
0
0
0
0
0
0
0
0
0
0
0
0
0
0
0
0
0
0
0
0
0
0
0
0
0
0
0
0
0
0
0
0
0
0
0
0
0
0
0
0
0
0
0
0
0
0
0
0
0
0
0
0
0
0
0
0
0
0
0
0
0
0
0
0
0
0
0
0
0
0
0
0
0
0
0
0
0
0
0
0
0
0
0
0
0
0
0
0
0
0
0
0
0
0
0
0
0
0
0
0
0
0
0
0
0
0
0
0
0
0
0
0
0
0
0
0
0
0
0
0
0
0
0
0
0
0
0
0
0
0
0
0
0
0
0
0
0
0
0
0
0
0
0
0
0
0
0
0
0
0
0
0
0
0
0
0
0
0
0
0
0
0
0
0
0
0
0
0
0
0
0
0
0
0
0
0
0
0
0
0
0
0
0
0
0
0
0
0
0
0
0
0
0
0
0
0
0
0
0
0
0
0
0
0
0
0
0
0
0
0
0
0
0
0
0
0
0
0
0
0
0
0
0
0
0
0
0
0
0
0
0
0
0
0
0
0
0
0
0
0
0
0
0
0
0
0
0
0
0
0
0
0
0
0
0
0
0
0
0
0
0
0
0
0
0
0
0
0
0
0
0
0
0
0
0
0
0
0
0
0
0
0
0
0
0
0
0
0
0
0
0
0
0
0
0
0
0
0
0
0
0
0
0
0
0
0
0
0
0
0
0
0
0
0
0
0
0
0
0
0
0
0
0
0
0
0
0
0
0
0
0
0
0
0
0
0
0
0
0
0
0
0
0
0
0
0
0
0
0
0
0
0
0
0
0
0
0
0
0
0
0
0
0
0
0
0
0
0
0
0
0
0
0
0
0
0
0
0
0
0
0
0
0
0
0
0
0
0
0
0
0
0
0
0
0
0
0
0
0
0
0
0
0
0
0
0
0
0
0
0
0
0
0
0
0
0
0
0
0
0
0
0
0
0
0
0
0
0
0
0
0
0
0
0
0
0
0
0
0
0
0
0
0
0
0
0
0
0
0
0
0
0
0
0
0
0
0
0
0
0
0
0
0
0
0
0
0
0
0
0
0
0
0
0
0
0
0
0
0
0
0
0
0
0
0
0
0
0
0
0
0
0
0
0
0
0
0
0
0
0
0
0
0
0
0
0
0
0
0
0
0
0
0
0
0
0
0
0
0
0
0
0
0
0
0
0
0
0
0
0
1.783200e+02
1.702300e+02
2.351600e+02
2.377800e+02
2.903100e+02
2.903100e+02
2.903100e+02
3.979500e+02
3.979500e+02
3.979500e+02
3.979500e+02
3.979500e+02
3.979500e+02
3.979500e+02
5.025800e+02
5.025800e+02
4.933800e+02
4.297500e+02
4.137900e+02
4.137900e+02
4.137900e+02
4.091600e+02
3.846800e+02
5.630200e+02
5.884400e+02
5.943400e+02
5.943400e+02
5.943400e+02
5.894800e+02
5.803200e+02
5.859900e+02
5.813300e+02
5.689300e+02
5.689300e+02
5.689300e+02
6.332800e+02
6.450700e+02
6.399700e+02
6.248700e+02
6.086600e+02
6.086600e+02
6.086600e+02
1.951900e+02
1.149300e+02
5.543600e+02
6.261100e+02
6.055800e+02
6.055800e+02
6.055800e+02
6.502500e+02
6.630700e+02
6.777900e+02
6.777300e+02
6.841400e+02
6.841400e+02
6.841400e+02
6.455500e+02
6.689100e+02
6.429300e+02
6.338800e+02
6.416500e+02
6.416500e+02
6.416500e+02
6.752400e+02
6.566100e+02
6.566100e+02
6.566100e+02
6.940600e+02
6.940600e+02
6.940600e+02
7.044400e+02
7.117600e+02
7.168600e+02
7.159700e+02
7.034800e+02
7.034800e+02
7.034800e+02
7.084200e+02
7.084200e+02
7.220300e+02
7.220300e+02
7.220300e+02
7.220300e+02
7.220300e+02
8.472000e+02
8.429200e+02
8.384000e+02
8.454800e+02
8.404800e+02
8.404800e+02
8.404800e+02
830
830
830
830
830
830
830
8.330400e+02
8.330400e+02
8.330400e+02
8.429800e+02
8.429800e+02
8.429800e+02
8.429800e+02
8.469600e+02
8.469600e+02
8.469600e+02
8.469600e+02
8.469600e+02
8.469600e+02
8.469600e+02
5.788500e+02
5.788500e+02
5.788500e+02
7.641100e+02
8.012500e+02
8.012500e+02
8.012500e+02
9.441100e+02
9.441100e+02
9.441100e+02
9.441100e+02
9.441100e+02
9.441100e+02
9.441100e+02
9.356900e+02
9.356900e+02
9.261400e+02
9.261400e+02
9.161700e+02
9.161700e+02
9.161700e+02
9.260800e+02
9.260800e+02
9.260800e+02
9.260800e+02
9.260800e+02
9.260800e+02
9.260800e+02
8.918300e+02
8.918300e+02
9.002900e+02
9.002900e+02
9.002900e+02
9.002900e+02
9.002900e+02
729
729
7.392900e+02
7.392900e+02
6.729300e+02
6.729300e+02
6.729300e+02
6.729300e+02
6.729300e+02
4.522100e+02
4.522100e+02
4.328500e+02
4.328500e+02
4.328500e+02
4.093600e+02
4.093600e+02
4.020400e+02
4.020400e+02
3.973200e+02
3.973200e+02
3.973200e+02
3.887500e+02
3.887500e+02
4.818400e+02
4.818400e+02
4.804800e+02
4.804800e+02
4.804800e+02
4.843400e+02
4.843400e+02
4.881900e+02
4.881900e+02
5.110700e+02
5.110700e+02
5.110700e+02
5.100500e+02
5.100500e+02
5.117600e+02
5.117600e+02
5.117600e+02
5.117600e+02
5.117600e+02
5.329500e+02
5.329500e+02
4.161700e+02
4.161700e+02
4.161700e+02
4.161700e+02
4.161700e+02
4.161700e+02
4.161700e+02
5.767600e+02
5.767600e+02
5.837100e+02
5.837100e+02
5.837100e+02
5.985700e+02
5.985700e+02
6.066500e+02
6.066500e+02
6.137100e+02
6.137100e+02
6.137100e+02
6.137100e+02
6.137100e+02
6.137100e+02
6.137100e+02
6.137100e+02
6.137100e+02
6.137100e+02
6.137100e+02
6.137100e+02
6.408900e+02
6.408900e+02
6.408900e+02
6.408900e+02
6.408900e+02
6.552400e+02
6.552400e+02
6.655500e+02
6.655500e+02
6.665700e+02
6.665700e+02
6.665700e+02
6.662000e+02
6.662000e+02
6.720900e+02
6.720900e+02
6.731800e+02
6.731800e+02
6.731800e+02
6.868500e+02
6.868500e+02
6.980700e+02
6.980700e+02
8.899000e+01
8.899000e+01
8.899000e+01
7.081100e+02
7.081100e+02
7.557600e+02
7.557600e+02
7.557600e+02
7.557600e+02
7.557600e+02
7.557600e+02
7.557600e+02
8.174800e+02
8.174800e+02
8.174800e+02
8.174800e+02
8.174800e+02
8.418300e+02
8.418300e+02
8.464700e+02
8.464700e+02
8.562200e+02
8.562200e+02
8.562200e+02
8.757600e+02
8.757600e+02
8.757600e+02
8.757600e+02
8.368300e+02
8.368300e+02
8.368300e+02
8.111900e+02
8.111900e+02
7.962700e+02
7.962700e+02
8.125600e+02
8.125600e+02
8.125600e+02
8.458500e+02
8.458500e+02
8.458500e+02
8.458500e+02
8.458500e+02
8.458500e+02
8.458500e+02
8.458500e+02
8.458500e+02
8.458500e+02
8.458500e+02
8.564600e+02
8.564600e+02
8.564600e+02
8.349900e+02
8.349900e+02
6.040900e+02
6.040900e+02
4.201600e+02
4.201600e+02
4.201600e+02
3.930600e+02
3.930600e+02
4.055000e+02
4.055000e+02
3.798100e+02
3.798100e+02
3.798100e+02
3.798100e+02
3.798100e+02
0
0
3.443700e+02
3.443700e+02
3.443700e+02
0
0
9.042100e+02
9.042100e+02
9.203600e+02
9.203600e+02
9.203600e+02
1.137630e+03
1.137630e+03
9.356700e+02
9.356700e+02
9.140700e+02
9.140700e+02
9.140700e+02
8.898000e+02
8.898000e+02
8.898000e+02
8.898000e+02
8.661000e+02
8.661000e+02
8.661000e+02
8.549300e+02
8.549300e+02
8.562000e+02
8.562000e+02
8.562000e+02
8.562000e+02
8.562000e+02
9.288800e+02
9.288800e+02
9.357500e+02
9.357500e+02
9.357500e+02
9.357500e+02
9.357500e+02
9.140300e+02
9.140300e+02
6.119100e+02
6.119100e+02
9.481900e+02
9.481900e+02
9.481900e+02
7.203500e+02
7.203500e+02
7.203500e+02
7.203500e+02
7.203500e+02
7.203500e+02
7.203500e+02
4.257100e+02
4.257100e+02
4.257100e+02
4.257100e+02
4.257100e+02
4.257100e+02
4.257100e+02
8.947700e+02
8.947700e+02
4.511300e+02
4.511300e+02
4.511300e+02
4.511300e+02
4.511300e+02
4.511300e+02
4.511300e+02
8.825700e+02
8.825700e+02
8.825700e+02
8.825700e+02
8.825700e+02
8.784600e+02
8.784600e+02
8.784600e+02
8.784600e+02
8.784600e+02
8.784600e+02
8.784600e+02
8.450300e+02
8.450300e+02
8.450300e+02
8.450300e+02
8.450300e+02
8.450300e+02
8.450300e+02
8.110600e+02
8.110600e+02
8.185500e+02
8.185500e+02
7.979200e+02
7.979200e+02
7.979200e+02
7.826100e+02
7.826100e+02
7.826100e+02
7.826100e+02
7.826100e+02
7.826100e+02
7.826100e+02
7.826100e+02
5.665800e+02
5.665800e+02
5.665800e+02
6.394200e+02
6.394200e+02
6.394200e+02
7.948800e+02
7.948800e+02
7.948800e+02
7.948800e+02
7.948800e+02
7.948800e+02
7.948800e+02
8.986800e+02
8.986800e+02
8.450200e+02
8.450200e+02
9.435400e+02
9.435400e+02
9.435400e+02
9.353900e+02
9.353900e+02
9.353900e+02
9.353900e+02
9.353900e+02
9.353900e+02
9.353900e+02
8.510900e+02
8.510900e+02
8.510900e+02
8.510900e+02
8.540500e+02
8.540500e+02
8.540500e+02
7.150400e+02
7.150400e+02
7.150400e+02
7.150400e+02
7.150400e+02
7.150400e+02
7.150400e+02
7.150400e+02
7.150400e+02
7.150400e+02
7.977500e+02
7.977500e+02
7.977500e+02
7.977500e+02
7.716400e+02
7.716400e+02
7.716400e+02
7.716400e+02
7.716400e+02
7.716400e+02
7.716400e+02
7.716400e+02
7.716400e+02
7.554200e+02
7.554200e+02
7.554200e+02
7.554200e+02
7.554200e+02
7.500800e+02
7.500800e+02
7.500800e+02
7.500800e+02
7.500800e+02
7.500800e+02
7.500800e+02
7.500800e+02
7.500800e+02
7.500800e+02
7.500800e+02
7.500800e+02
7.500800e+02
7.500800e+02
7.424500e+02
7.424500e+02
7.350800e+02
7.350800e+02
7.350800e+02
7.350800e+02
7.350800e+02
7.359500e+02
7.359500e+02
7.359500e+02
7.359500e+02
7.359500e+02
7.359500e+02
7.359500e+02
7.252800e+02
7.252800e+02
7.252800e+02
7.252800e+02
7.252800e+02
7.252800e+02
7.252800e+02
6.988500e+02
6.988500e+02
7.325100e+02
7.325100e+02
3.420800e+02
3.420800e+02
3.420800e+02
3.949200e+02
3.949200e+02
6.935300e+02
6.935300e+02
7.443500e+02
7.443500e+02
7.443500e+02
7.501800e+02
7.501800e+02
7.487400e+02
7.487400e+02
7.470800e+02
7.470800e+02
7.470800e+02
7.581800e+02
7.581800e+02
7.581800e+02
7.581800e+02
7.581800e+02
7.581800e+02
7.581800e+02
7.266400e+02
7.266400e+02
7.275000e+02
7.275000e+02
7.155600e+02
7.155600e+02
7.155600e+02
7.155600e+02
7.155600e+02
7.155600e+02
7.155600e+02
6.900600e+02
6.900600e+02
6.900600e+02
6.812500e+02
6.812500e+02
6.856300e+02
6.856300e+02
6.856300e+02
6.856300e+02
6.856300e+02
6.856300e+02
6.856300e+02
6.856300e+02
6.856300e+02
6.856300e+02
6.856300e+02
6.856300e+02
6.856300e+02
6.856300e+02
7.585200e+02
7.585200e+02
7.585200e+02
7.585200e+02
7.585200e+02
7.585200e+02
7.585200e+02
7.585200e+02
7.585200e+02
7.585200e+02
7.585200e+02
7.585200e+02
7.585200e+02
7.585200e+02
7.585200e+02
7.585200e+02
7.585200e+02
7.585200e+02
7.585200e+02
7.585200e+02
7.585200e+02
5.308300e+02
5.308300e+02
5.308300e+02
5.308300e+02
5.308300e+02
5.308300e+02
5.308300e+02
5.308300e+02
5.308300e+02
5.308300e+02
5.308300e+02
5.308300e+02
5.308300e+02
7.974100e+02
7.974100e+02
7.974100e+02
7.974100e+02
7.974100e+02
7.974100e+02
7.755500e+02
7.755500e+02
7.713600e+02
7.713600e+02
7.713600e+02
7.713600e+02
7.713600e+02
7.620800e+02
7.620800e+02
7.620800e+02
7.620800e+02
7.620800e+02
7.620800e+02
7.620800e+02
8.000800e+02
8.000800e+02
7.284500e+02
7.284500e+02
6.925600e+02
6.925600e+02
6.925600e+02
6.706500e+02
6.706500e+02
6.706500e+02
6.706500e+02
6.706500e+02
6.706500e+02
6.706500e+02
6.371800e+02
6.371800e+02
6.324000e+02
6.324000e+02
6.303900e+02
6.303900e+02
6.303900e+02
5.888000e+02
5.888000e+02
5.888000e+02
5.888000e+02
5.888000e+02
5.888000e+02
5.888000e+02
6.270900e+02
6.270900e+02
6.312000e+02
6.312000e+02
6.253800e+02
6.253800e+02
6.253800e+02
6.162100e+02
6.162100e+02
6.162100e+02
6.162100e+02
6.162100e+02
6.162100e+02
6.162100e+02
6.162100e+02
6.162100e+02
6.162100e+02
6.162100e+02
6.162100e+02
6.162100e+02
6.162100e+02
3.978700e+02
3.978700e+02
4.564500e+02
4.564500e+02
2.298100e+02
2.298100e+02
2.298100e+02
1.957400e+02
1.957400e+02
6.061800e+02
6.061800e+02
7.062500e+02
7.062500e+02
7.062500e+02
6.792700e+02
6.792700e+02
6.792700e+02
6.792700e+02
6.792700e+02
6.792700e+02
6.792700e+02
6.594300e+02
6.594300e+02
6.569100e+02
6.569100e+02
6.562900e+02
6.562900e+02
6.562900e+02
6.502500e+02
6.502500e+02
6.502500e+02
6.502500e+02
6.502500e+02
6.502500e+02
6.502500e+02
6.599400e+02
6.599400e+02
6.565600e+02
6.565600e+02
6.523000e+02
6.523000e+02
6.523000e+02
6.523000e+02
6.523000e+02
6.523000e+02
6.523000e+02
6.523000e+02
6.523000e+02
6.523000e+02
6.523000e+02
6.523000e+02
2.002400e+02
2.002400e+02
4.381800e+02
4.381800e+02
4.381800e+02
4.207200e+02
4.207200e+02
4.370600e+02
4.370600e+02
4.370600e+02
4.370600e+02
4.370600e+02
1.949800e+02
1.949800e+02
1.926300e+02
1.926300e+02
1.902000e+02
1.902000e+02
1.902000e+02
1.882400e+02
1.882400e+02
1.882400e+02
1.882400e+02
1.827900e+02
1.827900e+02
1.827900e+02
187
187
1.834800e+02
1.834800e+02
1.816100e+02
1.816100e+02
1.816100e+02
1.768600e+02
1.768600e+02
1.171400e+02
1.171400e+02
1.171400e+02
1.171400e+02
1.171400e+02
1.742100e+02
1.742100e+02
1.720800e+02
1.720800e+02
1.715600e+02
1.715600e+02
1.715600e+02
1.695000e+02
1.695000e+02
1.690100e+02
1.690100e+02
1.084500e+02
1.084500e+02
1.084500e+02
1.662100e+02
1.662100e+02
1.662100e+02
1.662100e+02
1.644800e+02
1.644800e+02
1.644800e+02
1.636700e+02
1.636700e+02
1.686800e+02
1.686800e+02
1.686800e+02
1.686800e+02
1.686800e+02
1.613200e+02
1.613200e+02
1.611100e+02
1.611100e+02
1.608400e+02
1.608400e+02
1.608400e+02
1.589200e+02
1.589200e+02
1.589200e+02
1.589200e+02
1.591600e+02
1.591600e+02
1.591600e+02
1.582300e+02
1.582300e+02
1.582300e+02
1.572600e+02
1.565400e+02
1.565400e+02
1.565400e+02
1.559800e+02
1.559800e+02
1.559800e+02
1.559800e+02
1.559800e+02
1.559800e+02
1.559800e+02
1.734400e+02
1.734400e+02
1.738900e+02
1.738900e+02
2.243700e+02
2.243700e+02
2.243700e+02
2.396500e+02
2.396500e+02
2.932000e+02
2.932000e+02
3.781400e+02
3.781400e+02
3.781400e+02
5.320200e+02
5.320200e+02
3.938300e+02
3.938300e+02
5.661300e+02
5.661300e+02
5.661300e+02
5.663900e+02
5.663900e+02
5.659400e+02
5.659400e+02
5.628300e+02
5.628300e+02
5.628300e+02
5.968500e+02
5.968500e+02
6.037600e+02
6.037600e+02
6.014400e+02
6.014400e+02
6.014400e+02
6.045500e+02
6.045500e+02
6.050900e+02
6.050900e+02
6.058500e+02
6.058500e+02
6.058500e+02
6.050700e+02
6.050700e+02
6.071300e+02
6.071300e+02
3.035700e+02
3.035700e+02
3.035700e+02
2.665400e+02
2.665400e+02
2.567100e+02
2.567100e+02
2.567100e+02
2.567100e+02
2.567100e+02
2.341300e+02
2.341300e+02
2.303700e+02
2.303700e+02
3.352600e+02
3.352600e+02
3.352600e+02
5.221100e+02
5.221100e+02
6.155600e+02
6.155600e+02
6.760100e+02
6.760100e+02
6.760100e+02
7.540100e+02
7.540100e+02
7.540100e+02
7.540100e+02
7.540100e+02
7.540100e+02
7.540100e+02
7.588800e+02
7.588800e+02
7.558500e+02
7.558500e+02
7.562600e+02
7.562600e+02
7.562600e+02
7.616400e+02
7.616400e+02
7.598700e+02
7.598700e+02
7.648100e+02
7.648100e+02
7.648100e+02
7.653400e+02
7.653400e+02
7.653400e+02
7.653400e+02
7.653400e+02
7.653400e+02
7.653400e+02
7.649800e+02
7.649800e+02
7.657000e+02
7.657000e+02
7.607200e+02
7.607200e+02
7.607200e+02
7.710600e+02
7.710600e+02
7.710600e+02
7.710600e+02
7.709100e+02
7.709100e+02
7.709100e+02
7.722400e+02
7.722400e+02
7.736600e+02
7.736600e+02
7.736600e+02
7.736600e+02
7.736600e+02
7.752800e+02
7.752800e+02
7.727400e+02
7.727400e+02
7.335600e+02
7.335600e+02
7.335600e+02
7.730100e+02
7.730100e+02
7.782200e+02
7.782200e+02
7.873000e+02
7.873000e+02
7.873000e+02
7.900900e+02
7.900900e+02
7.853000e+02
7.853000e+02
7.853900e+02
7.853900e+02
7.853900e+02
7.819200e+02
7.819200e+02
7.819200e+02
7.819200e+02
7.901400e+02
7.901400e+02
7.901400e+02
7.981300e+02
7.981300e+02
7.981300e+02
7.981300e+02
7.981300e+02
7.981300e+02
7.981300e+02
8.067200e+02
8.067200e+02
8.069600e+02
8.069600e+02
8.069600e+02
8.069600e+02
8.069600e+02
8.143200e+02
8.143200e+02
8.124400e+02
8.124400e+02
8.122700e+02
8.122700e+02
8.122700e+02
8.137300e+02
8.137300e+02
8.131700e+02
8.131700e+02
8.156200e+02
8.156200e+02
8.156200e+02
8.224400e+02
8.224400e+02
8.215000e+02
8.215000e+02
8.215000e+02
8.215000e+02
8.215000e+02
8.215000e+02
8.215000e+02
8.238300e+02
8.238300e+02
8.238300e+02
8.238300e+02
8.238300e+02
8.325400e+02
8.325400e+02
8.269500e+02
8.269500e+02
8.485800e+02
8.485800e+02
8.485800e+02
8.507300e+02
8.507300e+02
8.506900e+02
8.506900e+02
8.504800e+02
8.504800e+02
8.504800e+02
8.515200e+02
8.515200e+02
8.546900e+02
8.546900e+02
8.546900e+02
8.546900e+02
8.546900e+02
8.548100e+02
8.548100e+02
8.476400e+02
8.476400e+02
8.476400e+02
8.476400e+02
8.476400e+02
8.613900e+02
8.613900e+02
8.633300e+02
8.633300e+02
8.646400e+02
8.646400e+02
8.646400e+02
8.683000e+02
8.683000e+02
8.588800e+02
8.588800e+02
8.588800e+02
8.588800e+02
8.588800e+02
8.588800e+02
8.588800e+02
6.638000e+01
6.638000e+01
8.715500e+02
8.715500e+02
8.715500e+02
8.723000e+02
8.723000e+02
8.720100e+02
8.720100e+02
8.720100e+02
8.720100e+02
8.720100e+02
8.693100e+02
8.693100e+02
8.653500e+02
8.653500e+02
830
830
830
2.826200e+02
2.826200e+02
8.254800e+02
8.254800e+02
8.254800e+02
8.254800e+02
8.254800e+02
8.272300e+02
8.272300e+02
8.164300e+02
8.164300e+02
8.164300e+02
8.164300e+02
8.164300e+02
8.005600e+02
8.005600e+02
8.378000e+02
8.378000e+02
8.378000e+02
8.378000e+02
8.378000e+02
8.368700e+02
8.368700e+02
8.373600e+02
8.373600e+02
8.373600e+02
8.373600e+02
8.373600e+02
8.447500e+02
8.447500e+02
8.324700e+02
8.324700e+02
8.324700e+02
8.324700e+02
8.324700e+02
8.083500e+02
8.083500e+02
8.083500e+02
8.083500e+02
8.005500e+02
8.005500e+02
8.005500e+02
7.956900e+02
7.956900e+02
7.857100e+02
7.857100e+02
7.857100e+02
7.857100e+02
7.857100e+02
7.857100e+02
7.857100e+02
7.800700e+02
7.800700e+02
7.800700e+02
7.800700e+02
7.800700e+02
7.735400e+02
7.735400e+02
7.735400e+02
7.735400e+02
7.541600e+02
7.541600e+02
7.541600e+02
7.316600e+02
7.316600e+02
7.272500e+02
7.272500e+02
7.888600e+02
7.888600e+02
7.888600e+02
7.847400e+02
7.847400e+02
7.833400e+02
7.833400e+02
7.833400e+02
7.833400e+02
7.833400e+02
8.226900e+02
8.226900e+02
8.187100e+02
8.187100e+02
8.143600e+02
8.143600e+02
8.143600e+02
3.481700e+02
3.481700e+02
5.280500e+02
5.280500e+02
5.280500e+02
5.280500e+02
5.280500e+02
6.314200e+02
6.314200e+02
6.293900e+02
6.293900e+02
7.740200e+02
7.740200e+02
7.740200e+02
7.740200e+02
7.740200e+02
7.740200e+02
7.740200e+02
7.740200e+02
7.740200e+02
7.740200e+02
7.945600e+02
7.945600e+02
7.906700e+02
7.906700e+02
7.956400e+02
7.956400e+02
7.956400e+02
7.956400e+02
7.956400e+02
5.006600e+02
5.006600e+02
5.006600e+02
5.006600e+02
5.006600e+02
7.081300e+02
7.081300e+02
7.182900e+02
7.182900e+02
7.218200e+02
7.218200e+02
7.218200e+02
7.218200e+02
7.218200e+02
7.218200e+02
7.218200e+02
7.218200e+02
7.218200e+02
7.218200e+02
7.993600e+02
7.993600e+02
7.993600e+02
7.993600e+02
8.072900e+02
8.072900e+02
8.072900e+02
8.052400e+02
8.052400e+02
4.073200e+02
4.073200e+02
8.030500e+02
8.030500e+02
8.030500e+02
799
799
799
799
794
794
794
794
794
509
509
569
569
569
570
570
573
573
573
573
573
550
550
550
550
550
550
550
5.205000e+02
5.205000e+02
5.663300e+02
5.663300e+02
5.396500e+02
5.396500e+02
5.396500e+02
4.877500e+02
4.877500e+02
3.720800e+02
3.720800e+02
3.720800e+02
3.720800e+02
3.720800e+02
3.720800e+02
3.720800e+02
3.720800e+02
3.720800e+02
3.720800e+02
3.720800e+02
3.720800e+02
3.720800e+02
3.720800e+02
3.509300e+02
3.509300e+02
4.672900e+02
4.672900e+02
4.672900e+02
5.597800e+02
5.597800e+02
5.757600e+02
5.757600e+02
5.797500e+02
5.797500e+02
5.797500e+02
5.477000e+02
5.477000e+02
5.477000e+02
5.477000e+02
5.164900e+02
5.164900e+02
5.164900e+02
5.684700e+02
5.684700e+02
7.983200e+02
7.983200e+02
7.129800e+02
7.129800e+02
7.129800e+02
5.740200e+02
5.740200e+02
3.075200e+02
3.075200e+02
2.998000e+02
2.998000e+02
2.998000e+02
2.976900e+02
2.976900e+02
2.956100e+02
2.956100e+02
2.956100e+02
2.956100e+02
2.956100e+02
2.897800e+02
2.897800e+02
2.882700e+02
2.882700e+02
2.865200e+02
2.865200e+02
2.865200e+02
2.836300e+02
2.836300e+02
2.824800e+02
2.824800e+02
2.819300e+02
2.819300e+02
2.819300e+02
2.790500e+02
2.790500e+02
2.777000e+02
2.777000e+02
2.771100e+02
2.771100e+02
2.771100e+02
2.761000e+02
2.761000e+02
2.761000e+02
2.761000e+02
2.717300e+02
2.717300e+02
2.717300e+02
2.717300e+02
2.717300e+02
2.736400e+02
2.736400e+02
2.708300e+02
2.708300e+02
2.708300e+02
2.708300e+02
2.708300e+02
2.708300e+02
2.708300e+02
2.708300e+02
2.708300e+02
2.708300e+02
2.619300e+02
2.619300e+02
2.598200e+02
2.598200e+02
2.598200e+02
2.598200e+02
2.598200e+02
2.558900e+02
2.558900e+02
7.549600e+02
7.549600e+02
253
253
253
2.520200e+02
2.520200e+02
2.507000e+02
2.507000e+02
2.505400e+02
2.505400e+02
2.505400e+02
2.499900e+02
2.499900e+02
2.480700e+02
2.480700e+02
2.480700e+02
