0
0
0
0
0
0
0
0
0
0
0
0
0
0
0
0
0
0
0
0
0
0
0
0
0
0
0
0
0
0
0
0
0
0
0
0
0
0
0
0
0
0
0
0
0
0
0
0
0
0
0
0
0
0
0
0
0
0
0
0
0
0
0
0
0
0
0
0
0
0
0
0
0
0
0
0
0
0
0
0
0
0
0
0
0
0
0
0
0
0
0
0
0
0
0
0
0
0
0
0
0
0
0
0
0
0
0
0
0
0
0
0
0
0
0
0
0
0
0
0
0
0
0
0
0
0
0
0
0
0
0
0
0
0
0
0
0
0
0
0
0
0
0
0
0
0
0
0
0
0
0
0
0
0
0
0
0
0
0
0
0
0
0
0
0
0
0
0
0
0
0
0
0
0
0
0
0
0
0
0
0
0
0
0
0
0
0
0
0
0
0
0
0
0
0
0
0
0
0
0
0
0
0
0
0
0
0
0
0
0
0
0
0
0
0
0
0
0
0
0
0
0
0
0
0
0
0
0
0
0
0
0
0
0
0
0
0
0
0
0
0
0
0
0
0
0
0
0
0
0
0
0
0
0
0
0
0
0
0
0
0
0
0
0
0
0
0
0
0
0
0
0
0
0
0
0
0
0
0
0
0
0
0
0
0
0
0
0
0
0
0
0
0
0
0
0
0
0
0
0
0
0
0
0
0
0
0
0
0
0
0
0
0
0
0
0
0
0
0
0
0
0
0
0
0
0
0
0
0
0
0
0
0
0
0
0
0
0
0
0
0
0
0
0
0
0
0
0
0
0
0
0
0
0
0
0
0
0
0
0
0
0
0
0
0
0
0
0
0
0
0
0
0
0
0
0
0
0
0
0
0
0
0
0
0
0
0
0
0
0
0
0
0
0
0
0
0
0
0
0
0
0
0
0
0
0
0
0
0
0
0
0
0
0
0
0
0
0
0
0
0
0
0
0
0
0
0
0
0
0
0
0
0
0
0
0
0
0
0
0
0
0
0
0
0
0
0
0
0
0
0
0
0
0
0
0
0
0
0
0
0
0
0
0
0
0
0
0
0
0
0
0
0
0
0
0
0
0
0
0
0
0
0
0
0
0
0
0
0
0
0
0
0
0
0
0
0
0
0
0
0
0
0
0
0
0
0
0
0
0
0
0
0
0
0
0
0
0
0
0
0
0
0
0
0
0
0
0
0
0
0
0
0
0
0
0
0
0
0
0
0
0
0
0
0
0
0
0
0
0
0
0
0
0
0
0
0
0
0
0
0
0
0
0
0
0
0
0
0
0
0
0
0
0
0
0
0
0
0
0
0
0
0
0
0
0
0
0
0
0
0
0
0
0
0
0
0
0
0
0
0
0
0
0
0
0
0
0
0
0
0
0
0
0
0
0
0
0
0
0
0
0
0
0
0
0
0
0
0
0
0
0
0
0
0
0
0
0
0
0
0
0
0
0
0
0
0
0
0
796
818
790
851
9.171600e+02
841
841
847
825
871
868
866
872
867
867
910
910
955
947
973
953
982
993
952
947
937
942
929
955
955
968
945
950
978
980
289
994
978
1026
1014
1074
1.087490e+03
1087
1083
1083
1076
1110
1033
1091
1178
1014
1025
1018
1004
1014
1047
1049
1058
1052
1052
1051
1035
1027
1088
1082
1087
1074
1086
1131
1131
1164
1149
1091
1139
1161
1148
1147
1125
1089
907
1089
1091
1160
1077
1055
1028
1030
1032
1009
982
943
916
8.996300e+02
861
845
812
826
769
765
759
742
736
736
736
967
912
809
8.230700e+02
798
780
752
743
730
728
730
688
707
691
689
669
686
679
671
667
678
655
629
611
608
593
595
590
594
568
575
555
549
552
545
547
556
560
571
586
578
566
571
544
554
536
510
513
525
408
401
397
397
397
397
379
380
381
376
367
358
359
361
352
354
353
355
345
344
344
344
333
331
332
326
314
311
312
305
315
316
307
312
301
296
290
302
358
352
254
286
341
281
314
285
319
267
285
292
299
271
283
230
299
269
270
230
278
220
231
220
270
230
274
275
247
270
205
270
218
228
228
234
235
224
224
232
229
182
234
230
230
239
226
226
231
223
228
215
234
204
194
224
233
228
217
210
220
210
210
210
208
207
214
220
207
212
210
200
196
191
194
154
154
217
217
190
184
184
190
205
201
199
176
197
187
168
153
192
188
188
188
208
197
196
190
206
206
307
218
210
215
231
198
233
287
336
303
310
308
271
447
280
307
367
341
129
176
323
270
348
292
282
292
285
269
224
372
453
290
287
204
204
204
241
234
236
248
335
214
288
231
282
275
255
451
137
132
310
222
228
219
230
233
239
287
350
347
287
274
212
295
275
283
305
307
229
229
284
283
183
256
294
298
223
226
94
123
128
131
122
18
48
148
269
275
265
264
102
614
614
124
129
149
329
351
217
203
259
234
234
184
178
253
228
242
184
234
205
226
217
253
231
236
236
178
150
259
233
233
203
228
253
253
253
253
272
272
272
272
242
320
272
329
329
329
340
320
328
247
253
253
253
319
320
249
259
253
253
253
237
237
237
237
272
272
272
272
226
181
187
187
187
187
198
180
302
198
178
178
178
178
263
263
226
205
213
193
302
320
403
205
179
179
179
231
231
180
178
167
167
167
152
178
302
290
277
277
277
242
248
296
296
296
296
296
296
248
167
167
143
143
143
121
152
136
142
86
86
86
152
136
141
140
132
132
132
132
136
136
90
112
112
112
178
173
173
149
149
149
149
159
150
184
164
140
140
140
340
332
311
298
388
388
388
418
420
322
198
187
187
187
289
266
178
175
270
270
270
258
259
250
249
290
290
290
369
628
329
294
311
311
311
198
192
180
180
180
180
180
180
286
266
278
388
388
388
388
292
279
262
279
279
279
302
302
302
302
217
217
217
211
219
272
262
268
268
268
253
167
167
167
278
278
278
278
628
639
621
166
166
138
169
165
163
163
164
164
164
141
141
141
849
840
840
840
253
247
240
240
238
238
238
238
403
415
415
415
415
415
386
162
158
158
158
158
158
158
311
318
302
272
272
272
279
254
259
259
259
259
259
259
259
145
145
58
58
58
188
188
188
188
188
188
188
188
188
188
188
188
188
188
672
136
136
150
150
150
150
114
124
124
182
121
121
121
149
144
144
144
144
144
144
685
82
95
196
185
185
185
278
278
278
278
278
278
278
227
177
736
24
24
24
24
160
110
223
223
223
223
223
130
125
151
151
241
241
241
221
221
221
221
221
221
221
272
272
272
150
117
117
117
148
202
202
202
174
174
174
198
101
402
400
431
431
431
189
189
189
189
189
189
189
189
189
189
189
119
119
119
88
88
88
107
107
107
107
95
157
172
172
988
988
988
988
988
988
988
988
988
988
102
102
970
105
776
776
776
488
420
420
420
420
420
420
420
420
679
121
121
121
121
110
108
108
108
108
108
108
114
210
227
230
246
246
246
240
725
725
679
679
679
679
240
295
296
280
266
266
266
292
286
286
286
286
286
286
159
162
152
162
403
403
403
411
411
411
411
411
411
411
411
543
537
528
516
516
516
528
528
528
528
528
528
528
435
435
435
432
432
432
432
432
432
432
432
432
432
432
427
427
427
427
427
427
427
427
427
427
427
427
427
427
494
494
494
494
502
502
502
543
543
543
543
543
543
543
543
543
543
543
543
543
543
543
543
70
70
70
70
70
70
70
153
153
142
142
142
205
205
205
205
205
205
205
265
265
258
258
250
250
250
250
250
250
242
242
250
250
250
250
250
247
247
258
258
255
255
240
240
240
240
240
240
240
230
230
223
223
223
223
223
230
230
240
240
240
240
240
240
240
240
240
240
240
240
240
240
240
240
240
121
121
120
120
116
116
116
138
138
138
138
192
192
192
192
192
192
192
192
192
192
192
192
192
192
192
192
192
192
192
192
192
192
192
192
192
192
192
192
192
192
192
192
192
192
192
192
192
192
120
120
192
192
192
192
192
192
192
192
192
192
192
192
192
192
192
192
54
54
54
54
54
54
54
54
54
54
60
60
60
60
60
60
60
60
60
60
60
60
60
60
60
60
60
60
60
60
60
92
92
92
92
90
90
90
62
62
62
62
60
60
60
62
62
59
59
59
59
59
52
52
52
52
52
52
52
52
52
52
52
52
52
52
52
52
52
52
52
52
52
52
52
52
52
52
52
52
52
52
52
52
52
52
52
52
52
52
52
52
52
52
52
52
52
52
52
52
52
52
52
52
52
52
52
52
52
52
52
52
52
52
52
52
52
52
52
52
52
52
52
52
52
52
52
52
52
52
52
52
52
52
52
52
52
52
52
52
52
52
52
52
52
52
52
52
52
52
52
52
52
52
52
52
52
52
52
52
52
52
52
52
52
52
52
52
52
52
52
52
52
52
52
52
52
52
52
52
52
52
52
52
52
52
52
52
52
52
52
52
52
52
52
52
52
52
52
52
52
52
52
52
52
52
52
52
52
52
52
52
52
52
52
52
52
52
52
52
52
52
52
52
52
52
52
52
52
52
52
52
52
52
52
52
52
52
52
52
52
52
52
52
52
52
52
52
52
52
52
52
52
52
52
52
52
52
52
52
52
52
52
52
52
52
52
52
52
52
52
52
52
52
52
52
52
52
52
52
52
52
52
52
52
52
52
52
52
52
52
52
52
52
52
52
52
52
52
52
52
52
52
52
52
52
52
52
52
52
52
52
52
52
52
52
52
52
52
52
52
52
52
52
52
52
52
52
52
52
52
52
52
52
52
52
52
52
52
52
52
52
52
52
52
52
52
52
52
52
52
52
52
52
52
52
52
52
52
52
52
52
52
52
52
52
52
52
52
52
52
52
52
52
52
52
52
52
52
52
52
52
52
52
52
52
52
52
52
52
52
52
52
52
52
52
52
52
52
52
52
52
52
52
52
52
52
52
52
52
52
52
52
52
52
52
52
52
52
52
52
52
52
52
52
52
52
52
52
52
52
52
52
52
52
52
52
52
52
52
52
52
52
52
52
52
52
52
52
52
52
52
52
52
52
52
52
52
52
52
52
52
52
52
52
52
52
52
52
52
52
52
52
52
52
52
52
52
52
52
52
52
52
52
52
52
52
52
52
52
52
52
52
52
52
52
52
52
52
52
52
52
52
52
52
52
52
52
52
52
52
52
52
52
52
52
52
52
52
52
52
52
52
52
52
52
52
52
52
52
52
52
52
52
52
52
52
52
52
52
52
52
52
52
52
52
52
52
52
52
52
52
52
52
52
52
52
52
52
52
52
52
52
52
52
52
52
52
52
52
52
52
52
52
52
52
52
52
52
52
52
52
52
52
52
52
52
52
52
52
52
52
52
52
52
52
52
52
52
52
52
52
52
52
52
52
52
52
52
52
52
52
52
52
52
52
52
52
52
52
52
52
52
52
52
52
52
52
52
52
52
52
52
52
52
52
52
52
52
52
52
52
52
52
52
52
52
52
52
52
52
52
52
52
52
52
52
52
52
52
52
52
52
52
52
52
52
52
52
52
52
52
52
52
52
52
52
52
52
52
52
52
52
52
52
52
52
52
52
52
52
52
52
52
52
52
52
52
52
52
52
52
52
52
52
52
52
52
52
52
52
52
52
52
52
52
52
52
52
52
52
52
52
52
52
52
52
52
52
52
52
52
52
52
52
52
52
52
52
52
52
52
52
52
52
52
52
52
52
52
52
52
52
52
52
52
52
52
52
52
52
52
52
52
52
52
52
52
52
52
52
52
52
52
52
52
52
52
52
52
52
52
52
52
52
52
52
52
52
52
52
52
52
52
52
52
52
52
52
52
52
52
52
52
52
52
52
52
52
52
52
52
52
52
52
52
52
52
52
52
52
52
52
52
52
52
52
52
52
52
52
52
52
52
52
52
52
52
52
52
52
52
52
52
52
52
52
52
52
52
52
52
52
52
52
52
52
52
52
52
52
52
52
52
52
52
52
52
52
52
52
52
52
52
52
52
52
52
52
52
52
52
52
52
52
52
52
52
52
52
52
52
52
52
52
52
52
52
52
52
52
52
52
52
52
52
52
52
52
52
52
52
52
52
52
52
52
52
52
52
52
52
52
52
52
52
52
52
52
52
52
52
52
52
52
52
52
52
52
52
52
52
52
52
52
52
52
52
52
52
52
52
52
52
52
52
52
52
52
52
52
52
52
52
52
52
52
52
52
52
52
52
52
52
52
52
52
52
52
52
52
52
52
52
52
52
52
52
52
52
52
52
52
52
52
52
52
52
52
52
52
52
52
52
52
52
52
52
52
52
52
52
52
52
52
52
52
52
52
52
52
52
52
52
52
52
52
52
52
52
52
52
52
52
52
52
52
52
52
52
52
52
52
52
52
52
52
52
52
52
52
52
52
52
52
52
52
52
52
52
52
52
52
52
52
52
52
52
52
52
52
52
52
52
52
52
52
52
52
52
52
52
52
52
52
52
