0
0
0
0
0
0
0
0
0
0
0
0
0
0
0
0
0
0
0
0
0
0
0
0
0
0
0
0
0
0
0
0
0
0
0
0
0
0
0
0
0
0
0
0
0
0
0
0
0
0
0
0
0
0
0
0
0
0
0
0
0
0
0
0
0
0
0
0
0
0
0
0
0
0
0
0
0
0
0
0
0
0
0
0
0
0
0
0
0
0
0
0
0
0
0
0
0
0
0
0
0
0
0
0
0
0
0
0
0
0
0
0
0
0
0
0
0
0
0
0
0
0
0
0
0
0
0
0
0
0
0
0
0
0
0
0
0
0
0
0
0
0
0
0
0
0
0
0
0
0
0
0
0
0
0
0
0
0
0
0
0
0
0
0
0
0
0
0
0
0
0
0
0
0
0
0
0
0
0
0
0
0
0
0
0
0
0
0
0
0
0
0
0
0
0
0
0
0
0
0
0
0
0
0
0
0
0
0
0
0
0
0
0
0
0
0
0
0
0
0
0
0
0
0
0
0
0
0
0
0
0
0
0
0
0
0
0
0
0
0
0
0
0
0
0
0
0
0
0
0
0
0
0
0
0
0
0
0
0
0
0
0
0
0
0
0
0
0
0
0
0
0
0
0
0
0
0
0
0
0
0
0
0
0
0
0
0
0
0
0
0
0
0
0
0
0
0
0
0
0
0
0
0
0
0
0
0
0
0
0
0
0
0
0
0
0
0
0
0
0
0
0
0
0
0
0
0
0
0
0
0
0
0
0
0
0
0
0
0
0
0
0
0
0
0
0
0
0
0
0
0
0
0
0
0
0
0
0
0
0
0
0
0
0
0
0
0
0
0
0
0
0
0
0
0
0
0
0
0
0
0
0
0
0
0
0
0
0
0
0
0
0
0
0
0
0
0
0
0
0
0
0
0
0
0
0
0
0
0
0
0
0
0
0
0
0
0
0
0
0
0
0
0
0
0
0
0
0
0
0
0
0
0
0
0
0
0
0
0
0
0
0
0
0
0
0
0
0
0
0
0
0
0
0
0
0
0
0
0
0
0
0
0
0
0
0
0
0
0
0
0
0
0
0
0
0
0
0
0
0
0
0
0
0
0
0
0
0
0
0
0
0
0
0
0
0
0
0
0
0
0
0
0
0
0
0
0
0
0
0
0
0
0
0
0
0
0
0
0
0
0
0
0
0
0
0
0
0
0
0
0
0
0
0
0
0
0
0
0
0
0
0
0
0
0
0
0
0
0
0
0
0
0
0
0
0
0
0
0
0
0
0
0
0
0
0
0
0
0
0
0
0
0
0
0
0
0
0
0
0
0
0
0
0
0
0
0
0
0
0
0
0
0
0
0
0
0
0
0
0
0
0
0
0
0
0
0
0
0
0
0
0
0
0
0
0
0
0
0
0
0
0
0
0
0
0
0
0
0
0
0
0
0
0
0
0
2.420000e+01
1.740000e+01
1.546000e+01
1.452000e+01
0
1.285000e+01
1.303000e+01
1.329000e+01
1.359000e+01
1.385000e+01
1.417000e+01
1.434000e+01
1.552000e+01
1.484000e+01
4.482000e+01
3.907000e+01
35
35
3.454000e+01
3.279000e+01
3.049000e+01
3.045000e+01
3.126000e+01
3.015000e+01
2.930000e+01
2.947000e+01
3.154000e+01
3.253000e+01
3.511000e+01
3.629000e+01
3.780000e+01
37
3.708000e+01
3.743000e+01
3.763000e+01
3.773000e+01
3.793000e+01
3.783000e+01
3.893000e+01
3.852000e+01
3.949000e+01
4.002000e+01
40
3.791000e+01
3.460000e+01
4.186000e+01
4.510000e+01
4.588000e+01
4.629000e+01
4.702000e+01
4.836000e+01
4.918000e+01
4.745000e+01
5.391000e+01
5.683000e+01
6.104000e+01
6.399000e+01
6.560000e+01
6.986000e+01
7.332000e+01
7.386000e+01
7.547000e+01
8.247000e+01
8.542000e+01
9.045000e+01
9.646000e+01
9.975000e+01
1.141700e+02
1.248000e+02
1.257100e+02
1.241700e+02
1.357100e+02
1.406600e+02
1.464300e+02
1.491700e+02
1.505900e+02
1.612700e+02
1.637500e+02
1.662500e+02
1.737000e+02
1.779900e+02
1.936700e+02
2.054300e+02
2.181400e+02
2.214400e+02
2.288000e+02
2.321500e+02
2.491900e+02
2.491300e+02
2.556900e+02
2.637200e+02
268
2.803000e+02
2.859300e+02
2.886500e+02
3.134500e+02
2.172100e+02
3.395000e+02
3.408000e+02
3.427300e+02
3.505300e+02
3.570400e+02
3.608300e+02
3.640100e+02
3.669500e+02
3.734600e+02
3.731700e+02
3.796600e+02
3.831500e+02
3.798800e+02
3.830600e+02
3.833800e+02
3.903900e+02
3.976100e+02
3.973400e+02
0
0
3.158900e+02
3.672200e+02
4.057800e+02
4.102200e+02
4.189700e+02
4.264600e+02
4.338000e+02
4.327000e+02
4.312900e+02
4.348700e+02
4.408700e+02
4.420300e+02
4.464600e+02
4.512400e+02
4.531300e+02
4.608100e+02
4.627800e+02
4.680900e+02
4.832600e+02
4.893400e+02
5.161100e+02
5.114000e+02
5.025500e+02
5.042300e+02
5.036000e+02
4.897800e+02
4.854000e+02
4.864900e+02
4.558000e+02
4.849300e+02
4.832400e+02
4.873500e+02
4.901300e+02
4.927400e+02
4.941200e+02
4.963500e+02
5.013800e+02
5.037900e+02
5.056300e+02
5.372500e+02
5.283000e+02
5.220200e+02
5.199000e+02
5.240700e+02
5.204000e+02
5.194100e+02
5.205200e+02
5.224800e+02
5.288500e+02
5.383800e+02
5.411800e+02
5.414900e+02
5.413300e+02
5.413300e+02
5.665500e+02
5.659400e+02
5.643600e+02
5.656400e+02
5.660100e+02
5.701800e+02
5.654900e+02
5.657900e+02
5.664500e+02
5.741000e+02
5.706100e+02
5.698800e+02
568
5.674300e+02
5.677600e+02
5.677600e+02
5.677600e+02
5.656400e+02
5.689000e+02
5.707400e+02
5.701900e+02
5.690400e+02
5.718800e+02
5.724300e+02
5.751300e+02
5.732200e+02
5.852600e+02
5.811400e+02
5.819500e+02
5.872700e+02
5.861600e+02
5.873000e+02
5.912000e+02
5.917600e+02
5.923300e+02
5.949000e+02
5.949500e+02
5.976500e+02
5.972500e+02
6.009400e+02
6.029400e+02
6.032700e+02
6.047500e+02
6.073200e+02
6.133900e+02
6.197000e+02
6.188500e+02
6.200400e+02
6.269900e+02
6.311100e+02
6.280300e+02
6.266100e+02
6.269900e+02
6.254600e+02
6.322500e+02
6.297700e+02
6.296200e+02
6.319600e+02
6.312500e+02
6.262900e+02
6.271500e+02
6.325300e+02
5.326800e+02
6.368900e+02
6.358100e+02
6.396200e+02
6.387600e+02
6.390600e+02
6.474800e+02
6.401700e+02
6.326100e+02
6.434000e+02
649
6.502400e+02
6.502900e+02
6.497300e+02
6.484200e+02
6.538100e+02
6.520400e+02
6.502900e+02
6.537400e+02
654
6.592100e+02
6.544700e+02
6.069500e+02
6.018800e+02
6.011200e+02
600
6.027700e+02
6.041200e+02
6.021700e+02
6.002000e+02
6.055500e+02
6.056200e+02
6.074600e+02
6.074600e+02
6.074600e+02
6.137100e+02
6.152100e+02
6.108100e+02
6.070500e+02
6.082100e+02
6.121600e+02
6.107700e+02
6.143200e+02
6.127800e+02
6.101200e+02
6.115400e+02
6.112000e+02
6.112000e+02
6.086500e+02
6.086500e+02
6.131400e+02
6.110200e+02
6.110200e+02
6.146700e+02
6.165900e+02
6.186400e+02
6.181200e+02
6.236900e+02
6.251200e+02
6.241900e+02
6.218400e+02
6.181600e+02
6.277800e+02
6.309400e+02
6.309400e+02
6.309400e+02
6.238100e+02
6.552700e+02
6.479300e+02
6.377500e+02
6.323000e+02
6.323000e+02
6.247600e+02
6.246200e+02
6.264500e+02
6.313700e+02
6.241600e+02
6.231100e+02
6.258100e+02
6.265900e+02
6.132200e+02
6.136800e+02
6.132500e+02
6.139300e+02
6.148000e+02
6.128200e+02
6.070700e+02
6.087200e+02
6.161000e+02
6.175600e+02
6.173100e+02
6.190100e+02
6.211300e+02
6.192800e+02
6.175300e+02
6.170500e+02
618
6.247100e+02
6.214700e+02
621
6.164600e+02
6.187200e+02
6.184800e+02
6.218500e+02
6.198900e+02
6.191420e+02
6.191420e+02
6.191420e+02
6.215200e+02
6.186800e+02
6.217000e+02
6.260800e+02
628
6.277400e+02
627
623
6.248700e+02
6.260200e+02
6.251000e+02
6.242400e+02
6.259400e+02
6.238400e+02
6.202200e+02
6.181600e+02
6.173500e+02
6.161000e+02
6.168200e+02
6.225400e+02
6.256600e+02
6.218800e+02
6.277800e+02
6.256000e+02
6.250800e+02
6.253500e+02
6.249500e+02
6.289400e+02
6.262700e+02
6.145300e+02
6.078300e+02
6.039300e+02
6.021500e+02
6.046300e+02
6.154900e+02
6.192100e+02
6.154500e+02
6.210500e+02
6.217700e+02
6.233000e+02
6.238700e+02
6.212200e+02
6.244100e+02
6.241400e+02
6.247100e+02
6.356100e+02
6.381100e+02
6.403300e+02
6.425700e+02
6.449200e+02
6.419200e+02
6.415600e+02
6.427000e+02
6.467900e+02
6.460400e+02
4.482500e+02
3.340400e+02
6.449200e+02
7.581700e+02
1.132400e+02
7.055200e+02
6.919800e+02
6.893900e+02
6.871000e+02
6.846900e+02
6.928900e+02
6.961200e+02
6.980100e+02
6.963200e+02
6.918200e+02
6.966500e+02
6.985500e+02
6.980100e+02
6.928900e+02
7.000400e+02
7.002500e+02
7.040300e+02
7.056900e+02
7.082300e+02
7.109000e+02
7.169700e+02
7.131800e+02
7.097100e+02
7.160700e+02
7.260900e+02
5.497200e+02
6.023600e+02
6.214700e+02
5.452800e+02
4.026700e+02
3.365300e+02
5.346500e+02
7.477100e+02
7.477100e+02
7.477100e+02
7.637000e+02
7.527100e+02
7.468500e+02
7.249700e+02
7.383700e+02
7.383700e+02
7.383700e+02
7.338800e+02
7.323900e+02
7.285400e+02
7.285600e+02
7.289800e+02
7.289800e+02
7.289800e+02
7.219600e+02
7.208200e+02
7.172200e+02
7.188900e+02
7.168500e+02
7.168500e+02
7.168500e+02
7.198700e+02
7.198700e+02
7.198700e+02
7.231300e+02
7.209200e+02
7.209200e+02
7.209200e+02
7.209200e+02
7.142300e+02
7.124600e+02
7.122000e+02
7.147900e+02
7.147900e+02
7.147900e+02
7.198500e+02
7.200800e+02
7.190900e+02
7.181300e+02
7.175300e+02
7.186800e+02
7.238300e+02
7.217500e+02
7.244300e+02
7.230600e+02
7.308600e+02
7.345500e+02
7.358000e+02
7.466100e+02
7.360500e+02
7.341100e+02
7.289600e+02
7.357700e+02
7.403000e+02
7.449400e+02
7.402600e+02
7.380800e+02
7.380800e+02
7.330400e+02
7.345500e+02
7.375800e+02
7.375800e+02
7.375800e+02
5.760700e+02
8.011900e+02
8.152000e+02
7.921300e+02
7.844700e+02
7.844700e+02
7.844700e+02
7.922200e+02
7.920600e+02
7.780900e+02
7.780900e+02
7.707300e+02
7.707300e+02
7.707300e+02
7.685400e+02
7.686100e+02
7.674000e+02
7.689900e+02
7.750600e+02
7.750600e+02
7.750600e+02
7.932600e+02
7.923900e+02
7.779700e+02
7.697900e+02
7.699000e+02
7.699000e+02
7.699000e+02
802
7.773000e+02
777
7.758800e+02
7.806400e+02
7.806400e+02
7.806400e+02
6.410800e+02
8.837800e+02
8.779000e+02
8.490100e+02
8.321500e+02
8.321500e+02
8.321500e+02
8.135700e+02
8.085000e+02
8.085000e+02
8.057200e+02
8.092200e+02
8.092200e+02
8.092200e+02
5.756900e+02
6.991900e+02
8.125400e+02
7.384000e+02
7.820500e+02
7.820500e+02
7.820500e+02
7.909300e+02
7.832100e+02
7.814400e+02
7.817400e+02
7.786300e+02
7.786300e+02
7.786300e+02
7.704900e+02
7.670500e+02
7.655300e+02
7.740100e+02
7.713400e+02
7.713400e+02
7.713400e+02
7.608200e+02
7.482700e+02
7.443300e+02
5.751700e+02
7.571200e+02
7.571200e+02
7.571200e+02
7.463300e+02
7.432100e+02
7.392500e+02
7.385700e+02
7.361500e+02
7.361500e+02
7.361500e+02
7.368000e+02
7.341100e+02
7.417600e+02
7.444700e+02
7.409700e+02
7.409700e+02
7.409700e+02
7.315300e+02
7.272900e+02
7.275900e+02
7.256300e+02
7.256300e+02
7.256300e+02
7.256300e+02
7.256300e+02
6.914300e+02
6.926500e+02
2.940400e+02
6.926100e+02
6.926100e+02
6.926100e+02
6.926100e+02
6.966300e+02
6.944900e+02
6.948100e+02
6.935900e+02
6.935900e+02
6.935900e+02
6.874600e+02
6.874600e+02
6.874600e+02
6.874600e+02
6.870800e+02
6.870800e+02
6.870800e+02
3.914300e+02
6.908800e+02
6.882300e+02
6.860300e+02
6.858600e+02
6.858600e+02
6.858600e+02
6.847600e+02
6.838600e+02
6.838600e+02
6.838600e+02
3.954100e+02
6.618700e+02
6.618700e+02
6.618700e+02
6.552700e+02
6.522900e+02
6.552500e+02
6.515100e+02
6.515100e+02
4.135900e+02
6.538300e+02
6.573600e+02
6.546300e+02
6.553200e+02
6.578100e+02
6.578100e+02
6.578100e+02
6.677200e+02
6.677200e+02
6.677200e+02
3.837600e+02
5.805600e+02
5.805600e+02
5.805600e+02
6.428500e+02
2.438400e+02
6.472400e+02
4.763000e+02
6.239700e+02
6.239700e+02
6.239700e+02
6.239700e+02
6.617900e+02
6.600700e+02
6.600700e+02
6.600700e+02
6.600700e+02
6.600700e+02
6.597800e+02
6.575100e+02
6.556400e+02
6.556400e+02
6.556400e+02
6.556400e+02
6.556400e+02
6.478000e+02
5.686000e+02
6.424500e+02
6.471300e+02
645
645
645
6.446700e+02
6.522100e+02
6.524800e+02
6.524800e+02
6.524800e+02
6.524800e+02
6.524800e+02
3.918900e+02
5.953900e+02
6.878000e+02
6.878000e+02
6.440100e+02
6.440100e+02
6.440100e+02
6.082900e+02
6.082900e+02
6.082900e+02
6.082900e+02
6.082900e+02
6.082900e+02
6.082900e+02
6.082900e+02
6.082900e+02
3.508000e+02
3.508000e+02
3.508000e+02
3.508000e+02
3.508000e+02
6.670300e+02
6.567500e+02
6.567500e+02
6.391900e+02
6.391900e+02
6.391900e+02
6.391900e+02
6.270500e+02
6.247200e+02
6.247200e+02
6.186900e+02
5.734200e+02
5.734200e+02
5.734200e+02
6.029700e+02
6.011900e+02
6.011900e+02
6.011900e+02
6.011900e+02
6.011900e+02
6.011900e+02
3.805300e+02
5.933000e+02
6.206000e+02
6.012100e+02
5.963300e+02
5.963300e+02
5.963300e+02
6.153700e+02
6.153700e+02
6.153700e+02
6.153700e+02
6.153700e+02
6.153700e+02
6.153700e+02
5.878200e+02
5.895600e+02
5.879800e+02
5.867400e+02
5.867400e+02
5.867400e+02
5.867400e+02
5.667900e+02
5.838100e+02
5.838500e+02
4.839000e+02
4.839000e+02
4.839000e+02
4.839000e+02
5.883200e+02
5.876800e+02
5.861300e+02
5.849400e+02
5.748800e+02
5.748800e+02
5.748800e+02
6.442500e+02
6.431900e+02
7.151900e+02
7.151900e+02
7.573400e+02
7.573400e+02
7.573400e+02
7.481600e+02
7.481600e+02
7.481600e+02
5.889400e+02
6.478200e+02
6.478200e+02
6.478200e+02
6.650800e+02
6.606900e+02
6.606900e+02
6.559700e+02
6.502300e+02
6.502300e+02
6.502300e+02
6.423800e+02
6.392500e+02
6.416400e+02
508
4.669000e+02
4.669000e+02
4.669000e+02
6.701500e+02
4.826700e+02
4.169300e+02
4.169300e+02
4.079800e+02
4.079800e+02
4.079800e+02
2.965100e+02
3.936100e+02
3.911400e+02
3.898800e+02
6.142700e+02
6.142700e+02
6.142700e+02
6.607900e+02
6.607900e+02
6.607900e+02
6.160500e+02
6.180100e+02
6.180100e+02
6.180100e+02
6.086500e+02
6.122900e+02
6.413900e+02
6.497600e+02
6.497700e+02
6.497700e+02
6.497700e+02
6.412500e+02
6.412500e+02
6.412500e+02
6.412500e+02
6.412500e+02
6.412500e+02
6.412500e+02
6.423100e+02
6.423100e+02
6.251400e+02
6.263500e+02
6.205200e+02
6.205200e+02
6.205200e+02
5.984600e+02
5.961900e+02
5.924500e+02
5.897300e+02
5.962700e+02
5.962700e+02
5.962700e+02
5.900400e+02
5.910300e+02
5.920800e+02
6.020200e+02
6.052000e+02
6.052000e+02
6.052000e+02
6.011000e+02
6.038300e+02
6.037200e+02
6.083000e+02
6.081900e+02
6.081900e+02
6.081900e+02
6.108600e+02
6.052100e+02
6.022900e+02
6.009500e+02
5.999500e+02
5.999500e+02
5.999500e+02
5.962100e+02
5.980200e+02
6.014400e+02
5.930600e+02
5.979800e+02
5.979800e+02
5.979800e+02
5.982700e+02
599
5.987600e+02
5.986200e+02
5.980200e+02
5.980200e+02
5.980200e+02
5.961300e+02
6.005500e+02
6.005500e+02
6.005500e+02
5.965700e+02
5.965700e+02
5.965700e+02
6.013600e+02
5.961500e+02
3.963100e+02
5.946300e+02
5.977700e+02
5.977700e+02
5.977700e+02
5.824500e+02
5.824500e+02
5.776500e+02
5.776500e+02
5.776500e+02
5.776500e+02
5.776500e+02
6.008100e+02
5.965800e+02
5.911200e+02
5.894500e+02
5.849300e+02
5.849300e+02
5.849300e+02
5.938500e+02
5.938500e+02
5.938500e+02
5.938500e+02
5.938500e+02
5.938500e+02
5.938500e+02
5.797700e+02
5.797700e+02
5.797700e+02
5.773700e+02
5.773700e+02
5.773700e+02
5.773700e+02
5.724700e+02
5.724700e+02
5.724700e+02
5.724700e+02
5.724700e+02
5.724700e+02
5.724700e+02
4.297600e+02
4.297600e+02
4.297600e+02
6.319300e+02
6.284100e+02
6.284100e+02
6.284100e+02
3.854300e+02
3.854300e+02
3.854300e+02
3.854300e+02
3.854300e+02
3.854300e+02
3.854300e+02
6.100800e+02
6.100800e+02
6.099400e+02
6.099400e+02
5.959100e+02
5.959100e+02
5.959100e+02
5.828600e+02
5.828600e+02
5.828600e+02
5.828600e+02
5.828600e+02
5.828600e+02
5.828600e+02
5.720300e+02
5.720300e+02
569
569
569
569
569
5.186600e+02
5.186600e+02
5.377900e+02
5.377900e+02
4.649100e+02
4.649100e+02
4.649100e+02
4.649100e+02
4.649100e+02
4.979600e+02
4.979600e+02
5.121800e+02
5.121800e+02
5.121800e+02
4.278500e+02
4.278500e+02
4.173100e+02
4.173100e+02
4.113600e+02
4.113600e+02
4.113600e+02
3.956300e+02
3.956300e+02
3.906600e+02
3.906600e+02
3.895200e+02
3.895200e+02
3.895200e+02
3.895200e+02
3.895200e+02
3.895200e+02
3.846500e+02
3.846500e+02
3.840800e+02
3.840800e+02
3.882400e+02
3.882400e+02
3.882400e+02
3.782000e+02
3.782000e+02
3.739700e+02
3.739700e+02
3.669800e+02
3.669800e+02
3.936500e+02
3.936500e+02
3.936500e+02
3.936500e+02
3.936500e+02
3.936500e+02
3.936500e+02
3.721400e+02
3.721400e+02
3.652600e+02
3.652600e+02
3.652600e+02
3.628600e+02
3.628600e+02
3.569600e+02
3.569600e+02
3.553600e+02
3.553600e+02
3.553600e+02
3.553600e+02
3.553600e+02
3.553600e+02
3.553600e+02
3.553600e+02
3.553600e+02
3.553600e+02
3.553600e+02
3.553600e+02
3.386900e+02
3.386900e+02
3.386900e+02
3.386900e+02
3.386900e+02
3.316000e+02
3.316000e+02
3.224200e+02
3.224200e+02
3.199200e+02
3.199200e+02
3.199200e+02
3.176300e+02
3.176300e+02
3.124400e+02
3.124400e+02
3.093500e+02
3.093500e+02
3.093500e+02
3.081900e+02
3.081900e+02
3.044900e+02
3.044900e+02
3.067800e+02
3.067800e+02
3.067800e+02
3.021000e+02
3.021000e+02
2.972400e+02
2.972400e+02
2.972400e+02
2.972400e+02
2.972400e+02
2.972400e+02
2.972400e+02
2.833900e+02
2.833900e+02
2.833900e+02
2.833900e+02
2.833900e+02
2.791400e+02
2.791400e+02
2.767500e+02
2.767500e+02
2.758600e+02
2.758600e+02
2.758600e+02
2.734600e+02
2.734600e+02
2.734600e+02
2.734600e+02
2.967400e+02
2.967400e+02
2.967400e+02
2.716400e+02
2.716400e+02
2.448300e+02
2.448300e+02
2.157500e+02
2.157500e+02
2.157500e+02
2.115000e+02
2.115000e+02
2.115000e+02
2.115000e+02
2.115000e+02
2.115000e+02
2.115000e+02
2.115000e+02
2.115000e+02
2.115000e+02
2.115000e+02
1.970100e+02
1.970100e+02
1.970100e+02
1.883600e+02
1.883600e+02
1.682800e+02
1.682800e+02
1.638800e+02
1.638800e+02
1.638800e+02
1.650300e+02
1.650300e+02
1.528700e+02
1.528700e+02
1.526000e+02
1.526000e+02
1.526000e+02
1.526000e+02
1.526000e+02
1.676300e+02
1.676300e+02
1.581500e+02
1.581500e+02
1.581500e+02
1.592700e+02
1.592700e+02
1.953700e+02
1.953700e+02
1.531200e+02
1.531200e+02
1.531200e+02
1.801200e+02
1.801200e+02
1.716100e+02
1.716100e+02
1.668000e+02
1.668000e+02
1.668000e+02
1.779100e+02
1.779100e+02
1.779100e+02
1.779100e+02
1.744400e+02
1.744400e+02
1.744400e+02
1.688600e+02
1.688600e+02
1.689900e+02
1.689900e+02
1.689900e+02
1.689900e+02
1.689900e+02
1.499600e+02
1.499600e+02
1.492400e+02
1.492400e+02
1.492400e+02
1.492400e+02
1.492400e+02
1.397800e+02
1.397800e+02
1.354700e+02
1.354700e+02
1.343300e+02
1.343300e+02
1.343300e+02
1.395500e+02
1.395500e+02
1.395500e+02
1.395500e+02
1.395500e+02
1.395500e+02
1.395500e+02
1.362700e+02
1.362700e+02
1.362700e+02
1.362700e+02
1.362700e+02
1.362700e+02
1.362700e+02
1.348200e+02
1.348200e+02
1.354600e+02
1.354600e+02
1.354600e+02
1.354600e+02
1.354600e+02
1.354600e+02
1.354600e+02
1.338600e+02
1.338600e+02
1.338600e+02
1.338600e+02
1.338600e+02
1.291900e+02
1.291900e+02
1.291900e+02
1.291900e+02
1.291900e+02
1.291900e+02
1.291900e+02
1.323400e+02
1.323400e+02
1.323400e+02
1.323400e+02
1.323400e+02
1.323400e+02
1.323400e+02
1.315600e+02
1.315600e+02
1.310400e+02
1.310400e+02
1.310900e+02
1.310900e+02
1.310900e+02
1.325300e+02
1.325300e+02
1.325300e+02
1.325300e+02
1.325300e+02
1.325300e+02
1.325300e+02
1.325300e+02
1.310300e+02
1.310300e+02
1.310300e+02
1.314100e+02
1.314100e+02
1.314100e+02
1.375500e+02
1.375500e+02
1.375500e+02
1.375500e+02
1.375500e+02
1.375500e+02
1.375500e+02
1.379800e+02
1.379800e+02
1.389200e+02
1.389200e+02
1.571500e+02
1.571500e+02
1.571500e+02
1.580400e+02
1.580400e+02
1.580400e+02
1.580400e+02
1.580400e+02
1.580400e+02
1.580400e+02
1.466700e+02
1.466700e+02
1.466700e+02
1.466700e+02
1.457000e+02
1.457000e+02
1.457000e+02
1.357600e+02
1.357600e+02
1.357600e+02
1.357600e+02
1.357600e+02
1.357600e+02
1.357600e+02
1.357600e+02
1.357600e+02
1.357600e+02
1.372400e+02
1.372400e+02
1.372400e+02
1.372400e+02
1.400500e+02
1.400500e+02
1.400500e+02
1.400500e+02
1.400500e+02
1.400500e+02
1.400500e+02
1.400500e+02
1.400500e+02
139
139
139
139
139
139
1.383000e+02
1.383000e+02
1.383000e+02
1.383000e+02
1.383000e+02
1.383000e+02
1.383000e+02
1.383000e+02
1.383000e+02
1.383000e+02
1.383000e+02
1.383000e+02
1.383000e+02
1.379200e+02
1.379200e+02
1.373200e+02
1.373200e+02
1.373200e+02
1.373200e+02
1.373200e+02
1.327500e+02
1.327500e+02
1.327500e+02
1.327500e+02
1.327500e+02
1.327500e+02
1.327500e+02
1.337200e+02
1.337200e+02
1.337200e+02
1.337200e+02
1.337200e+02
1.337200e+02
1.337200e+02
1.347500e+02
1.347500e+02
1.362300e+02
1.362300e+02
1.354500e+02
1.354500e+02
1.354500e+02
1.344500e+02
1.344500e+02
1.329800e+02
1.329800e+02
1.350200e+02
1.350200e+02
1.350200e+02
1.328600e+02
1.328600e+02
1.309000e+02
1.309000e+02
1.305100e+02
1.305100e+02
1.305100e+02
1.313700e+02
1.313700e+02
1.313700e+02
1.313700e+02
1.313700e+02
1.313700e+02
1.313700e+02
1.316400e+02
1.316400e+02
1.316600e+02
1.316600e+02
1.306300e+02
1.306300e+02
1.306300e+02
1.306300e+02
1.306300e+02
1.306300e+02
1.306300e+02
1.725000e+02
1.725000e+02
1.725000e+02
1.319400e+02
1.319400e+02
1.361700e+02
1.361700e+02
1.361700e+02
1.361700e+02
1.361700e+02
1.361700e+02
1.361700e+02
1.361700e+02
1.361700e+02
1.361700e+02
1.361700e+02
1.361700e+02
1.361700e+02
1.361700e+02
1.359300e+02
1.359300e+02
1.359300e+02
1.359300e+02
1.359300e+02
1.359300e+02
1.359300e+02
1.359300e+02
1.359300e+02
1.359300e+02
1.359300e+02
1.359300e+02
1.359300e+02
1.359300e+02
1.359300e+02
1.359300e+02
1.359300e+02
1.359300e+02
1.359300e+02
1.359300e+02
1.359300e+02
1.363700e+02
1.363700e+02
1.363700e+02
1.363700e+02
1.363700e+02
1.363700e+02
1.363700e+02
1.363700e+02
1.363700e+02
1.363700e+02
1.363700e+02
1.363700e+02
1.363700e+02
1.357700e+02
1.357700e+02
1.357700e+02
1.357700e+02
1.357700e+02
1.357700e+02
1.357000e+02
1.357000e+02
1.358800e+02
1.358800e+02
1.358800e+02
1.358800e+02
1.358800e+02
1.352800e+02
1.352800e+02
1.352800e+02
1.352800e+02
1.352800e+02
1.352800e+02
1.352800e+02
1.398900e+02
1.398900e+02
1.374500e+02
1.374500e+02
1.356200e+02
1.356200e+02
1.356200e+02
1.356400e+02
1.356400e+02
1.356400e+02
1.356400e+02
1.356400e+02
1.356400e+02
1.356400e+02
1.343900e+02
1.343900e+02
1.331900e+02
1.331900e+02
1.327200e+02
1.327200e+02
1.327200e+02
1.332500e+02
1.332500e+02
1.332500e+02
1.332500e+02
1.332500e+02
1.332500e+02
1.332500e+02
1.306400e+02
1.306400e+02
1.310200e+02
1.310200e+02
1.326500e+02
1.326500e+02
1.326500e+02
1.331800e+02
1.331800e+02
1.331800e+02
1.331800e+02
1.331800e+02
1.331800e+02
1.331800e+02
1.331800e+02
1.331800e+02
1.331800e+02
1.331800e+02
1.331800e+02
1.331800e+02
1.331800e+02
1.295000e+02
1.295000e+02
1.285400e+02
1.285400e+02
1.285400e+02
1.285400e+02
1.285400e+02
1.291800e+02
1.291800e+02
1.284500e+02
1.284500e+02
1.297000e+02
1.297000e+02
1.297000e+02
1.283600e+02
1.283600e+02
1.283600e+02
1.283600e+02
1.283600e+02
1.283600e+02
1.283600e+02
1.266600e+02
1.266600e+02
1.266000e+02
1.266000e+02
1.263200e+02
1.263200e+02
1.263200e+02
1.257000e+02
1.257000e+02
1.257000e+02
1.257000e+02
1.257000e+02
1.257000e+02
1.257000e+02
1.286400e+02
1.286400e+02
1.277400e+02
1.277400e+02
1.278000e+02
1.278000e+02
1.278000e+02
1.278000e+02
1.278000e+02
1.278000e+02
1.278000e+02
1.278000e+02
1.278000e+02
1.278000e+02
1.278000e+02
1.278000e+02
1.248200e+02
1.248200e+02
1.246400e+02
1.246400e+02
1.246400e+02
1.255000e+02
1.255000e+02
1.244900e+02
1.244900e+02
1.244900e+02
1.244900e+02
1.244900e+02
1.241100e+02
1.241100e+02
1.222000e+02
1.222000e+02
1.232600e+02
1.232600e+02
1.232600e+02
1.205000e+01
1.205000e+01
1.205000e+01
1.205000e+01
1.218200e+02
1.218200e+02
1.218200e+02
1.225400e+02
1.225400e+02
1.232200e+02
1.232200e+02
1.237900e+02
1.237900e+02
1.237900e+02
1.236500e+02
1.236500e+02
1.236500e+02
1.236500e+02
1.236500e+02
1.236500e+02
1.236500e+02
1.236200e+02
1.236200e+02
1.236600e+02
1.236600e+02
1.231400e+02
1.231400e+02
1.231400e+02
1.228500e+02
1.228500e+02
1.225900e+02
1.225900e+02
1.218700e+02
1.218700e+02
1.218700e+02
1.216100e+02
1.216100e+02
1.216100e+02
1.216100e+02
1.211000e+02
1.211000e+02
1.211000e+02
1.203200e+02
1.203200e+02
1.203600e+02
1.203600e+02
1.203600e+02
1.203600e+02
1.203600e+02
1.204400e+02
1.204400e+02
120
120
1.206400e+02
1.206400e+02
1.206400e+02
1.141700e+02
1.141700e+02
1.273800e+02
1.273800e+02
1.241100e+02
1.241100e+02
1.241100e+02
1.250300e+02
1.250300e+02
1.250300e+02
1.240900e+02
1.238200e+02
1.238200e+02
1.238200e+02
1.237300e+02
1.237300e+02
1.237300e+02
1.237300e+02
1.237300e+02
1.237300e+02
1.237300e+02
1.222700e+02
1.222700e+02
1.225300e+02
1.225300e+02
1.211100e+02
1.211100e+02
1.211100e+02
1.204300e+02
1.204300e+02
1.217400e+02
1.217400e+02
1.208100e+02
1.208100e+02
1.208100e+02
1.217400e+02
1.217400e+02
1.229400e+02
1.229400e+02
1.216100e+02
1.216100e+02
1.216100e+02
1.196000e+02
1.196000e+02
1.193400e+02
1.193400e+02
1.192300e+02
1.192300e+02
1.192300e+02
1.202100e+02
1.202100e+02
1.407600e+02
1.407600e+02
1.432100e+02
1.432100e+02
1.432100e+02
1.356200e+02
1.356200e+02
1.341900e+02
1.341900e+02
1.316100e+02
1.316100e+02
1.316100e+02
1.300100e+02
1.300100e+02
1.296600e+02
1.296600e+02
1.284100e+02
1.284100e+02
1.284100e+02
1.282600e+02
1.282600e+02
1.271400e+02
1.271400e+02
1.271400e+02
1.271400e+02
1.271400e+02
1.278600e+02
1.278600e+02
1.276900e+02
1.276900e+02
1.304100e+02
1.304100e+02
1.304100e+02
1.304100e+02
1.264300e+02
1.264300e+02
1.226400e+02
1.229600e+02
1.229600e+02
1.229600e+02
1.151000e+02
1.151000e+02
1.124300e+02
1.124300e+02
1.124300e+02
1.124300e+02
1.124300e+02
1.098100e+02
1.098100e+02
1.076700e+02
1.076700e+02
1.118700e+02
1.118700e+02
1.118700e+02
1.084500e+02
1.084500e+02
1.060500e+02
1.060500e+02
2.273000e+01
2.273000e+01
2.273000e+01
3.501000e+01
3.501000e+01
3.501000e+01
3.501000e+01
3.501000e+01
3.501000e+01
3.501000e+01
3.724000e+01
3.724000e+01
3.713000e+01
3.713000e+01
3.713000e+01
3.713000e+01
3.713000e+01
3.602000e+01
3.602000e+01
3.602000e+01
3.602000e+01
3.580000e+01
3.580000e+01
3.580000e+01
9.395000e+01
9.395000e+01
3.517000e+01
3.517000e+01
3.517000e+01
3.517000e+01
3.517000e+01
3.363000e+01
3.363000e+01
3.351000e+01
3.351000e+01
3.524000e+01
3.524000e+01
3.524000e+01
3.353000e+01
3.353000e+01
3.382000e+01
3.382000e+01
3.442000e+01
3.442000e+01
3.442000e+01
3.338000e+01
3.338000e+01
34
34
3.369000e+01
3.369000e+01
3.369000e+01
3.447000e+01
3.447000e+01
3.447000e+01
3.447000e+01
3.273000e+01
3.273000e+01
3.273000e+01
3.346000e+01
3.346000e+01
3.346000e+01
3.346000e+01
3.346000e+01
3.346000e+01
3.346000e+01
3.156000e+01
3.156000e+01
2.982000e+01
2.982000e+01
2.982000e+01
2.982000e+01
2.982000e+01
3.105000e+01
3.105000e+01
2.997000e+01
2.997000e+01
7.761000e+01
7.761000e+01
7.761000e+01
2.939000e+01
2.939000e+01
3.145000e+01
3.145000e+01
2.974000e+01
2.974000e+01
2.974000e+01
3.151000e+01
3.151000e+01
2.918000e+01
2.918000e+01
2.918000e+01
2.918000e+01
2.918000e+01
2.918000e+01
2.918000e+01
3.228000e+01
3.228000e+01
3.228000e+01
3.228000e+01
3.228000e+01
2.320000e+01
2.320000e+01
2.602000e+01
2.602000e+01
2.478000e+01
2.478000e+01
2.478000e+01
2.284000e+01
2.284000e+01
2.163000e+01
2.163000e+01
2.163000e+01
2.163000e+01
2.163000e+01
2.287000e+01
2.287000e+01
2.515000e+01
2.515000e+01
2.515000e+01
2.515000e+01
2.515000e+01
2.510000e+01
2.510000e+01
2.405000e+01
2.405000e+01
2.405000e+01
2.405000e+01
2.405000e+01
2.588000e+01
2.588000e+01
2.443000e+01
2.443000e+01
2.323000e+01
2.323000e+01
2.323000e+01
1.732000e+01
1.732000e+01
1.690000e+01
1.690000e+01
1.690000e+01
1.690000e+01
1.690000e+01
1.690000e+01
1.690000e+01
1.637000e+01
1.637000e+01
1.619000e+01
1.619000e+01
1.619000e+01
1.654000e+01
1.654000e+01
1.679000e+01
1.679000e+01
1.679000e+01
1.679000e+01
1.679000e+01
1.642000e+01
1.642000e+01
1.668000e+01
1.668000e+01
1.680000e+01
1.680000e+01
1.680000e+01
1.640000e+01
1.640000e+01
1.625000e+01
1.625000e+01
1.625000e+01
1.625000e+01
1.625000e+01
1.655000e+01
1.655000e+01
1.650000e+01
1.650000e+01
1.650000e+01
1.650000e+01
1.650000e+01
1.936000e+01
1.936000e+01
2.757000e+01
2.757000e+01
2.757000e+01
2.757000e+01
2.757000e+01
2.304000e+01
2.304000e+01
2.350000e+01
2.350000e+01
2.350000e+01
2.350000e+01
2.350000e+01
2.344000e+01
2.344000e+01
2.350000e+01
2.350000e+01
2.350000e+01
2.350000e+01
2.350000e+01
2.455000e+01
2.455000e+01
2.455000e+01
2.455000e+01
2.449000e+01
2.449000e+01
2.449000e+01
2.470000e+01
2.470000e+01
2.470000e+01
2.470000e+01
2.470000e+01
2.470000e+01
2.470000e+01
2.470000e+01
2.470000e+01
1.629000e+01
1.629000e+01
1.629000e+01
1.629000e+01
1.629000e+01
1.825000e+01
1.825000e+01
1.825000e+01
1.825000e+01
1.825000e+01
1.825000e+01
1.825000e+01
1.821000e+01
1.821000e+01
1.633000e+01
1.633000e+01
1.974000e+01
1.974000e+01
1.974000e+01
1.562000e+01
1.562000e+01
16
16
16
16
16
2.692000e+01
2.692000e+01
2.692000e+01
2.692000e+01
2.692000e+01
2.692000e+01
2.692000e+01
2.692000e+01
2.692000e+01
2.692000e+01
2.692000e+01
2.692000e+01
2.692000e+01
2.692000e+01
2.692000e+01
2.692000e+01
2.692000e+01
2.692000e+01
2.692000e+01
2.692000e+01
2.692000e+01
2.692000e+01
2.692000e+01
2.692000e+01
2.692000e+01
2.692000e+01
2.692000e+01
2.692000e+01
2.692000e+01
2.692000e+01
2.692000e+01
2.692000e+01
2.692000e+01
2.692000e+01
2.692000e+01
2.692000e+01
2.692000e+01
2.692000e+01
2.692000e+01
2.692000e+01
2.692000e+01
2.692000e+01
2.692000e+01
2.692000e+01
2.692000e+01
2.692000e+01
2.692000e+01
2.692000e+01
2.692000e+01
2.692000e+01
2.692000e+01
2.692000e+01
2.692000e+01
2.692000e+01
2.692000e+01
2.692000e+01
2.692000e+01
2.692000e+01
2.692000e+01
2.692000e+01
2.692000e+01
2.692000e+01
2.692000e+01
2.692000e+01
2.692000e+01
2.692000e+01
2.692000e+01
2.692000e+01
2.692000e+01
2.692000e+01
2.692000e+01
2.692000e+01
2.692000e+01
2.692000e+01
2.692000e+01
2.692000e+01
2.692000e+01
2.692000e+01
2.692000e+01
2.692000e+01
2.692000e+01
2.692000e+01
2.692000e+01
2.692000e+01
2.692000e+01
2.692000e+01
2.692000e+01
2.692000e+01
2.692000e+01
2.692000e+01
2.692000e+01
2.692000e+01
2.692000e+01
2.692000e+01
2.692000e+01
2.692000e+01
2.692000e+01
2.692000e+01
2.692000e+01
2.692000e+01
2.692000e+01
2.692000e+01
2.692000e+01
2.692000e+01
2.692000e+01
2.692000e+01
2.692000e+01
2.692000e+01
2.692000e+01
2.692000e+01
2.692000e+01
2.692000e+01
3.753000e+01
3.753000e+01
3.753000e+01
3.753000e+01
3.756000e+01
3.756000e+01
3.756000e+01
3.673000e+01
3.673000e+01
3.674000e+01
3.674000e+01
3.649000e+01
3.649000e+01
3.649000e+01
3.633000e+01
3.633000e+01
3.592000e+01
3.592000e+01
3.656000e+01
3.656000e+01
3.656000e+01
3.602000e+01
3.602000e+01
3.602000e+01
3.602000e+01
3.536000e+01
3.536000e+01
3.536000e+01
3.638000e+01
3.638000e+01
3.671000e+01
3.671000e+01
3.654000e+01
3.654000e+01
3.654000e+01
3.640000e+01
3.640000e+01
3.548000e+01
3.548000e+01
3.547000e+01
3.547000e+01
3.547000e+01
3.576000e+01
3.576000e+01
3.672000e+01
3.672000e+01
3.672000e+01
3.672000e+01
3.672000e+01
3.553000e+01
3.553000e+01
3.689000e+01
3.689000e+01
3.641000e+01
3.641000e+01
3.641000e+01
3.618000e+01
3.618000e+01
3.563000e+01
3.563000e+01
3.551000e+01
3.551000e+01
3.551000e+01
3.553000e+01
3.553000e+01
3.505000e+01
3.505000e+01
3.544000e+01
3.544000e+01
3.544000e+01
3.534000e+01
3.534000e+01
3.534000e+01
3.534000e+01
3.640000e+01
3.640000e+01
3.640000e+01
3.590000e+01
3.590000e+01
3.547000e+01
3.547000e+01
3.530000e+01
3.530000e+01
3.530000e+01
3.530000e+01
3.530000e+01
3.530000e+01
3.530000e+01
3.530000e+01
3.530000e+01
3.530000e+01
3.368000e+01
3.368000e+01
3.312000e+01
3.312000e+01
3.312000e+01
3.312000e+01
3.312000e+01
3.313000e+01
3.313000e+01
3.296000e+01
3.296000e+01
32
32
32
3.259000e+01
3.259000e+01
3.248000e+01
3.248000e+01
3.169000e+01
3.169000e+01
3.169000e+01
3.181000e+01
3.181000e+01
3.117000e+01
3.117000e+01
3.117000e+01
