0
0
0
0
0
0
0
0
0
0
0
0
0
0
0
0
0
0
0
0
0
0
0
0
0
0
0
0
0
0
0
0
0
0
0
0
0
0
0
0
0
0
0
0
0
0
0
0
0
0
0
0
0
0
0
0
0
0
0
0
0
0
0
0
0
0
0
0
0
0
0
0
0
0
0
0
0
0
0
0
0
0
0
0
0
0
0
0
0
0
0
0
0
0
0
0
0
0
0
0
0
0
0
0
0
0
0
0
0
0
0
0
0
0
0
0
0
0
0
0
0
0
0
0
0
0
0
0
0
0
0
0
0
0
0
0
0
0
0
0
0
0
0
0
0
0
0
0
0
0
0
0
0
0
0
0
0
0
0
0
0
0
0
0
0
0
0
0
0
0
0
0
0
0
0
0
0
0
0
0
0
0
0
0
0
0
0
0
0
0
0
0
0
0
0
0
0
0
0
0
0
0
0
0
0
0
0
0
0
0
0
0
0
0
0
0
0
0
0
0
0
0
0
0
0
0
0
0
0
0
0
0
0
0
0
0
0
0
0
0
0
0
0
0
0
0
0
0
0
0
0
0
0
0
0
0
0
0
0
0
0
0
0
0
0
0
0
0
0
0
0
0
0
0
0
0
0
0
0
0
0
0
0
0
0
0
0
0
0
0
0
0
0
0
0
0
0
0
0
0
0
0
0
0
0
0
0
0
0
0
0
0
0
0
0
0
0
0
0
0
0
0
0
0
0
0
0
0
0
0
0
0
0
0
0
0
0
0
0
0
0
0
0
0
0
0
0
0
0
0
0
0
0
0
0
0
0
0
0
0
0
0
0
0
0
0
0
0
0
0
0
0
0
0
0
0
0
0
0
0
0
0
0
0
0
0
0
0
0
0
0
0
0
0
0
0
0
0
0
0
0
0
0
0
0
0
0
0
0
0
0
0
0
0
0
0
0
0
0
0
0
0
0
0
0
0
0
0
0
0
0
0
0
0
0
0
0
0
0
0
0
0
0
0
0
0
0
0
0
0
0
0
0
0
0
0
0
0
0
0
0
0
0
0
0
0
0
0
0
0
0
0
0
0
0
0
0
0
0
0
0
0
0
0
0
0
0
0
0
0
0
0
0
0
0
0
0
0
0
0
0
0
0
0
0
0
0
0
0
0
0
0
0
0
0
0
0
0
0
0
0
0
0
0
0
0
0
0
0
0
0
0
0
0
0
0
0
0
0
0
0
0
0
0
0
0
0
0
0
0
0
0
0
0
0
0
0
0
0
0
0
0
0
0
0
0
0
0
0
0
0
0
0
0
0
0
0
0
0
0
0
0
0
0
0
0
0
0
0
0
0
0
0
0
0
0
0
0
0
0
0
0
0
0
0
0
0
0
0
0
0
0
0
0
0
0
0
0
0
0
0
0
0
0
0
0
0
0
0
0
0
0
0
0
0
0
0
0
0
0
0
0
0
0
0
0
0
0
0
0
0
0
0
0
0
0
0
0
0
0
0
0
0
0
0
0
0
0
0
0
0
0
0
0
0
0
0
0
0
0
0
0
0
0
0
0
0
0
0
0
0
0
0
0
0
0
0
0
0
0
0
0
0
0
0
0
0
0
0
0
0
0
0
0
0
0
0
0
0
0
0
0
0
0
0
0
0
0
0
0
0
0
0
0
0
0
0
0
0
0
0
0
0
0
0
0
0
0
0
0
0
0
0
0
0
0
0
0
0
0
0
0
0
0
0
0
0
0
0
0
0
0
0
0
0
0
0
0
0
0
0
0
0
0
0
0
0
0
0
0
0
0
0
0
0
0
0
0
0
0
0
0
0
0
0
0
0
0
0
0
0
0
0
0
0
0
0
0
0
0
0
0
0
0
0
0
0
0
0
0
0
0
0
0
0
0
0
0
0
0
0
0
0
0
0
0
0
0
0
0
0
0
0
0
0
0
0
0
0
0
0
0
0
0
0
0
0
0
0
0
0
0
0
0
0
0
0
0
0
0
0
0
0
0
0
0
0
0
0
0
0
0
0
0
0
0
0
0
0
0
0
0
0
0
0
0
0
0
0
0
0
0
0
0
0
0
0
0
0
0
0
0
0
0
0
0
0
0
0
0
0
0
0
0
0
0
0
0
0
0
0
0
0
0
0
0
0
0
0
0
0
0
0
0
0
0
0
0
0
0
0
0
0
0
0
0
0
0
0
0
0
0
0
0
0
0
0
0
0
0
0
0
0
0
0
0
0
0
0
0
0
0
0
0
0
0
0
0
0
0
0
0
0
0
0
0
0
0
0
0
0
0
0
0
0
0
0
0
0
0
0
0
0
0
0
0
0
0
0
0
0
0
0
0
0
0
0
0
0
0
0
0
0
0
0
0
0
0
0
0
0
0
0
0
0
0
0
0
0
0
0
0
0
0
0
0
0
0
0
0
0
0
0
0
0
0
0
0
0
0
0
0
0
0
0
0
0
0
0
0
0
0
0
0
0
0
0
0
0
0
0
0
0
0
0
0
0
0
0
0
0
0
0
0
0
0
0
0
0
0
0
0
0
0
0
0
0
0
0
0
0
0
0
0
0
0
0
0
0
0
0
0
0
0
0
0
0
0
0
0
0
0
0
0
0
0
0
0
0
0
0
0
0
0
0
0
0
0
0
0
0
0
0
0
0
0
0
0
0
0
0
0
0
0
0
0
0
0
0
0
0
0
0
0
0
0
0
0
0
0
0
0
0
0
0
0
0
0
0
0
0
0
0
0
0
0
0
0
0
0
0
0
0
0
0
0
0
0
0
0
0
0
0
0
0
0
0
0
0
0
0
0
0
0
0
0
0
0
0
0
0
0
0
0
0
0
0
0
0
0
0
0
0
0
0
0
0
0
0
0
0
0
0
0
0
0
0
0
0
0
0
0
0
0
0
0
0
0
0
0
0
0
0
0
0
0
0
0
0
0
0
0
0
0
0
0
0
0
0
0
0
0
0
0
0
0
0
0
0
0
0
0
0
0
0
0
0
0
0
0
0
0
0
0
0
0
0
0
0
0
0
0
0
0
0
0
0
0
0
0
0
0
0
0
0
0
0
0
0
0
0
0
0
0
0
0
0
0
0
0
0
0
0
0
0
0
0
0
0
0
0
0
0
0
0
0
0
0
0
0
0
0
0
0
0
0
0
0
0
0
0
0
0
0
0
0
0
0
0
0
0
0
0
0
0
0
0
0
0
0
0
0
0
0
0
0
0
0
0
0
0
0
0
0
0
0
0
0
0
0
0
0
0
0
0
0
0
0
0
0
0
0
0
0
0
0
0
0
0
0
0
0
0
0
0
0
0
0
0
0
0
0
0
0
0
0
0
0
0
0
0
0
0
0
0
0
0
0
0
0
0
0
0
0
0
0
0
0
0
0
0
0
0
0
0
0
0
0
0
0
0
0
0
0
0
0
0
0
0
0
1.847000e+02
2.089400e+02
2.239200e+02
2.357800e+02
2.357800e+02
2.357800e+02
2.357800e+02
3.676500e+02
3.676500e+02
3.676500e+02
3.676500e+02
3.676500e+02
3.676500e+02
3.676500e+02
431
4.350400e+02
3.423200e+02
2.815600e+02
4.021400e+02
4.021400e+02
4.021400e+02
4.944000e+02
4.944000e+02
4.944000e+02
4.944000e+02
4.944000e+02
4.944000e+02
4.944000e+02
5.424800e+02
5.424800e+02
5.424800e+02
5.702300e+02
5.702300e+02
5.702300e+02
5.702300e+02
5.666500e+02
5.666500e+02
5.666500e+02
5.666500e+02
5.666500e+02
5.666500e+02
5.666500e+02
6.647000e+01
6.647000e+01
6.647000e+01
1.542300e+02
2.067700e+02
2.067700e+02
2.067700e+02
3.187400e+02
3.187400e+02
3.187400e+02
3.187400e+02
3.187400e+02
3.187400e+02
3.187400e+02
5.365800e+02
5.365800e+02
6.104300e+02
6.104300e+02
6.463100e+02
6.463100e+02
6.463100e+02
6.447800e+02
6.447800e+02
6.447800e+02
6.447800e+02
6.447800e+02
6.447800e+02
6.447800e+02
5.737000e+02
5.737000e+02
5.885000e+02
5.885000e+02
5.885000e+02
5.885000e+02
5.885000e+02
5.222400e+02
5.222400e+02
4.822900e+02
4.822900e+02
4.854000e+02
4.854000e+02
4.854000e+02
4.854000e+02
4.854000e+02
5.173000e+02
5.173000e+02
5.192100e+02
5.192100e+02
5.192100e+02
4.455500e+02
4.455500e+02
4.515800e+02
4.515800e+02
4.593800e+02
4.593800e+02
4.593800e+02
4.760700e+02
4.760700e+02
4.741800e+02
4.741800e+02
4.774000e+02
4.774000e+02
4.774000e+02
4.853500e+02
4.853500e+02
4.991200e+02
4.991200e+02
5.084000e+02
5.084000e+02
5.084000e+02
5.223000e+02
5.223000e+02
5.300100e+02
5.300100e+02
5.300100e+02
5.300100e+02
5.300100e+02
5.434300e+02
5.434300e+02
5.564200e+02
5.564200e+02
5.564200e+02
5.564200e+02
5.564200e+02
5.564200e+02
5.564200e+02
5.558200e+02
5.558200e+02
5.669000e+02
5.669000e+02
5.669000e+02
5.836500e+02
5.836500e+02
5.865300e+02
5.865300e+02
5.866300e+02
5.866300e+02
5.866300e+02
5.866300e+02
5.866300e+02
5.866300e+02
5.866300e+02
5.866300e+02
5.866300e+02
5.866300e+02
5.866300e+02
5.866300e+02
5.976300e+02
5.976300e+02
5.976300e+02
5.976300e+02
5.976300e+02
6.018100e+02
6.018100e+02
4.794000e+02
4.794000e+02
4.716600e+02
4.716600e+02
4.716600e+02
4.722000e+02
4.722000e+02
4.723100e+02
4.723100e+02
4.799000e+02
4.799000e+02
4.799000e+02
1.348800e+02
1.348800e+02
3.322700e+02
3.322700e+02
3.949100e+02
3.949100e+02
3.949100e+02
4.442800e+02
4.442800e+02
4.692600e+02
4.692600e+02
4.692600e+02
4.692600e+02
4.692600e+02
4.692600e+02
4.692600e+02
5.087500e+02
5.087500e+02
5.087500e+02
5.087500e+02
5.087500e+02
4.977500e+02
4.977500e+02
4.854300e+02
4.854300e+02
5.357700e+02
5.357700e+02
5.357700e+02
5.349900e+02
5.349900e+02
5.349900e+02
5.349900e+02
5.347700e+02
5.347700e+02
5.347700e+02
5.466100e+02
5.466100e+02
5.387200e+02
5.387200e+02
5.425200e+02
5.425200e+02
5.425200e+02
5.496100e+02
5.496100e+02
5.496100e+02
5.496100e+02
5.496100e+02
5.496100e+02
5.496100e+02
5.496100e+02
5.496100e+02
5.496100e+02
5.496100e+02
5.822200e+02
5.822200e+02
5.822200e+02
5.822200e+02
5.822200e+02
1.810100e+02
1.810100e+02
1.628500e+02
1.628500e+02
1.628500e+02
1.382100e+02
1.382100e+02
1.382100e+02
1.382100e+02
1.105700e+02
1.105700e+02
1.105700e+02
1.105700e+02
1.105700e+02
9.303000e+01
9.303000e+01
9.171000e+01
9.171000e+01
9.171000e+01
8.779000e+01
8.779000e+01
8.541000e+01
8.541000e+01
8.374000e+01
8.374000e+01
8.374000e+01
8.212000e+01
8.212000e+01
7.966000e+01
7.966000e+01
7.873000e+01
7.873000e+01
7.873000e+01
7.798000e+01
7.798000e+01
7.798000e+01
7.798000e+01
7.943000e+01
7.943000e+01
7.943000e+01
7.998000e+01
7.998000e+01
8.066000e+01
8.066000e+01
8.066000e+01
8.066000e+01
8.066000e+01
8.022000e+01
8.022000e+01
8.032000e+01
8.032000e+01
8.032000e+01
8.032000e+01
8.032000e+01
7.570000e+01
7.570000e+01
7.570000e+01
7.570000e+01
4.960000e+01
4.960000e+01
4.960000e+01
6.426000e+01
6.426000e+01
6.426000e+01
6.426000e+01
6.426000e+01
6.426000e+01
6.426000e+01
0
0
0
0
0
0
0
0
0
6.433000e+01
6.433000e+01
6.433000e+01
6.433000e+01
6.433000e+01
6.433000e+01
6.433000e+01
6.433000e+01
6.433000e+01
6.433000e+01
6.433000e+01
6.433000e+01
0
0
0
0
0
0
0
0
0
0
0
0
0
0
0
0
0
0
0
0
0
0
0
0
0
0
0
0
0
0
0
0
0
0
0
0
0
0
0
0
0
0
0
0
0
0
0
0
0
0
0
0
0
0
0
0
0
0
0
0
0
0
0
0
0
0
0
0
0
0
0
0
0
0
0
0
0
0
0
0
0
0
0
0
0
0
7.832000e+01
7.832000e+01
7.832000e+01
7.832000e+01
7.832000e+01
7.841000e+01
7.841000e+01
7.841000e+01
7.841000e+01
7.841000e+01
7.841000e+01
7.841000e+01
7.841000e+01
7.841000e+01
7.841000e+01
7.841000e+01
7.841000e+01
7.841000e+01
7.841000e+01
7.906000e+01
7.906000e+01
80
80
80
80
80
7.818000e+01
7.818000e+01
7.818000e+01
7.818000e+01
7.818000e+01
7.818000e+01
7.818000e+01
7.955000e+01
7.955000e+01
7.955000e+01
7.955000e+01
7.955000e+01
7.955000e+01
7.955000e+01
8.266000e+01
8.266000e+01
8.106000e+01
8.106000e+01
8.029000e+01
8.029000e+01
8.029000e+01
8.038000e+01
8.038000e+01
8.403000e+01
8.403000e+01
8.305000e+01
8.305000e+01
8.305000e+01
8.418000e+01
8.418000e+01
8.435000e+01
8.435000e+01
8.426000e+01
8.426000e+01
8.426000e+01
8.256000e+01
8.256000e+01
8.256000e+01
8.256000e+01
8.256000e+01
8.256000e+01
8.256000e+01
8.478000e+01
8.478000e+01
8.394000e+01
8.394000e+01
8.396000e+01
8.396000e+01
8.396000e+01
8.396000e+01
8.396000e+01
8.396000e+01
8.396000e+01
8.499000e+01
8.499000e+01
8.499000e+01
8.496000e+01
8.496000e+01
8.434000e+01
8.434000e+01
8.434000e+01
8.434000e+01
8.434000e+01
8.434000e+01
8.434000e+01
8.434000e+01
8.434000e+01
8.434000e+01
8.434000e+01
8.434000e+01
8.434000e+01
8.434000e+01
8.453000e+01
8.453000e+01
8.453000e+01
8.453000e+01
8.453000e+01
8.453000e+01
8.453000e+01
8.453000e+01
8.453000e+01
8.453000e+01
8.453000e+01
8.453000e+01
8.453000e+01
8.453000e+01
8.453000e+01
8.453000e+01
8.453000e+01
8.453000e+01
8.453000e+01
8.453000e+01
8.453000e+01
8.227000e+01
8.227000e+01
8.227000e+01
8.227000e+01
8.227000e+01
8.227000e+01
8.227000e+01
8.227000e+01
8.227000e+01
8.227000e+01
8.227000e+01
8.227000e+01
8.227000e+01
8.266000e+01
8.266000e+01
8.266000e+01
8.266000e+01
8.266000e+01
8.266000e+01
8.285000e+01
8.285000e+01
8.351000e+01
8.351000e+01
8.351000e+01
8.351000e+01
8.351000e+01
8.325000e+01
8.325000e+01
8.325000e+01
8.325000e+01
8.325000e+01
8.325000e+01
8.325000e+01
8.411000e+01
8.411000e+01
8.359000e+01
8.359000e+01
8.443000e+01
8.443000e+01
8.443000e+01
8.581000e+01
8.581000e+01
8.581000e+01
8.581000e+01
8.581000e+01
8.581000e+01
8.581000e+01
8.711000e+01
8.711000e+01
8.634000e+01
8.634000e+01
8.599000e+01
8.599000e+01
8.599000e+01
8.809000e+01
8.809000e+01
8.809000e+01
8.809000e+01
8.809000e+01
8.809000e+01
8.809000e+01
8.576000e+01
8.576000e+01
8.553000e+01
8.553000e+01
8.577000e+01
8.577000e+01
8.577000e+01
8.502000e+01
8.502000e+01
8.502000e+01
8.502000e+01
8.502000e+01
8.502000e+01
8.502000e+01
8.502000e+01
8.502000e+01
8.502000e+01
8.502000e+01
8.502000e+01
8.502000e+01
8.502000e+01
8.449000e+01
8.449000e+01
8.428000e+01
8.428000e+01
8.434000e+01
8.434000e+01
8.434000e+01
8.467000e+01
8.467000e+01
8.483000e+01
8.483000e+01
8.482000e+01
8.482000e+01
8.482000e+01
8.507000e+01
8.507000e+01
8.507000e+01
8.507000e+01
8.507000e+01
8.507000e+01
8.507000e+01
8.601000e+01
8.601000e+01
8.579000e+01
8.579000e+01
8.570000e+01
8.570000e+01
8.570000e+01
8.619000e+01
8.619000e+01
8.619000e+01
8.619000e+01
8.634000e+01
8.634000e+01
8.634000e+01
8.599000e+01
8.599000e+01
8.663000e+01
8.663000e+01
8.705000e+01
8.705000e+01
8.705000e+01
8.705000e+01
8.705000e+01
8.705000e+01
8.705000e+01
8.651000e+01
8.651000e+01
8.651000e+01
8.651000e+01
8.651000e+01
8.694000e+01
8.694000e+01
8.736000e+01
8.736000e+01
8.736000e+01
8.787000e+01
8.787000e+01
8.757000e+01
8.757000e+01
8.757000e+01
8.757000e+01
8.757000e+01
8.735000e+01
8.735000e+01
8.775000e+01
8.775000e+01
8.722000e+01
8.722000e+01
8.722000e+01
8.784000e+01
8.784000e+01
8.784000e+01
8.784000e+01
8.842000e+01
8.842000e+01
8.842000e+01
8.778000e+01
8.778000e+01
8.799000e+01
8.799000e+01
8.790000e+01
8.790000e+01
8.790000e+01
8.780000e+01
8.780000e+01
8.799000e+01
8.799000e+01
8.799000e+01
8.799000e+01
8.799000e+01
8.855000e+01
8.855000e+01
8.870000e+01
8.870000e+01
8.894000e+01
8.894000e+01
8.894000e+01
8.870000e+01
8.870000e+01
8.887000e+01
8.887000e+01
8.977000e+01
8.977000e+01
8.977000e+01
8.958000e+01
8.958000e+01
8.958000e+01
8.958000e+01
8.928000e+01
8.928000e+01
8.928000e+01
8.967000e+01
8.967000e+01
8.876000e+01
8.876000e+01
8.876000e+01
8.876000e+01
8.876000e+01
8.990000e+01
8.990000e+01
8.964000e+01
8.964000e+01
8.968000e+01
8.968000e+01
8.968000e+01
8.968000e+01
8.930000e+01
8.930000e+01
8.892000e+01
8.892000e+01
8.968000e+01
8.968000e+01
8.968000e+01
8.964000e+01
8.964000e+01
8.996000e+01
8.987000e+01
8.987000e+01
8.987000e+01
8.974000e+01
8.974000e+01
8.974000e+01
8.974000e+01
8.974000e+01
8.974000e+01
8.974000e+01
8.996000e+01
8.996000e+01
9.813000e+01
9.813000e+01
9.014000e+01
9.014000e+01
9.014000e+01
9.048000e+01
9.048000e+01
9.008000e+01
9.008000e+01
9.051000e+01
9.051000e+01
9.051000e+01
9.012000e+01
9.012000e+01
9.037000e+01
9.037000e+01
9.099000e+01
9.099000e+01
9.099000e+01
9.097000e+01
9.097000e+01
9.061000e+01
9.061000e+01
9.131000e+01
9.131000e+01
9.131000e+01
9.184000e+01
9.184000e+01
9.079000e+01
9.079000e+01
9.091000e+01
9.091000e+01
9.091000e+01
9.096000e+01
9.096000e+01
9.089000e+01
9.089000e+01
9.036000e+01
9.036000e+01
9.036000e+01
8.987000e+01
8.987000e+01
8.992000e+01
8.992000e+01
8.974000e+01
8.974000e+01
8.974000e+01
9.004000e+01
9.004000e+01
8.967000e+01
8.967000e+01
8.967000e+01
8.967000e+01
8.967000e+01
9.046000e+01
9.046000e+01
9.095000e+01
9.095000e+01
8.985000e+01
8.985000e+01
8.985000e+01
9.052000e+01
9.052000e+01
9.858000e+01
9.858000e+01
9.092000e+01
9.092000e+01
9.092000e+01
9.058000e+01
9.058000e+01
9.125000e+01
9.125000e+01
9.125000e+01
9.125000e+01
9.125000e+01
9.046000e+01
9.046000e+01
9.089000e+01
9.089000e+01
9.103000e+01
9.103000e+01
9.103000e+01
9.039000e+01
9.039000e+01
9.085000e+01
9.085000e+01
5.793000e+01
5.793000e+01
5.793000e+01
93
93
93
93
93
93
93
9.156000e+01
9.156000e+01
9.216000e+01
9.216000e+01
9.249000e+01
9.249000e+01
9.249000e+01
9.102000e+01
9.102000e+01
9.102000e+01
9.102000e+01
9.171000e+01
9.171000e+01
9.171000e+01
9.155000e+01
9.155000e+01
9.137000e+01
9.137000e+01
9.137000e+01
9.137000e+01
9.137000e+01
9.184000e+01
9.184000e+01
9.168000e+01
9.168000e+01
9.196000e+01
9.196000e+01
9.196000e+01
9.133000e+01
9.133000e+01
9.242000e+01
9.242000e+01
9.189000e+01
9.189000e+01
9.189000e+01
9.198000e+01
9.198000e+01
9.293000e+01
9.293000e+01
9.244000e+01
9.244000e+01
9.244000e+01
9.319000e+01
9.319000e+01
9.319000e+01
9.319000e+01
9.252000e+01
9.252000e+01
9.252000e+01
9.172000e+01
9.172000e+01
9.172000e+01
9.172000e+01
9.172000e+01
9.172000e+01
9.172000e+01
9.173000e+01
9.173000e+01
9.159000e+01
9.159000e+01
9.159000e+01
9.159000e+01
9.159000e+01
9.134000e+01
9.134000e+01
9.167000e+01
9.167000e+01
9.102000e+01
9.102000e+01
9.102000e+01
9.097000e+01
9.097000e+01
9.103000e+01
9.103000e+01
9.084000e+01
9.084000e+01
9.084000e+01
9.064000e+01
9.064000e+01
9.134000e+01
9.134000e+01
9.134000e+01
9.134000e+01
9.134000e+01
9.134000e+01
9.134000e+01
9.146000e+01
9.146000e+01
9.146000e+01
9.146000e+01
9.146000e+01
9.047000e+01
9.047000e+01
9.116000e+01
9.116000e+01
9.109000e+01
9.109000e+01
9.109000e+01
9.111000e+01
9.111000e+01
9.142000e+01
9.142000e+01
9.142000e+01
9.142000e+01
9.142000e+01
9.119000e+01
9.119000e+01
9.131000e+01
9.131000e+01
9.131000e+01
9.131000e+01
9.131000e+01
9.129000e+01
9.129000e+01
9.216000e+01
9.216000e+01
9.216000e+01
9.216000e+01
9.216000e+01
9.150000e+01
9.150000e+01
9.148000e+01
9.148000e+01
9.137000e+01
9.137000e+01
9.137000e+01
9.151000e+01
9.151000e+01
9.303000e+01
9.303000e+01
9.303000e+01
9.303000e+01
9.303000e+01
9.303000e+01
9.303000e+01
9.216000e+01
9.216000e+01
9.219000e+01
9.219000e+01
9.219000e+01
9.211000e+01
9.211000e+01
9.223000e+01
9.223000e+01
9.223000e+01
9.223000e+01
9.223000e+01
9.244000e+01
9.244000e+01
9.286000e+01
9.286000e+01
9.274000e+01
9.274000e+01
9.274000e+01
9.217000e+01
9.217000e+01
93
93
93
93
93
9.301000e+01
9.301000e+01
9.309000e+01
9.309000e+01
9.309000e+01
9.309000e+01
9.309000e+01
9.353000e+01
9.353000e+01
9.383000e+01
9.383000e+01
9.383000e+01
9.383000e+01
9.383000e+01
9.396000e+01
9.396000e+01
9.384000e+01
9.384000e+01
9.384000e+01
9.384000e+01
9.384000e+01
9.380000e+01
9.380000e+01
9.410000e+01
9.410000e+01
9.410000e+01
9.410000e+01
9.410000e+01
9.417000e+01
9.417000e+01
9.417000e+01
9.417000e+01
95
95
95
9.513000e+01
9.513000e+01
9.513000e+01
9.513000e+01
9.513000e+01
9.513000e+01
9.513000e+01
9.513000e+01
9.513000e+01
9.789000e+01
9.789000e+01
9.789000e+01
9.789000e+01
9.789000e+01
9.789000e+01
9.789000e+01
9.789000e+01
9.789000e+01
9.789000e+01
9.789000e+01
9.789000e+01
9.841000e+01
9.841000e+01
9.891000e+01
9.891000e+01
9.569000e+01
9.569000e+01
9.569000e+01
9.852000e+01
9.852000e+01
9.840000e+01
9.840000e+01
9.840000e+01
9.840000e+01
9.840000e+01
9.619000e+01
9.619000e+01
9.857000e+01
9.857000e+01
9.876000e+01
9.876000e+01
9.876000e+01
9.835000e+01
9.835000e+01
9.830000e+01
9.830000e+01
9.830000e+01
9.830000e+01
9.830000e+01
9.896000e+01
9.896000e+01
9.728000e+01
9.728000e+01
9.850000e+01
9.850000e+01
9.850000e+01
9.850000e+01
9.850000e+01
9.850000e+01
9.850000e+01
9.850000e+01
9.850000e+01
9.850000e+01
9.855000e+01
9.855000e+01
9.905000e+01
9.905000e+01
9.848000e+01
9.848000e+01
9.848000e+01
9.848000e+01
9.848000e+01
9.825000e+01
9.825000e+01
9.825000e+01
9.825000e+01
9.825000e+01
9.825000e+01
9.825000e+01
9.825000e+01
9.825000e+01
9.825000e+01
9.825000e+01
9.825000e+01
9.825000e+01
9.825000e+01
9.825000e+01
9.825000e+01
9.825000e+01
9.825000e+01
9.825000e+01
9.825000e+01
9.825000e+01
9.825000e+01
9.825000e+01
9.776000e+01
9.776000e+01
9.776000e+01
9.970000e+01
9.970000e+01
9.970000e+01
9.970000e+01
9.970000e+01
9.970000e+01
9.970000e+01
9.970000e+01
9.970000e+01
9.970000e+01
9.970000e+01
9.970000e+01
9.970000e+01
9.970000e+01
9.970000e+01
9.970000e+01
9.970000e+01
9.970000e+01
9.970000e+01
9.970000e+01
9.970000e+01
9.970000e+01
9.970000e+01
9.970000e+01
9.970000e+01
9.970000e+01
9.970000e+01
9.970000e+01
9.970000e+01
9.970000e+01
9.970000e+01
9.970000e+01
9.970000e+01
9.970000e+01
9.970000e+01
1.086800e+02
1.086800e+02
9.999000e+01
9.999000e+01
9.944000e+01
9.944000e+01
9.944000e+01
9.774000e+01
9.774000e+01
9.736000e+01
9.736000e+01
9.731000e+01
9.731000e+01
9.731000e+01
9.817000e+01
9.817000e+01
9.817000e+01
9.817000e+01
9.775000e+01
9.775000e+01
9.775000e+01
9.775000e+01
9.775000e+01
9.779000e+01
9.779000e+01
9.864000e+01
9.864000e+01
9.864000e+01
9.848000e+01
9.848000e+01
9.811000e+01
9.811000e+01
9.770000e+01
9.770000e+01
9.770000e+01
9.772000e+01
9.772000e+01
9.772000e+01
9.772000e+01
9.803000e+01
9.803000e+01
9.803000e+01
9.789000e+01
9.789000e+01
9.804000e+01
9.804000e+01
9.789000e+01
9.789000e+01
9.789000e+01
9.776000e+01
9.776000e+01
98
98
9.810000e+01
9.810000e+01
9.810000e+01
9.936000e+01
9.936000e+01
9.904000e+01
9.904000e+01
9.904000e+01
9.904000e+01
9.904000e+01
1.002200e+02
1.002200e+02
9.895000e+01
9.895000e+01
9.903000e+01
9.903000e+01
9.903000e+01
9.961000e+01
9.961000e+01
1.008100e+02
1.008100e+02
1.000100e+02
1.000100e+02
1.000100e+02
1.006000e+02
1.006000e+02
1.012500e+02
1.012500e+02
9.930000e+01
9.930000e+01
9.930000e+01
9.993000e+01
9.993000e+01
9.993000e+01
9.993000e+01
1.000400e+02
1.000400e+02
1.000400e+02
9.952000e+01
9.952000e+01
9.995000e+01
9.995000e+01
1.000900e+02
1.000900e+02
1.000900e+02
1.000900e+02
1.000900e+02
1.000900e+02
1.000900e+02
1.000900e+02
1.000900e+02
1.000900e+02
1.001400e+02
1.001400e+02
9.991000e+01
9.991000e+01
9.991000e+01
9.991000e+01
9.991000e+01
1.001700e+02
1.001700e+02
1.009600e+02
1.009600e+02
1.006800e+02
1.006800e+02
1.006800e+02
1.015500e+02
1.015500e+02
1.005600e+02
1.005600e+02
1.003300e+02
1.003300e+02
1.003300e+02
1.005800e+02
1.005800e+02
1.007200e+02
1.007200e+02
1.007200e+02
