0
0
0
0
0
0
0
0
0
0
0
0
0
0
0
0
0
0
0
0
0
0
0
0
0
0
0
0
0
0
0
0
0
0
0
0
0
0
0
0
0
0
0
0
0
0
0
0
0
0
0
0
0
0
0
0
0
0
0
0
0
0
0
0
0
0
0
0
0
0
0
0
0
0
0
0
0
0
0
0
0
0
0
0
0
0
0
0
0
0
0
0
0
0
0
0
0
0
0
0
0
0
0
0
0
0
0
0
0
0
0
0
0
0
0
0
0
0
0
0
0
0
0
0
0
0
0
0
0
0
0
0
0
0
0
0
0
0
0
0
0
0
0
0
0
0
0
0
0
0
0
0
0
0
0
0
0
0
0
0
0
0
0
0
0
0
0
0
0
0
0
0
0
0
0
0
0
0
0
0
0
0
0
0
0
0
0
0
0
0
0
0
0
0
0
0
0
0
0
0
0
0
0
0
0
0
0
0
0
0
0
0
0
0
0
0
0
0
0
0
0
0
0
0
0
0
0
0
0
0
0
0
0
0
0
0
0
0
0
0
0
0
0
0
0
0
0
0
0
0
0
0
0
0
0
0
0
0
0
0
0
0
0
0
0
0
0
0
0
0
0
0
0
0
0
0
0
0
0
0
0
0
0
0
0
0
0
0
0
0
0
0
0
0
0
0
0
0
0
0
0
0
0
0
0
0
0
0
0
0
0
0
0
0
0
0
0
0
0
0
0
0
0
0
0
0
0
0
0
0
0
0
0
0
0
0
0
0
0
0
0
0
0
0
0
0
0
0
0
0
0
0
0
0
0
0
0
0
0
0
0
0
0
0
0
0
0
0
0
0
0
0
0
0
0
0
0
0
0
0
0
0
0
0
0
0
0
0
0
0
0
0
0
0
0
0
0
0
0
0
0
0
0
0
0
0
0
0
0
0
0
0
0
0
0
0
0
0
0
0
0
0
0
0
0
0
0
0
0
0
0
0
0
0
0
0
0
0
0
0
0
0
0
0
0
0
0
0
0
0
0
0
0
0
0
0
0
0
0
0
0
0
0
0
0
0
0
0
0
0
0
0
0
0
0
0
0
0
0
0
0
0
0
0
0
0
0
0
0
0
0
0
0
0
0
0
0
0
0
0
0
0
0
0
0
0
0
0
0
0
0
0
0
0
0
0
0
0
0
0
0
0
0
0
0
0
0
0
0
0
0
0
0
0
0
0
0
0
0
0
0
0
0
0
0
0
0
0
0
0
0
0
0
0
0
0
0
0
0
0
0
0
0
0
0
0
0
0
0
0
0
0
0
0
0
0
0
0
0
0
0
0
0
0
0
0
0
0
0
0
0
0
0
0
0
0
0
0
0
0
0
0
0
0
0
0
0
0
0
0
0
0
0
0
0
0
0
0
0
0
0
0
0
0
0
0
0
0
0
0
0
0
0
0
0
0
0
0
0
0
0
0
0
0
0
0
0
0
0
0
0
0
0
0
0
0
0
0
0
0
0
0
0
0
0
0
0
0
0
0
0
0
0
0
0
0
0
0
0
0
0
0
0
0
0
0
0
0
0
0
0
0
0
0
0
0
0
0
0
0
0
0
0
0
0
0
0
0
0
0
0
0
0
0
0
0
0
0
0
0
0
0
0
0
0
0
0
0
0
0
0
0
0
0
0
0
0
0
0
0
0
0
0
0
0
0
0
0
0
0
0
0
0
0
0
0
0
0
0
0
0
0
0
0
0
0
0
0
0
0
0
0
0
0
0
0
0
0
0
0
0
0
0
0
0
0
0
0
0
0
0
0
0
0
0
0
0
0
0
0
0
0
0
0
0
0
0
0
0
0
0
0
0
0
0
0
0
0
0
0
0
0
0
0
0
0
0
0
0
0
0
0
0
0
0
0
0
0
0
0
0
0
0
0
0
0
0
0
0
0
0
0
0
0
0
0
0
0
0
0
0
0
0
0
0
0
0
0
0
0
0
0
0
0
0
0
0
0
0
0
0
0
0
0
0
0
0
0
0
0
0
0
0
0
0
0
0
0
0
0
0
0
0
0
0
0
0
0
0
0
0
0
0
0
0
0
0
0
0
0
0
0
0
0
0
0
0
0
0
0
0
0
0
0
0
0
0
0
0
0
0
0
0
0
0
0
0
0
0
0
0
0
0
0
0
0
0
0
0
0
0
0
0
0
0
0
0
0
0
0
0
0
0
0
0
0
0
0
0
0
0
0
0
0
0
0
0
0
0
0
0
0
0
0
0
0
0
0
0
0
0
0
0
0
0
0
0
0
0
0
0
0
0
0
0
0
0
0
0
0
0
0
0
0
0
0
0
0
0
0
0
0
0
0
0
0
0
0
0
0
0
0
0
0
0
0
0
0
0
0
0
0
0
0
0
0
0
0
0
0
0
0
0
0
0
0
0
0
0
0
0
0
0
0
0
0
0
0
0
0
0
0
0
0
0
0
0
0
0
0
0
0
0
0
0
0
0
0
0
0
0
0
0
0
0
0
0
0
0
0
0
0
0
0
0
0
0
0
0
0
0
0
0
0
0
0
0
0
0
0
0
0
0
0
0
0
0
0
0
0
0
0
0
0
0
0
0
0
0
0
0
0
0
0
0
0
0
0
0
0
0
0
0
0
0
0
0
0
0
0
0
0
0
0
0
0
0
0
0
0
0
0
0
0
0
0
0
0
0
0
0
0
0
0
0
0
0
0
0
0
0
0
0
0
0
0
0
0
0
0
0
0
0
0
0
0
0
0
0
0
0
0
0
0
0
0
0
0
0
0
0
0
0
0
0
0
0
0
0
0
0
0
0
0
0
0
0
0
0
0
0
0
0
0
0
0
0
0
0
0
0
0
0
0
0
0
0
0
0
0
0
0
0
0
0
0
0
0
0
0
0
0
0
0
0
0
0
0
0
0
0
0
0
0
0
0
0
0
0
0
0
0
0
0
0
0
0
0
0
0
0
0
0
0
0
0
0
0
0
0
0
0
0
0
0
0
0
0
0
0
0
0
0
0
0
0
0
0
0
0
0
0
0
0
0
0
0
0
0
0
0
0
0
0
0
0
0
0
0
0
0
0
0
0
0
0
0
0
0
0
0
0
0
0
0
0
0
0
0
0
0
0
0
0
0
0
0
0
0
0
0
0
0
0
0
0
0
0
0
0
0
0
0
0
0
0
0
0
0
0
0
0
0
0
0
0
0
0
0
0
0
0
0
0
0
0
0
0
0
0
0
0
0
0
0
0
0
0
0
0
0
0
0
0
0
0
0
0
0
0
0
0
0
0
0
0
0
0
0
0
0
0
0
0
0
0
0
0
0
0
0
0
3.000000e-02
3.000000e-02
6.520000e+00
2.058000e+01
2.058000e+01
2.058000e+01
3.966000e+01
3.963000e+01
4.213000e+01
4.107000e+01
4.020000e+01
4.020000e+01
4.020000e+01
3.829000e+01
3.839000e+01
3.717000e+01
3.860000e+01
3.819000e+01
3.819000e+01
3.819000e+01
3.916000e+01
3.962000e+01
3.892000e+01
3.871000e+01
3.859000e+01
3.859000e+01
3.859000e+01
4.001000e+01
4.171000e+01
1.124000e+01
1.609000e+01
4.575000e+01
4.575000e+01
4.575000e+01
4.964000e+01
5.179000e+01
5.426000e+01
5.465000e+01
5.385000e+01
5.388000e+01
5.388000e+01
5.347000e+01
5.345000e+01
5.345000e+01
5.345000e+01
5.297000e+01
5.297000e+01
5.297000e+01
5.267000e+01
5.189000e+01
5.280000e+01
5.249000e+01
5.255000e+01
5.255000e+01
5.255000e+01
5.160000e+01
5.160000e+01
5.306000e+01
5.306000e+01
5.306000e+01
5.306000e+01
5.306000e+01
5.093000e+01
5.098000e+01
5.174000e+01
5.265000e+01
5.369000e+01
5.369000e+01
5.369000e+01
5.084000e+01
5.084000e+01
5.084000e+01
5.084000e+01
5.084000e+01
5.084000e+01
5.084000e+01
3.731000e+01
3.731000e+01
3.731000e+01
9.140000e+01
9.140000e+01
9.140000e+01
9.140000e+01
1.232800e+02
1.232800e+02
1.232800e+02
1.232800e+02
1.232800e+02
1.232800e+02
1.232800e+02
1.122200e+02
1.122200e+02
1.122200e+02
8.253000e+01
8.606000e+01
8.606000e+01
8.606000e+01
7.368000e+01
7.368000e+01
7.368000e+01
7.368000e+01
7.368000e+01
7.368000e+01
7.368000e+01
6.549000e+01
6.549000e+01
7.138000e+01
7.138000e+01
8.245000e+01
8.245000e+01
8.245000e+01
7.773000e+01
7.773000e+01
7.773000e+01
7.773000e+01
7.773000e+01
7.773000e+01
7.773000e+01
7.340000e+01
7.340000e+01
6.881000e+01
6.881000e+01
6.881000e+01
6.881000e+01
6.881000e+01
1.433400e+02
1.433400e+02
1.953000e+01
1.953000e+01
6.122000e+01
6.122000e+01
6.122000e+01
6.122000e+01
6.122000e+01
8.078000e+01
8.078000e+01
8.633000e+01
8.633000e+01
8.633000e+01
8.141000e+01
8.141000e+01
7.444000e+01
7.444000e+01
7.041000e+01
7.041000e+01
7.041000e+01
6.472000e+01
6.472000e+01
6.553000e+01
6.553000e+01
6.827000e+01
6.827000e+01
6.827000e+01
6.993000e+01
6.993000e+01
6.705000e+01
6.705000e+01
6.992000e+01
6.992000e+01
6.992000e+01
7.421000e+01
7.421000e+01
7.586000e+01
7.586000e+01
7.586000e+01
7.586000e+01
7.586000e+01
7.582000e+01
7.582000e+01
7.310000e+01
7.310000e+01
7.310000e+01
7.310000e+01
7.310000e+01
7.310000e+01
7.310000e+01
8.114000e+01
8.114000e+01
8.313000e+01
8.313000e+01
8.313000e+01
8.857000e+01
8.857000e+01
8.807000e+01
8.807000e+01
8.280000e+01
8.280000e+01
8.280000e+01
8.280000e+01
8.280000e+01
8.280000e+01
8.280000e+01
8.280000e+01
8.280000e+01
8.280000e+01
8.280000e+01
8.280000e+01
8.916000e+01
8.916000e+01
8.916000e+01
8.916000e+01
8.916000e+01
8.822000e+01
8.822000e+01
8.475000e+01
8.475000e+01
8.515000e+01
8.515000e+01
8.515000e+01
8.365000e+01
8.365000e+01
8.685000e+01
8.685000e+01
9.403000e+01
9.403000e+01
9.403000e+01
8.705000e+01
8.705000e+01
8.495000e+01
8.495000e+01
8.460000e+01
8.460000e+01
8.460000e+01
8.521000e+01
8.521000e+01
8.541000e+01
8.541000e+01
8.541000e+01
8.541000e+01
8.541000e+01
8.541000e+01
8.541000e+01
8.886000e+01
8.886000e+01
8.886000e+01
8.886000e+01
8.886000e+01
8.797000e+01
8.797000e+01
8.974000e+01
8.974000e+01
9.420000e+01
9.420000e+01
9.420000e+01
9.615000e+01
9.615000e+01
9.615000e+01
9.615000e+01
1.030500e+02
1.030500e+02
1.030500e+02
8.601000e+01
8.601000e+01
8.371000e+01
8.371000e+01
7.530000e+01
7.530000e+01
7.530000e+01
7.740000e+01
7.740000e+01
7.740000e+01
7.740000e+01
7.740000e+01
7.740000e+01
7.740000e+01
7.740000e+01
7.740000e+01
7.740000e+01
7.740000e+01
7.859000e+01
7.859000e+01
7.859000e+01
7.996000e+01
7.996000e+01
7.217000e+01
7.217000e+01
56
56
56
2.167000e+01
2.167000e+01
2.167000e+01
2.167000e+01
1.222000e+01
1.222000e+01
1.222000e+01
1.222000e+01
1.222000e+01
1.103000e+01
1.103000e+01
1.161000e+01
1.161000e+01
1.161000e+01
1.156000e+01
1.156000e+01
1.164000e+01
1.164000e+01
2.150500e+02
2.150500e+02
2.150500e+02
1.166000e+01
1.166000e+01
1.167000e+01
1.167000e+01
1.176000e+01
1.176000e+01
1.176000e+01
1.174000e+01
1.174000e+01
1.174000e+01
1.174000e+01
1.189000e+01
1.189000e+01
1.189000e+01
1.206000e+01
1.206000e+01
1.209000e+01
1.209000e+01
1.209000e+01
1.209000e+01
1.209000e+01
1.209000e+01
1.209000e+01
1.218000e+01
1.218000e+01
1.218000e+01
1.218000e+01
1.218000e+01
1.107000e+01
1.107000e+01
1.193000e+01
1.193000e+01
0
0
0
0
0
0
0
0
0
0
0
0
0
0
0
0
0
0
0
8.160000e+00
8.160000e+00
8.160000e+00
8.160000e+00
8.160000e+00
8.160000e+00
8.160000e+00
1.112000e+01
1.112000e+01
1.112000e+01
1.112000e+01
1.112000e+01
1.232000e+01
1.232000e+01
1.232000e+01
1.232000e+01
1.232000e+01
1.232000e+01
1.232000e+01
1.268000e+01
1.268000e+01
1.268000e+01
1.268000e+01
1.268000e+01
1.268000e+01
1.268000e+01
1.272000e+01
1.272000e+01
13
13
1.296000e+01
1.296000e+01
1.296000e+01
1.301000e+01
1.301000e+01
1.301000e+01
1.301000e+01
1.301000e+01
1.301000e+01
1.301000e+01
1.301000e+01
1.273000e+01
1.273000e+01
1.273000e+01
1.289000e+01
1.289000e+01
1.289000e+01
1.289000e+01
1.289000e+01
1.246000e+01
1.246000e+01
1.246000e+01
1.246000e+01
1.246000e+01
1.253000e+01
1.253000e+01
1.277000e+01
1.277000e+01
1.268000e+01
1.277000e+01
1.277000e+01
1.291000e+01
1.291000e+01
1.291000e+01
1.291000e+01
1.291000e+01
1.291000e+01
1.291000e+01
1.246000e+01
1.246000e+01
1.246000e+01
1.246000e+01
1.282000e+01
1.282000e+01
1.282000e+01
1.260000e+01
1.260000e+01
1.260000e+01
1.260000e+01
1.260000e+01
1.260000e+01
1.260000e+01
1.260000e+01
1.260000e+01
1.260000e+01
1.270000e+01
1.270000e+01
1.270000e+01
1.270000e+01
1.270000e+01
1.270000e+01
1.270000e+01
1.270000e+01
1.270000e+01
1.270000e+01
1.270000e+01
1.270000e+01
1.270000e+01
1.222000e+01
1.222000e+01
1.222000e+01
1.222000e+01
1.222000e+01
1.222000e+01
1.222000e+01
1.222000e+01
1.222000e+01
1.222000e+01
1.222000e+01
1.222000e+01
1.222000e+01
1.222000e+01
1.222000e+01
1.222000e+01
1.222000e+01
1.222000e+01
1.222000e+01
1.334000e+01
1.334000e+01
1.366000e+01
1.366000e+01
1.366000e+01
1.366000e+01
1.366000e+01
1.351000e+01
1.351000e+01
1.351000e+01
1.351000e+01
1.351000e+01
1.351000e+01
1.351000e+01
1.371000e+01
1.371000e+01
1.371000e+01
1.371000e+01
1.371000e+01
1.371000e+01
1.371000e+01
1.417000e+01
1.417000e+01
1.380000e+01
1.380000e+01
1.373000e+01
1.373000e+01
1.373000e+01
1.381000e+01
1.381000e+01
1.435000e+01
1.435000e+01
1.421000e+01
1.421000e+01
1.421000e+01
1.425000e+01
1.425000e+01
1.454000e+01
1.454000e+01
1.450000e+01
1.450000e+01
1.450000e+01
1.424000e+01
1.424000e+01
1.424000e+01
1.424000e+01
1.424000e+01
1.424000e+01
1.424000e+01
1.478000e+01
1.478000e+01
1.466000e+01
1.466000e+01
1.462000e+01
1.462000e+01
1.462000e+01
1.462000e+01
1.462000e+01
1.462000e+01
1.462000e+01
1.496000e+01
1.496000e+01
1.496000e+01
1.491000e+01
1.491000e+01
1.464000e+01
1.464000e+01
1.464000e+01
1.464000e+01
1.464000e+01
1.464000e+01
1.464000e+01
1.464000e+01
1.464000e+01
1.464000e+01
1.464000e+01
1.464000e+01
1.464000e+01
1.464000e+01
1.511000e+01
1.511000e+01
1.511000e+01
1.511000e+01
1.511000e+01
1.511000e+01
1.511000e+01
1.511000e+01
1.511000e+01
1.511000e+01
1.511000e+01
1.511000e+01
1.511000e+01
1.511000e+01
1.511000e+01
1.511000e+01
1.511000e+01
1.511000e+01
1.511000e+01
1.511000e+01
1.511000e+01
1.491000e+01
1.491000e+01
1.491000e+01
1.491000e+01
1.491000e+01
1.491000e+01
1.491000e+01
1.491000e+01
1.491000e+01
1.491000e+01
1.491000e+01
1.491000e+01
1.491000e+01
1.504000e+01
1.504000e+01
1.504000e+01
1.504000e+01
1.504000e+01
1.504000e+01
1.520000e+01
1.520000e+01
1.533000e+01
1.533000e+01
1.533000e+01
1.533000e+01
1.533000e+01
1.527000e+01
1.527000e+01
1.527000e+01
1.527000e+01
1.527000e+01
1.527000e+01
1.527000e+01
1.506000e+01
1.506000e+01
1.515000e+01
1.515000e+01
1.522000e+01
1.522000e+01
1.522000e+01
1.549000e+01
1.549000e+01
1.549000e+01
1.549000e+01
1.549000e+01
1.549000e+01
1.549000e+01
1.603000e+01
1.603000e+01
1.581000e+01
1.581000e+01
1.553000e+01
1.553000e+01
1.553000e+01
1.531000e+01
1.531000e+01
1.531000e+01
1.531000e+01
1.531000e+01
1.531000e+01
1.531000e+01
1.527000e+01
1.527000e+01
1.470000e+01
1.470000e+01
1.495000e+01
1.495000e+01
1.495000e+01
1.529000e+01
1.529000e+01
1.529000e+01
1.529000e+01
1.529000e+01
1.529000e+01
1.529000e+01
1.529000e+01
1.529000e+01
1.529000e+01
1.529000e+01
1.529000e+01
1.529000e+01
1.529000e+01
1.515000e+01
1.515000e+01
1.524000e+01
1.524000e+01
1.532000e+01
1.532000e+01
1.532000e+01
1.532000e+01
1.532000e+01
1.530000e+01
1.530000e+01
1.517000e+01
1.517000e+01
1.517000e+01
1.520000e+01
1.520000e+01
1.520000e+01
1.520000e+01
1.520000e+01
1.520000e+01
1.520000e+01
1.570000e+01
1.570000e+01
1.542000e+01
1.542000e+01
1.534000e+01
1.534000e+01
1.534000e+01
1.548000e+01
1.548000e+01
1.548000e+01
1.548000e+01
1.537000e+01
1.537000e+01
1.537000e+01
1.535000e+01
1.535000e+01
1.531000e+01
1.531000e+01
1.530000e+01
1.530000e+01
1.530000e+01
1.530000e+01
1.530000e+01
1.530000e+01
1.530000e+01
1.545000e+01
1.545000e+01
1.545000e+01
1.545000e+01
1.545000e+01
1.541000e+01
1.541000e+01
1.584000e+01
1.584000e+01
1.584000e+01
1.495000e+01
1.495000e+01
1.537000e+01
1.537000e+01
1.537000e+01
1.537000e+01
1.537000e+01
1.594000e+01
1.594000e+01
1.519000e+01
1.519000e+01
1.522000e+01
1.522000e+01
1.522000e+01
1.598000e+01
1.598000e+01
1.598000e+01
1.598000e+01
1.578000e+01
1.578000e+01
1.578000e+01
1.569000e+01
1.569000e+01
1.576000e+01
1.576000e+01
1.582000e+01
1.582000e+01
1.582000e+01
1.575000e+01
1.575000e+01
1.067000e+01
1.067000e+01
1.067000e+01
1.067000e+01
1.067000e+01
1.080000e+01
1.080000e+01
1.045000e+01
1.045000e+01
1.039000e+01
1.039000e+01
1.039000e+01
1.034000e+01
1.034000e+01
1.032000e+01
1.032000e+01
1.032000e+01
1.032000e+01
1.032000e+01
1.026000e+01
1.026000e+01
1.026000e+01
1.026000e+01
1.032000e+01
1.032000e+01
1.032000e+01
1.075000e+01
1.075000e+01
1.071000e+01
1.071000e+01
1.071000e+01
1.071000e+01
1.071000e+01
1.078000e+01
1.078000e+01
1.083000e+01
1.083000e+01
1.602000e+01
1.602000e+01
1.602000e+01
1.593000e+01
1.593000e+01
1.618000e+01
1.618000e+01
1.402000e+01
1.402000e+01
1.402000e+01
1.277000e+01
1.277000e+01
1.277000e+01
1.305000e+01
1.311000e+01
1.311000e+01
1.311000e+01
1.332000e+01
1.332000e+01
1.332000e+01
1.332000e+01
1.332000e+01
1.332000e+01
1.332000e+01
1.219000e+01
1.219000e+01
1.234000e+01
1.234000e+01
1.250000e+01
1.250000e+01
1.250000e+01
1.279000e+01
1.279000e+01
1.298000e+01
1.298000e+01
1.313000e+01
1.313000e+01
1.313000e+01
1.361000e+01
1.361000e+01
1.381000e+01
1.381000e+01
5.377000e+01
5.377000e+01
5.377000e+01
1.423000e+01
1.423000e+01
1.427000e+01
1.427000e+01
1.449000e+01
1.449000e+01
1.449000e+01
1.481000e+01
1.481000e+01
1.498000e+01
1.498000e+01
1.505000e+01
1.505000e+01
1.505000e+01
1.509000e+01
1.509000e+01
1.507000e+01
1.507000e+01
1.487000e+01
1.487000e+01
1.487000e+01
1.531000e+01
1.531000e+01
1.587000e+01
1.587000e+01
16
16
16
1.601000e+01
1.601000e+01
1.517000e+01
1.517000e+01
1.517000e+01
1.517000e+01
1.517000e+01
1.570000e+01
1.570000e+01
1.585000e+01
1.585000e+01
1.560000e+01
1.560000e+01
1.560000e+01
1.588000e+01
1.588000e+01
1.606000e+01
1.606000e+01
1.615000e+01
1.615000e+01
1.615000e+01
1.619000e+01
1.619000e+01
1.629000e+01
1.629000e+01
1.629000e+01
1.629000e+01
1.629000e+01
1.624000e+01
1.624000e+01
1.632000e+01
1.632000e+01
1.628000e+01
1.628000e+01
1.628000e+01
1.637000e+01
1.637000e+01
1.644000e+01
1.644000e+01
1.398000e+01
1.398000e+01
1.398000e+01
1.690000e+01
1.690000e+01
1.690000e+01
1.690000e+01
1.690000e+01
1.690000e+01
1.690000e+01
1.661000e+01
1.661000e+01
1.699000e+01
1.699000e+01
1.696000e+01
1.696000e+01
1.696000e+01
1.668000e+01
1.668000e+01
1.668000e+01
1.668000e+01
1.659000e+01
1.659000e+01
1.659000e+01
1.678000e+01
1.678000e+01
1.680000e+01
1.680000e+01
1.680000e+01
1.680000e+01
1.680000e+01
1.678000e+01
1.678000e+01
1.680000e+01
1.680000e+01
1.688000e+01
1.688000e+01
1.688000e+01
1.677000e+01
1.677000e+01
1.695000e+01
1.695000e+01
1.684000e+01
1.684000e+01
1.684000e+01
1.677000e+01
1.677000e+01
1.693140e+01
1.693140e+01
1.710000e+01
1.710000e+01
1.710000e+01
1.732000e+01
1.732000e+01
1.732000e+01
1.732000e+01
1.728000e+01
1.728000e+01
1.728000e+01
1.682000e+01
1.682000e+01
1.682000e+01
1.682000e+01
1.682000e+01
1.682000e+01
1.682000e+01
1.689000e+01
1.689000e+01
1.675000e+01
1.675000e+01
1.675000e+01
1.675000e+01
1.675000e+01
1.675000e+01
1.675000e+01
1.689000e+01
1.689000e+01
1.692000e+01
1.692000e+01
1.692000e+01
1.701000e+01
1.701000e+01
1.720000e+01
1.720000e+01
1.705000e+01
1.705000e+01
1.705000e+01
1.692000e+01
1.692000e+01
1.687000e+01
1.687000e+01
1.687000e+01
1.687000e+01
1.687000e+01
1.687000e+01
1.687000e+01
1.727000e+01
1.727000e+01
1.727000e+01
1.727000e+01
1.727000e+01
1.674000e+01
1.674000e+01
1.690000e+01
1.690000e+01
1.703000e+01
1.703000e+01
1.703000e+01
17
17
1.692000e+01
1.692000e+01
1.692000e+01
1.692000e+01
1.692000e+01
1.688000e+01
1.688000e+01
1.690000e+01
1.690000e+01
1.690000e+01
1.690000e+01
1.690000e+01
1.692000e+01
1.692000e+01
1.699000e+01
1.699000e+01
1.699000e+01
1.699000e+01
1.699000e+01
1.691000e+01
1.691000e+01
1.691000e+01
1.691000e+01
1.670000e+01
1.670000e+01
1.670000e+01
1.686000e+01
1.686000e+01
1.693000e+01
1.693000e+01
1.693000e+01
1.693000e+01
1.693000e+01
1.693000e+01
1.693000e+01
1.688000e+01
1.688000e+01
1.679000e+01
1.679000e+01
1.679000e+01
1.675000e+01
1.675000e+01
1.675000e+01
1.675000e+01
1.675000e+01
1.675000e+01
1.675000e+01
1.689000e+01
1.689000e+01
1.666000e+01
1.666000e+01
1.685000e+01
1.685000e+01
1.685000e+01
1.679000e+01
1.679000e+01
1.688000e+01
1.688000e+01
1.688000e+01
1.688000e+01
1.688000e+01
1.703000e+01
1.703000e+01
1.701000e+01
1.701000e+01
1.701000e+01
1.701000e+01
1.701000e+01
1.719000e+01
1.719000e+01
1.722000e+01
1.722000e+01
1.722000e+01
1.722000e+01
1.722000e+01
1.721000e+01
1.721000e+01
1.724000e+01
1.724000e+01
1.724000e+01
1.724000e+01
1.724000e+01
1.737000e+01
1.737000e+01
1.734000e+01
1.734000e+01
1.734000e+01
1.734000e+01
1.734000e+01
1.758000e+01
1.758000e+01
1.758000e+01
1.758000e+01
1.776000e+01
1.776000e+01
1.776000e+01
1.786000e+01
1.786000e+01
1.786000e+01
1.786000e+01
1.786000e+01
1.786000e+01
1.786000e+01
1.786000e+01
1.786000e+01
1.814000e+01
1.814000e+01
1.814000e+01
1.814000e+01
1.814000e+01
1.827000e+01
1.827000e+01
1.827000e+01
1.827000e+01
1.827000e+01
1.827000e+01
1.827000e+01
1.831000e+01
1.831000e+01
1.840000e+01
1.840000e+01
1.838000e+01
1.838000e+01
1.838000e+01
1.832000e+01
1.832000e+01
1.843000e+01
1.843000e+01
1.843000e+01
1.843000e+01
1.843000e+01
1.867000e+01
1.867000e+01
1.862000e+01
1.862000e+01
1.863000e+01
1.863000e+01
1.863000e+01
1.859000e+01
1.859000e+01
1.863000e+01
1.863000e+01
1.863000e+01
1.863000e+01
1.863000e+01
1.879000e+01
1.879000e+01
1.872000e+01
1.872000e+01
1.854000e+01
1.854000e+01
1.854000e+01
1.854000e+01
1.854000e+01
1.854000e+01
1.854000e+01
1.854000e+01
1.854000e+01
1.854000e+01
1.867000e+01
1.867000e+01
1.870000e+01
1.870000e+01
1.870000e+01
1.870000e+01
1.870000e+01
1.870000e+01
1.870000e+01
1.878000e+01
1.878000e+01
1.878000e+01
1.878000e+01
1.878000e+01
1.890000e+01
1.890000e+01
1.886000e+01
1.886000e+01
1.884000e+01
1.884000e+01
1.884000e+01
1.884000e+01
1.884000e+01
1.884000e+01
1.884000e+01
1.884000e+01
1.884000e+01
1.884000e+01
1.673000e+01
1.673000e+01
1.673000e+01
1.673000e+01
1.698000e+01
1.698000e+01
1.698000e+01
1.714000e+01
1.714000e+01
1.637000e+01
1.637000e+01
1.737000e+01
1.737000e+01
1.737000e+01
17
17
17
17
17
17
17
17
17
17
17
17
17
17
17
17
17
17
17
17
17
17
17
17
17
17
17
17
1.715000e+01
1.715000e+01
1.715000e+01
1.715000e+01
1.715000e+01
1.715000e+01
1.715000e+01
1.715000e+01
1.715000e+01
1.661000e+01
1.661000e+01
1.698000e+01
1.698000e+01
1.698000e+01
1.698000e+01
1.698000e+01
1.698000e+01
1.698000e+01
1.698000e+01
1.698000e+01
1.698000e+01
1.698000e+01
1.698000e+01
4.690000e+01
4.690000e+01
6.259000e+01
6.259000e+01
6.259000e+01
3.838000e+01
3.838000e+01
4.667000e+01
4.667000e+01
6.194000e+01
6.194000e+01
6.194000e+01
4.892000e+01
4.892000e+01
4.892000e+01
4.892000e+01
7.864000e+01
7.864000e+01
7.864000e+01
8.086000e+01
8.086000e+01
8.350000e+01
8.350000e+01
8.722000e+01
8.722000e+01
8.722000e+01
8.840000e+01
8.840000e+01
8.972000e+01
8.972000e+01
9.134000e+01
9.134000e+01
9.134000e+01
9.343000e+01
9.343000e+01
7.396000e+01
7.396000e+01
7.396000e+01
7.396000e+01
7.396000e+01
107
107
8.959000e+01
8.959000e+01
6.056000e+01
6.056000e+01
6.056000e+01
1.132600e+02
1.132600e+02
8.696000e+01
8.696000e+01
6.564000e+01
6.564000e+01
6.564000e+01
6.816000e+01
6.816000e+01
1.018700e+02
1.018700e+02
2.577000e+01
2.577000e+01
2.577000e+01
2.292000e+01
2.292000e+01
2.292000e+01
2.292000e+01
2.129000e+01
2.129000e+01
2.129000e+01
2.092000e+01
2.092000e+01
6.223000e+01
6.223000e+01
2.973000e+01
2.973000e+01
2.973000e+01
2.973000e+01
2.973000e+01
2.973000e+01
2.973000e+01
2.973000e+01
2.973000e+01
2.973000e+01
2.003000e+01
2.003000e+01
1.999000e+01
1.999000e+01
1.999000e+01
1.999000e+01
1.999000e+01
1.984000e+01
1.984000e+01
1.982000e+01
1.982000e+01
1.948000e+01
1.948000e+01
1.948000e+01
1.941000e+01
1.941000e+01
1.421000e+01
1.421000e+01
1.930000e+01
1.930000e+01
1.930000e+01
1.934000e+01
1.934000e+01
1.924000e+01
1.924000e+01
1.924000e+01
